ExtinctionRateChangeTimes
18.28477	8.513837
19.17467
13.85846	23.52376
12.97408
3.606577	23.45781
13.41658
3.06075
6.869359


1.844797	19.74812	23.22453
17.6434	21.48238

13.85424	7.748716	3.540151
3.685222
22.66005	4.366448	6.19713

10.67023	17.58295	11.39482



6.312079

21.13499	16.76027

7.149163	24.50056
17.36336	3.94598	14.19502	2.884817
19.81556	10.97275

20.49011	7.021566
15.46004	8.754518	11.92213	15.82897

14.11899	16.6423
5.492343	24.40142	4.155558
19.83379
19.99802	3.346246
6.388283	17.34268	3.530833	2.38778
12.68094	2.206576
24.69535	4.155672	24.33075	7.575834	6.31287	7.872728
16.07821
16.47645
0.7908544
8.830229	21.89906	22.56254
6.691346	22.28607	7.351946
5.446928	1.199978
12.51005	12.62671	8.222974	6.818728
7.343313	4.66645
6.888898	19.5263	3.882427	4.462487	16.38582
5.02841	1.785871
5.850541	22.07615	1.176417
20.12175	0.3731581
10.43342	19.11542	21.0787
1.676218
21.1002	14.13235
11.16416	4.617744	23.30623

8.617496	12.76921	23.44051	24.82967	8.624757

12.27098	14.85026

20.95884	17.95442	19.03777
19.93297	10.61473	15.63562	18.30504

10.20067	18.36063	4.976277
10.91167	5.167406	14.5169
9.984693
21.09918
10.46372	23.87075	22.80685	12.42366
6.288582	9.202819
18.3642
11.29969
24.58591	19.16291
18.90382	3.267131	21.31337	17.55697
13.15377	10.71969
0.5168462
3.214915	22.15541
4.059788	5.735849
23.54921

3.113584	3.790887	2.09159	2.044805	12.96765
9.492881	9.203455
19.33482	12.74665
17.62661
1.714016	1.878713
22.10912	24.34619	14.57898	9.339103
12.62359	12.1786
1.05855
6.628877
6.017037	23.6076	2.18443
18.09935
23.62512	5.736135

2.157051	4.918847
4.037956	15.10517
7.112636	18.00629	12.20022
12.80217
13.78887	11.27843
10.00324
13.76792	6.220696	17.23886
18.26191
10.84887	11.23961
23.99662	6.413984
21.80941
11.05149	7.276923	0.753622
22.74368	24.33037
2.237905	19.27114	6.881783	6.379147	9.964662
16.79429	11.46234	24.45781	20.12683
18.56219	17.76201	8.234023
6.994089	19.72266	18.49301	4.888293
0.09637598	18.64044

6.792262	7.260288	6.611818

17.18801	19.84693	11.99147	11.59242	16.40219
1.128672
14.85133	13.07752	2.649384
14.62742	3.002896
18.1186
10.59387	5.455441	8.883335
18.59708
9.065215
20.86444
19.76003	3.308745
22.12135	1.463292	20.40902

12.6871	19.76001

19.99854	21.30837
2.777218	3.149641	10.07844	4.097974
6.672062

22.77868	23.66711
11.6033
7.338448	7.244868	20.02763
18.24688	16.93379

22.54726	14.61466
8.768742	16.84004	23.89844	16.84342
13.43788	17.10962	3.202816	23.99856	23.86174
2.309107	3.229454	17.07344
9.556701	5.984041	2.501711
21.53164	13.017
16.25134	6.815391
15.23627
4.393189	21.7401
3.887294	2.323104
23.0871	24.45978	23.80367
8.324766
15.62827	20.30704
23.4946
17.53408
6.027041

7.034969	0.4520489	0.1287247	18.26618	16.01415	1.454896
16.65336	7.425896	5.099956
20.8937	12.44135
13.56298	7.078359
19.94808
5.906197
13.02196	10.60975
12.87391	7.485121
17.74184	17.85957	18.14215	2.950369	10.05565
18.73032	8.764187	16.68845	15.58159
23.95393	22.96347	12.38178
5.566813	16.59308	11.30137	17.25326	19.9781
12.29508
13.07649	11.67078
24.42396	0.2576452
15.71336	8.667557	7.82556	6.492008
21.34058	6.386009
21.10529

7.579388
7.152872
16.84904	12.94241

4.518373	5.864532	0.351524	0.3250849
20.75718

15.78352	20.37974
1.411792	15.0919
3.623953	21.7374
18.99814	17.91106
6.949336	17.89445
2.998784	11.40462	3.601185	3.003502
14.17589	4.190815
17.72157	11.831
22.99481
24.55451	4.539249	15.68619	17.78653
17.08645

4.036388	1.627743	19.43076	18.33906	6.929749
7.131538
0.4080137	6.233266	13.27139	21.99166

19.02303	9.92066
8.122597	19.79158	7.586234
8.003521
0.122779	18.12811	7.474434
4.757909	9.439381	9.637816
6.534826	20.06341
17.72677	21.28619
8.743455	5.50673	2.385631	2.164247
19.09738	12.89438	11.65549
3.570448	10.60946	15.43545
18.24692
10.26492
11.82566
15.45387
9.33898
1.702201	17.39313
6.563994	4.24372	22.61206
17.8726	7.150692	9.704113
24.51065	0.2837017	9.639049	17.70994	17.97405	9.600694	21.27094	16.20417

2.237516	18.91376	14.98747	10.49545
13.16737	14.97335

18.18857
0.6171179	18.26392	19.65716	21.1736
7.611886
4.523634	18.26359


10.5707
10.72658	11.06293
4.766461
12.76265
22.42002	0.9613616
19.49726	9.393944	19.45983
16.10602	10.41813
12.15091	9.338403
18.22891
10.64176	12.6159
12.371
14.72806	17.07084
17.74012	24.7541
20.14409	20.22551	23.69785	22.80004
9.473111	7.456423
19.54906
10.98776	24.97178
9.013994

7.825571	2.417596
4.577592
12.49761	14.41023	17.92027	9.745629
12.10307	0.5427106	6.543215
14.4335	13.34934	19.98625
9.752195	22.28184	5.470882

15.67578
14.49229
17.58461	3.556669	8.293143
11.92028	19.49025
22.19088	0.3866837
23.78754	9.00324	14.32548
3.148567	7.683974

3.620232	24.18875
23.86771
0.9175638	16.18647	15.02424
20.67336

0.6510056	20.15585	18.26912	7.996626
5.793161	17.12761	19.64758	14.20814
7.741791	1.69703	22.169
5.187881
13.85933
18.73574	20.20159
20.72496
21.83559	3.642733	23.58809

11.89966
18.08464
6.908233	3.017114	14.8222
21.3212	18.42887
1.317302
19.89293	1.946957	9.577027	6.387563	17.3952
8.670063	6.190204
12.60182	6.32369
2.730065	12.36122	11.6079
21.71476	23.72842

17.25467
6.130551	22.5476
14.07658	17.00536	12.26115
17.93395	3.67655	17.65447
24.85813	21.46648	19.33818
13.49144	8.812361
20.07571	23.33531	22.02745
16.42773
5.796528	1.688507	18.2746

22.03921

1.962055	8.427469	16.16278


12.89792	22.17216
12.71011
7.793144	7.710262	18.14881	15.69248
11.56189	20.56587
13.33752	8.352514	0.8108978
8.455761
7.959787
4.435315	21.1851
18.56322	12.99529	24.71843
14.93254	7.266284	19.09837
14.75378

12.08002	13.29519	6.578313	11.86749
14.13582	8.149173
17.24379
13.47463	13.61206	23.30481	14.9075
7.924703
8.677687	20.27375	2.633792	10.62314	0.5938279
14.09343	2.205485	3.119825
1.872425	24.25114

6.099817	16.78162	14.46404	24.69849
7.170926	23.4169	21.76344
16.21142	0.2689188
20.58416	14.34689
1.784437	7.43217
12.09874
10.86061	11.467
13.45201	19.62993
11.48941	6.26114
4.736045
24.4406
18.03094	4.566706
7.637302
16.08481	14.89685
10.53292	13.05142	3.332958
2.355588
1.545551	13.76415	13.60321

17.88198	20.94758	5.673485
2.728152

17.49028

16.5039
17.95625	6.833196	15.55228
14.86735
20.49065	18.40427	0.4532141
8.544352	12.56789	16.45013	8.83222
11.15233	8.79394
22.15475
1.339175	0.02639401
0.9001497	10.0609	5.403835	21.00727	24.15942	0.5233487
24.30554	11.55699	15.12271	1.348449
19.91806
24.00597	12.27607
12.47711

18.36846	1.64887	12.52694
14.76306	2.723733


13.02443
1.562646
17.82636	8.589353
23.10152	10.72341	14.06806
12.24251	1.764927

22.25487	10.39835	21.82538
21.48141	12.32526	10.19502

16.03402	5.651726	21.81425	20.87418
9.273173	4.327244	5.024597	0.7057161
15.45624
20.08576
23.40628	6.080871	2.745678
3.074352	7.024221
11.14468	10.68874
9.459038	7.945629
9.792071	21.05604	23.04013
22.39901	17.17253	16.57623

21.48502	15.17269	18.79988
0.8347198	23.88578	1.584579
19.08003	9.22475

22.47991
21.01012	9.220937	1.621832
11.59053	13.69493	23.33118
2.11797	3.153283
4.814284	1.06055	13.07475	7.5062
23.81323	11.68611
15.446	22.99595	17.43759

18.36189
0.844684	4.872876
23.41583
19.47567	24.36232
19.95857
4.214909	24.5479	22.19582
3.088461

4.36986	0.2194595	9.775841	23.31598
22.26042	4.15428	21.80257	7.649936
4.62186	3.627904
0.1773854	6.360528	16.87509	3.639043
12.26368	22.57695
19.63874	15.09327	3.304871	14.19224	24.49271
22.06718	20.35126
19.75337	14.76108
22.796
4.568466	0.6061529	3.555152	1.811356	24.66563
15.70306	19.79666
6.248124
22.33009	2.193258	8.740502	15.1541	8.10401
18.4236	15.25272	7.324133
7.258166
9.899282	21.77729
15.28717
0.5828713	21.08801
0.01395155
7.11295	17.20615
19.67541
15.37648	1.110532	2.431929	4.493468

24.68207
4.722919

8.253073	15.5754
19.9775
0.9607996	7.141594	6.619662	11.40749	13.41137	11.00802	18.64653	9.678063	11.31703
9.197465
10.24265
7.088343	6.986998
13.79608	23.31782
1.487455	16.25831	23.51249	8.618652	5.119904

22.74089
11.64254

6.582305	0.3819655	23.95677
23.3957
23.72624	8.577367	2.463815
22.13208	1.803726	22.32256	0.8961087	23.48175

22.55597
15.27554	8.044079
5.652346
3.834591	16.21853	15.0726
3.593865	16.37784	8.293092	19.48103	20.71501
9.347451	24.70817	24.55095
15.77997	0.3568538	2.102584	24.31653	7.300229	9.433902

3.658007	12.66445
2.127536	0.4153173
24.60377	7.936187
18.02566	12.83587	21.87241


23.30073	19.04115	4.732388
14.965	8.972561	4.418859
12.07614	14.24784	20.39578	13.5127
11.41538	16.71872	21.31138
16.01131
16.15692	23.14021	6.088917	23.76568
1.524427	13.17045
7.915657	2.229862
3.915969	13.85975

15.1628	4.70126	12.36483
15.95285
12.01345	22.53619

8.596253	6.311531	11.31808	22.92118

6.110403	7.195052

14.60649	18.93328	24.28068
16.22188	17.5816
23.47026
23.84271
8.872833	23.00788	2.481954	3.689435
10.31024	7.540714	16.65579	20.35125	11.52264

21.07298	14.66983	6.649677	21.05898	20.8732	15.97822
7.003528	2.905959
20.47279	9.627543
15.09947	21.84161
10.65525	13.51018	23.83338	11.18713
7.193753	19.81136
15.50941	14.33384	7.284365
21.84104	8.230216
4.479078	7.65341
13.15856
17.4591	9.211264
1.984414	20.95498	18.98328

2.075217	17.70623
15.29767	10.4112	9.448835

14.94976


0.9241385	15.39031
15.23043	24.46603
3.676179	2.616821	19.79431	3.698705
4.974754	17.91758
15.11972
12.28695	21.58408
1.893166	11.41543	19.58867	22.39394
15.38683
15.47871	8.301355
16.37877

1.221512
6.221709	4.942476	20.33127
4.525368	1.295474	20.32251	0.6532632
4.959406	19.77686	20.88155
22.20529	4.73366	2.243829
5.353889	3.199374	4.100569	17.17044

11.10272	16.30671	18.08183	17.21986	9.974242
9.34547	7.119373
12.57058
21.2739	13.95342
2.645053	3.795599

1.777734	12.53665	0.1541726
23.88146	1.840489
4.507497
6.256852	24.607
8.237736
13.64885	10.11613
13.6961	5.351835	24.79663	23.95503	5.139545

9.871831	1.646523	14.20283
23.79502
8.574878	20.99605	5.803006
19.8162
8.567689	7.416208
0.04902507
3.986957	20.63807
6.313794
7.867977	8.136799
11.21756	18.97884
3.374355
9.120756	10.18213	19.73734	21.75322	20.42729

17.33852	0.5478954	18.50915
7.880091	17.2765	15.00869
4.726898

19.78164	6.539297	8.827031
17.45332	16.33066
21.09978
1.880866	15.92499	18.28981	21.74841
0.4861112	20.38	21.09104

2.265875
3.884913	8.643798
6.497206	23.65974	12.2681
22.06051
21.11645	10.4259
5.503965	3.128468
0.7349539	12.40506	24.51449
22.43693
14.83486
4.690581	16.82135	8.7653	0.9929718
21.98685	14.51308	22.77355
19.03622	7.708486	0.9557239	7.765217
14.34512	2.693617	2.892439	12.14056
19.70994	23.20242
9.489958	21.88579
9.275532	2.28881
12.47449
12.96974	0.01669927	23.49746
6.671992
16.46248
7.525902
24.85958	5.36486	2.158394
12.34888	15.99593	19.2753	3.873499
7.934817
19.494	7.12687

1.633109	10.61663
23.06058	15.12227	19.91809
24.8319
9.027412	13.95313
7.458168
25.01821
12.76121
9.61169	8.529988	24.12108	24.59516
8.468575	3.143016	6.944219	16.61476	7.864519
10.70984	6.806517	3.358086	9.93743
18.18272	22.37098	18.82077
22.75102
2.347332	12.62097
7.693694	7.692245	5.991268
7.257245
19.01988	12.6264	23.67952
9.792536	8.473777
24.00396
15.1302
24.93002
9.614526	7.159127	3.372519	24.33992
18.62676	10.61178
21.63255
6.414582	12.9189	9.020172


7.407753
16.00643	13.06739	21.52085	24.27518	9.066406	10.77126	20.2252	21.70479
13.80013
20.48712	6.906896	4.040814	20.90059	9.896324
2.899833	16.48504
1.821159	24.49514
16.58112	9.329796


4.122097	1.041075	24.53632
9.330835
1.412689
10.07192	15.30783	21.50508	23.86038	19.63826
1.620598	20.92608
14.53452	1.733992	0.8875419	11.77144
16.26786	4.260303	23.27081


6.615103	15.52784
16.11758	7.52731	22.84437	24.58808
15.65381	22.54254

8.069512
14.20691	14.27757	11.61737
12.20045	24.14538	22.75253

5.418388	16.76227
10.64839	7.927624	1.053394
1.946555	1.350655	19.32366	21.93118	21.85288
0.3151258	6.862713	11.95907
19.30772

15.2567
9.518363	0.06040599
19.11804	9.492866	3.089905	15.42558
0.5321971	24.88742	6.141106
24.83781
9.144442	20.82896	8.029929
16.37	3.535882

22.17097
3.960725	2.172422	19.03781
13.70388
8.9974	0.09449863
16.15077	10.17124
16.95544	8.736407	16.63717
7.06316	13.14424	10.08106	11.24209	8.943919
19.4684	5.253208
15.30019	17.90182
1.921088	15.78552
0.2478456

16.6287	5.023773
7.558301	2.033916	15.19541
17.63096
1.315222	23.85012	5.319832	12.57385
1.681888	13.70504	7.752967	19.99793
7.121967	21.49978	19.51803
10.91951
11.20018
5.471451	20.90226	19.24401
14.41439
15.3038	8.246951	2.790856	0.5330281
4.49836	4.383699
16.56557	1.47011
12.17298
16.23097	9.606936	14.58049
8.373014	5.197799
18.4736
24.80745
21.70183	5.069851	6.593021
9.122629	14.51044	6.481662
1.905271
1.57562	0.367258	6.678508
21.58711	5.843119	12.22729	12.28249

5.239404
9.893961
12.5535	11.60007
9.642626	8.215289	6.067445
14.76609	0.1174402
4.897095	2.749514

16.45789	6.699149	23.15918
4.459859	5.695697
9.059114

17.14085	2.57793
7.031243
3.291425
15.15872
15.33264	14.09284
16.84968	8.071139
11.90959	19.62911	8.298825	18.08738
1.480194	9.172985	20.8742
17.74947	1.730197
0.2318879

4.884203	0.5690155	6.322165
10.43795	2.589118
23.03742	6.746245
21.50613
10.94886
16.69282
19.03459	4.347353

5.48531	16.19268
4.904193	24.41513
18.08441	7.709774	17.58271	21.72358	16.08992

8.649222	18.13031	12.75041
6.280348	4.971827
17.77489
14.90875	12.38777
18.67541

17.53803	7.138808
16.23406	17.13007	1.22747	11.73169
24.69877
11.91453	6.953258	10.57033	21.83086

18.14311	9.967798
24.59881	5.399538
24.64605
24.04687	4.197572	8.587253	6.264793
16.68404	7.875376	22.95716
14.03917	16.29061	19.8479	16.17729
10.39083
20.63322

16.70049	7.844953	4.356245
20.01072	17.80125
17.72673
5.777276	2.591272	0.9779419	22.73863
6.59848
24.43218	23.30498	22.65015
12.54913	21.73125
6.601118	2.150928	10.31058
10.69725	7.531443	14.44014
20.10477	12.37478
6.720939
0.1153341	12.80229	9.392182
17.87759	7.621114	19.05128	3.271643	12.017
15.33457	15.88871	6.728998
0.2978054	21.54588
22.56523
18.41566	2.141047	13.39597
20.39603	16.53312	16.266
16.08143	5.016176	10.95388
21.64197	19.69723	3.06409
11.25631
17.99956
