ExtinctionRates
0.01133836	0.02204166	0.006602281
0.05984948	0.01882698
0.007375579	0.02815501	0.001676105
0.008773512	0.002722856
0.005452624	0.0004038684	0.004377234
0.0838059	0.008838664
0.07470018	0.002269896
0.01145281	0.004500159
0.01658036
0.01935069
0.01340373	0.07674395	0.03534339	0.003068702
0.06395898	0.005889991	0.01253276
0.006208744
0.01986407	0.01358359	0.001768034	0.01508347
0.00103342	0.009447559
0.009815666	0.001077966	0.01436684	0.01039857
0.005354914
0.005923608	0.02297373	0.00424117	0.0009602568
0.0007007186
0.0467323
0.04059965
0.001101941	0.0005288229
0.008029809
0.02197123	0.01187889	0.03814006
0.008382218
0.02928794	0.01028749	0.001020572
0.00274062	0.002901854	0.02797969	0.03135163	0.02713818
0.001659679	0.006056509	0.002270859
0.004988407
0.002057803	0.001500532	0.05752773
0.006892795	0.05298645	0.0009373035	0.07080079	0.002285037
0.005830151
0.006470965	0.01472055	0.02085034
0.01853738	0.003534274	0.004314482	0.004066129
0.002927841	0.006497068
0.02919073	0.0100088	0.008358928
0.01244378	0.006818231	0.0008228614	0.002760284	0.02933701
0.003019262	0.01415147	0.008577994
0.02440618	0.007248105	0.0008488717	0.007986659	0.002310541	0.00383607	0.009314448
0.04619323	0.007002908
0.002201164	0.0003881669
0.03154576	0.002585453
0.02618164	0.006638396	0.02724509	0.01452947
0.001780869	0.0006228733	0.03826754	0.004075452
0.003047141	0.01672668	0.005763667
0.01570779	0.004499637	0.009591587	0.02126939	0.02196781
0.002468853	0.0008580073	0.001574227
0.02424991	0.2309479	0.003396839	0.01795162	0.05098037	0.1396431
0.05778187	0.03504055	0.0007742905
0.003384565	0.001447651	0.00431525	0.001988599
0.03506174	0.008675587	0.05115146
0.004043867	0.1862189	0.02886953	0.004977608
0.03724477	0.006371205
0.02420908	0.008280696	0.09807276
0.001786154	0.008651154	0.046552	0.001551005
0.005559394
0.003467539	0.000554378	0.001677548	0.05317967	0.004658235	0.06217795
0.003854288
0.003184491	0.004840815	0.006680203
0.01044634
0.0001188914	0.0024729	0.0092437	0.006411913
0.00265373	0.001261268	0.001684267	0.005311248	0.03177472
0.005936636
0.003460719	0.0007741657	0.003665079	0.003313152
0.01447109	0.01876329	0.02237456	0.008780668
0.008778894	0.0004442341
0.01078396	0.001952437
0.02436088	0.02272741	0.01217351	0.03116781	0.004835328
0.008924287	0.01547357	0.01438468
0.09784961	0.07117119
0.001675158	0.02552556
0.01998491	0.004129444	0.005068236
0.06642937	0.005339432	0.008873557	0.01895476	0.02879953
0.001053394	0.01933718	0.04060464
0.06313738	0.02622553
0.01460241	0.04322142	0.004057018
0.02331296	0.001328441	0.008434369
0.01029555	0.008039333
0.005411733
0.02566189	0.001044957	0.005389863	0.001816638	0.09881231	0.02418951
0.01728394	0.002120375	0.0361652
0.06181014	0.004765354	0.05757998
0.04301906	0.019841
0.0006797417	0.001509201	0.005445374
0.000742635	0.008072867	0.00832331	0.08012959	0.002159782
0.01072136	0.01959837	0.00474694
0.004746253	0.005139601
0.01829115	0.003263312
0.007850569	0.0001555524	0.009289051	0.02166423
0.008964635	0.002883042
0.007327152	0.01064164	0.0008517566
0.0099213
0.05728639	0.001785935	0.08673595
0.02381747	0.01328288	0.01092838
0.01482442	0.001229276	0.00456139	0.05500185
0.005269346	0.004192575
0.01596484	0.00150491	0.008715573
0.01664283	0.01957671
0.02393793	0.01488339	0.00212167	0.001891009
0.02046479	0.002111481
0.03705301	0.02445282	0.001466765
0.01405428	0.002020051	0.006860084
0.001644924	0.003943605
0.04543377	0.005282162	0.1876892	0.01428791
0.008014369	0.02100598	0.01284445
0.02777022	0.01648099	0.007064667	0.01431777	0.008764578	0.02552915
0.05391097	0.001630273	0.008980202	0.0004559987	0.002715071
0.0215114	0.00203449	0.02329426	0.01931087
0.03404755	0.05934503	0.01488383	0.01134307	0.002252857
0.02328796	0.06922095	0.01229019
0.005717904
0.008240129	0.003942349	0.004466049	0.0008406812
0.02281623
0.002302792	0.01072566	0.02150393	0.002884303	0.2434919	0.01093986
0.006879242	0.03461575
0.01895389	0.003824267	0.0007210959	0.00258584
0.003643458	0.004918958	0.001094201
0.00151662	0.01308492
0.0250788	0.01801754	0.01465893	0.002118119
0.04085161	0.003737903
0.009756974	0.0003371113
0.02342783	0.003863026
0.07212219	0.005435031	0.006838375
0.005038702	0.006216882	0.001254889	0.002037656
0.01880589
0.002556937	0.01346462	0.01948818
0.01654169
0.03815749	0.01730862	0.01308944
0.06034677	0.1240038	0.001948092	0.007132437	0.005888897
0.001911435	0.003676489
0.004821021
0.006043899	0.008134849	0.0120132
0.004455843	0.008096672
0.001533538	0.0456596	0.0380767	0.009484599
0.01084112	0.009609774	0.05902008
0.008105149
0.02475486	0.002570153	0.004719413
0.02088799	0.001056644	0.01584078	0.02333209	0.0215802
0.03977167	0.06174083	0.004366565	0.006264822	0.002118967	0.001842481
0.004741504	0.01360088	0.003669411	0.002275426
0.006305963	0.02081177	0.01238328	0.02195811
0.003424523	0.005366216	0.08873689
0.003659426	0.001725979	0.01174424
0.06059878	0.005253584
0.003180087	0.01842586	0.001500633
0.008018217	0.005102772	0.009915152
0.01709992	0.00078691	0.007485599	0.009835709
0.009506655	0.006808611
0.02877201	0.01699013	0.00122328
0.02212667	0.01854531
0.03631642	0.02453079
0.008232877	0.002364093
0.03699169
0.004048002	0.003565215	0.01395319	0.003357875	0.002208348	0.002644793	0.009219174
0.000432591	0.01331115	0.09748125	0.04633766
0.01680688	0.000678868	0.0389328
0.02079896	0.002703262	0.01024504
0.1073584	0.008865911
0.009518208	0.01984111
0.008817522	0.03906772	0.01081776
0.008041441	0.004115489	0.009892807
0.03782169	0.07922811	0.03397768	0.000557249	0.05712839	0.001684048
0.009115185	0.01219927	0.003084803	0.01547169	0.001062864
0.01359539	0.006095219	0.001653077	0.009575188
0.00686796	0.001594318	0.01966324	0.001975731	0.002085398	0.006224501
0.02229001	0.01076051
0.009896362	0.03874046	0.002008476
0.005842963	0.005048882	0.0005087777
0.04206387	0.008854833	0.06864662	0.004839155	0.0005026019
0.0008576176	0.0005602339	0.03843909
0.01193367	0.002546269
0.03498334
0.008326226	0.002356494
0.01614714	0.007123915
0.01414861	0.0003065231	0.0009382699
0.008709585
0.2482468	0.01019985	0.0650759	0.0004623279	0.003305601
0.006506053	0.03086163
0.001056938
0.01987793	0.01851031	0.004866216
0.003720334	0.01727264	0.007212965
0.001001685	0.007309173	0.003301164
0.0268999	0.004763569	0.02756927
0.01452344	0.04594556	0.005691918
0.002191448	0.01097169	0.007832764	0.08798572	0.01060756
0.0262404	0.01217765	0.01745778
0.003709665	0.02550694	0.1761599
0.07972354	0.009544775
0.005239812	0.07194867	0.001633424	0.02132434	0.001172116
0.004417746	0.01627187
0.01044593
0.007306281	0.001203876	0.01218723	0.008617274	0.002698645	0.0128126
0.01757229	0.001489908
0.003238357	0.01216185	0.001474648	0.007809577	0.009375795
0.0006049593
0.03254897	0.0077073	0.1644797
0.00187194	0.004096278	0.005842113	0.06698534
0.01122352	0.001953624
0.001538814	0.006008008	0.00254294	0.004650216
0.03286782	0.01303764	0.004007195	0.001252814
0.008449928	0.01072225	0.0008491482
0.02854447	0.006013492	0.0006847269
0.001301663	0.0004075484	0.09460627	0.0004814247	0.01012634
0.03392282	0.01451524	0.138087	0.01756422
0.01386063	0.003798522	0.003690617	0.01061291
0.0587038	0.0005817204
0.01457579	0.00864698
0.004624552	0.004340213
0.005021422	0.005869527
0.002067773	0.007290157
0.01300144	0.0348835	0.001961343
0.0302256	0.0677119	0.009430379	0.005662503
0.005161771	0.00161019	0.01753786	0.0362213
0.001348389	0.009675241	0.00629749	0.1042619	0.03129582	0.005755539	0.01603974	0.006958498	0.00187585
0.002235735
0.001011253	0.01312059	0.01788032	0.3553422	0.001950963
0.02595846	0.008595064	0.009993206
0.004816181
0.02253623	0.001835531
0.006379079	0.04058886	0.01009297	0.0145669	0.003579032
0.004902462	0.01751649
0.001802199	0.0103666	0.001079046
0.002706645
0.007518231
0.02561373	0.01703993
0.002730657	0.02036204	0.02277263
0.0002986424	0.00259514
0.1593868	0.055753
0.01053899	0.001035734	0.004837271
0.01691015	0.007819281	0.0101401	0.02105691
0.03161046	0.001176496	0.01305118
0.008677053	0.006371155	0.06713875
0.008737098	0.01695336
0.007087567	0.0006929244	0.01029998
0.01848929	0.006103973
0.005820195	0.000959662	0.009831684
0.02031693	0.01461025	0.002580794
0.1056374	0.01291049	0.03249622	0.06672647	0.01137198
0.001597663	0.00537252	0.2617272
0.008677397	0.002688202
0.003247769	0.005420936	0.004485795
0.08991954	0.002759654
0.002781014
0.02110434	0.003306034	0.001743495
0.004520116	0.001473804
0.001061104	0.01207237	0.5796509	0.004271143	0.0022735
0.06866843	0.00111555	0.006729169	0.004567696
0.01399102	0.006822774	0.02284779	0.004715284
0.02987182	0.01726609	0.03007345	0.006011289
0.01849833
0.00666325	0.002474107
0.01210272	0.0004716806
0.008190224	0.006237939	0.002140401	0.08008583
0.06342028	0.1076793	0.001437683
0.001264399	0.01577633	0.002557751
0.08983372	0.02776563	0.03207748	0.004280581
0.001556924	0.009666283	0.004785505
0.00417637
0.008119212	0.007056962	0.01417384
0.001263596	0.01399582
0.02355022	0.00526656	0.002901603	0.009072909
0.00178229	0.0007560419
0.02603902
0.01389795	0.00641388	0.02973443	0.001211178	0.01174323
0.01153244	0.04970509	0.001867078	0.01246481	0.01947328
0.007796714	0.002086802	0.001108392	0.01927324
0.01125548	0.02397021
0.00169991	0.00691665
0.008937476	0.01221195	0.007202979
0.08065438	0.01220783
0.02060781	0.04815639	0.002937301	0.006115659
0.01605875
0.001963435	0.006708627
0.002333161	0.001341162
0.04696889	0.01266425	0.002083635	0.003995329
0.005126177	0.002237873	0.002138138
0.05508224	0.02877494
0.02749385	0.0005415722	0.0307688	0.004205305	0.007139815	0.02028836
0.003621444	0.006328825	0.00195042
0.1090726	0.01914222	0.05437261
0.007834168	0.0154615	0.004261954	0.009756663
0.008229101	0.0221986	0.01211167
0.004275634
0.001629659	0.002661909
0.004336076	0.001812958	0.005116388
0.001664323	0.006869772	0.04842137	0.003851439
0.0118004	0.03234595	0.003647822	0.03031677
0.02560532	0.2390161	0.002919108	0.01223219
0.01729965	0.003672146	0.001950181
0.004742248	0.005852123	0.004940056	0.02379134
0.03212623	0.00269315
0.001359122	0.003269269	0.02320712	0.004874453
0.00343064
0.005651451	0.0009177409
0.003096226
0.1290281	0.001926546	0.02638231	0.0115694
0.01427242
0.008524936
0.0549658	0.001344729	0.01773258
0.05822655	0.00302433
0.00804588	0.005565813	0.009704513	0.007133014	0.01341251
0.02623659	0.01513276	0.001471625
0.002985732	0.02181365	0.1252343	0.001279789
0.008212539	0.03061895
0.002588493	0.004410216
0.00599638	0.01783205	0.0005546906
0.02967231	0.002373656	0.01679579	0.01505183
0.009814242	0.01075942	0.05609447	0.007223105
0.002955661	0.01088935
0.0008341481
0.0009796034	0.005786759	0.005712591	0.03731731	0.1102416
0.02098549	0.004983032	0.002716133
0.2257847	0.0008699084
0.02975799	0.002022519	0.01472232	0.001563481	0.04014169
0.02186202	0.004596652
0.02240636	0.007900102	0.01570066	0.189385	0.04943368	0.002746478
0.01490514	0.01381404	0.001014297	0.0037705
0.1049938	0.005358752	0.03476002
0.02169483
0.006233889	0.01342955	0.01253133	0.006508137	0.09459714
0.006244438	0.006749663	0.01628986	0.02263825
0.00168594	0.02332373	0.003862798
0.00511946	0.0135634	0.00165823
0.07848761	0.004804233	0.004026826
0.01716578	0.018865
0.03332675	0.008937995	0.003491897
0.005438395	0.03802317	0.01254815
0.01057023	0.02194995	0.02890247
0.04545865	0.02180437
0.002213419	0.009621257
0.009491182	0.001605338	0.05423833
0.05796258	0.003131944
0.04472035	0.01421173	0.02315571
0.001776674	0.008132856	0.001554162	0.04389497
0.01821687	0.0251379
0.03277394	0.001355793	0.00319699	0.005007518
0.005362373
0.02224793	0.005720785	0.001179838	0.0335228
0.001847024	0.01116502
0.002428668
0.01237937	0.02138523
0.001259267
0.008943198	0.003051321
0.003815475	0.005146675	0.008793248	0.008435692
0.01431109	0.00236574
0.003999735	0.00208202	0.006759813	0.00838287
0.001831683	0.01769844	0.002021946	0.003592893	0.008559574
0.02155794	0.03806138	0.02121193
0.001457012	0.004554058
0.0009273405	0.01117876	0.01130576
0.03621902	0.01366178	0.02012377	0.09259798	0.0181604	0.2621468	0.002101552
0.004961855	0.01125276	0.01314697	0.01388535	0.01519916
0.06100611	0.008152803
0.005249977	0.001946272	0.008310871
0.01888378	0.002048258
0.00788179
0.006249666	0.01246818	0.01141716	0.01404918
0.01835907	0.003093655	0.04236405
0.002036068
0.01208816
0.0008495082	0.002609868
0.004697035	0.01478499
0.005195023	0.003272775	0.002327699
0.009150836	0.004027442	0.005706556	0.006055469
0.003848116	0.006157005	0.05416047
0.01963971
0.01624803	0.00691146	0.02175361	0.01368385
0.0007341023	0.006025684	0.1813532	0.04202153
0.00460568
0.005477479	0.04794591	0.02947017	0.01214057	0.1205174
0.01879428	0.001768393	0.06825683	0.0108505	0.001780416
0.006103558	0.01467338
0.00726455	0.00734959
0.1120883	0.00113436	0.01619104	0.00317255
0.05243838	0.0005635109	0.04787296
0.03049792	0.002267672	0.004366199
0.007345165	0.0004573603	0.02033117
0.008153475	0.002864958	0.03079643	0.03810598
0.002399857	0.009406721	0.00433873	0.001560926
0.01712012
0.08567108	0.005638002	0.03461364	0.02339616
0.05854486	0.001923457	0.04788823	0.001382541
0.001963934	0.01963162	0.05406628
0.005661698
0.03595271	0.001257425
0.002279968	0.02037147	0.00734221	0.04052984
0.01513385	0.00335372	0.02412421	0.01210057
0.05243125	0.09125002	0.01723451
0.002763688	0.001147482	0.01571916	0.0006488279	0.008586398
0.05197679	0.006903154	0.003224781
0.07143624	0.1290796	0.0392301	0.02128941
0.003826949
0.002251711	0.009619758
0.05273898	0.001938855	0.02711893
0.003549405	0.02863578
0.09037125	0.003617503	0.01154135
0.01069005	0.00693047
0.01858479	0.02869219	0.0587546	0.001675003
0.03105031	0.009933652
0.001689086
0.003302229	0.001713171	0.01588408	0.002109994	0.003233311
0.0007048069	0.00295099	0.01236782	0.004961299	0.01946528
0.002724021	0.07177927	0.00874847
0.01106675	0.02178957	0.0126018	0.00577458	0.01535567
0.01638766	0.008793347	0.03309313
0.0248853	0.008984994	0.01431974	0.06083019	0.01940368	0.05057168
0.004931063	0.01029791	0.02502329
0.0004381703	0.005003433	0.05323287
0.001112946	0.001692702
0.03197448	0.0159133	0.007370328	0.5483568	0.00489103	0.004037698
0.01422911	0.003316581	0.007247767
0.02337208	0.01109634
0.000671844	0.002641725	0.05620202	0.007128054	0.004698152	0.030812
0.006980356	0.004911805	0.001828585	0.03185813
0.05543637	0.008157263
0.009960707	0.007914202	0.01070493
0.001887204	0.03055521
0.00929982	0.01446689	0.004620933
0.001543291	0.006643653
0.05160605	0.003606624	0.005920396
0.002577082	0.003225145
0.04828754	0.003118165	0.01158578	0.1375864	0.003373359
0.0009143382
0.1266737	0.01002229
0.004364238	0.00141596
0.006372484
0.0195255	0.003361992	0.01241952
0.01498964	0.03029575
0.009244719	0.001226895	0.04891393	0.004721079	0.005314201	0.005353479	0.008496893	0.001608171	0.002151457	0.01823689
0.009996146	0.008184249
0.002422262	0.001108115
0.03476811	0.01439109	0.007526113
0.0613048	0.009317154	0.2969379
0.01400719	0.00164931	0.05087118	0.003147513	0.003281744	0.006014407
0.00307387
0.00752661	0.02415573
0.009322381	0.003432271
0.001283461
0.02339037	0.03523545	0.01507368	0.002396328
0.008598325	0.01156029
0.01431841	0.000751144	0.0144376	0.001332797
0.002869831	0.003105275	0.005520688	0.01321822	0.003945769	0.01101328
0.003922172
0.00101236	0.00584706
0.001534838	0.007303315	0.01929949
0.001627012	0.005680766
0.004556541	0.1410255	0.01829136	0.05953477
0.08490276	0.004585879	0.00110865	0.001059105	0.003244243	0.005382593
0.004812552	0.02064237	0.00875326	0.07477768
0.001736191	0.0113339	0.01143446	0.03214483	0.001836791	0.1328664	0.07992049
0.004187306
0.03950453	0.0100734	0.02458963
0.01505151	0.006647763	0.05599937
0.01148815	0.01128388	0.01273912
0.01100546	0.03266335	0.02246819	0.007584476
0.002563491
0.001818103
0.003277042	0.03883185	0.006958337	0.02812004
0.01212817	0.01400474	0.1250677	0.006692597
0.02428705	0.002782738	0.006496106	0.02406504	0.007061997
0.009900345	0.00450561	0.001357363	0.0026195
0.00302535	0.001700318
0.01101055	0.0014383	0.006233544	0.008487138	0.02174866
0.07545758	0.02864125	0.01208052
0.001301674	0.002960971	0.003225317
0.01785632	0.04086948	0.003392863
0.03853476
0.002923991	0.004978236	0.03722075	0.07744842
0.04281914	0.06488659
0.08308555	0.004611037	0.0410029
0.01486284
0.1226206	0.005701994	0.006474976	0.01365698	0.006251703
0.004531426
0.04575592	0.03758365	0.001924568
0.02102247
0.00100487	0.01013113	0.0005642806	0.0003764343
0.02443536	0.01078196	0.01370661
0.006763748	0.002664329
0.01428884	0.01424503
0.1021409	0.005206693	0.02872145	0.03913601	0.003451692
0.003683202	0.03984963	0.001258849	0.02370818	0.01297432	0.02553671
0.005025828
0.001942458	0.006576661	0.1738431	0.002740936	0.02084862	0.003020433	0.007851361
0.02157797	0.004084104	0.00830404
0.001407034	0.00155875	0.07396006
0.0003508478	0.00590968	0.01705104
0.02562143	0.002928886	0.003762284	0.08110957	0.01073242
0.000889539	0.02380403	0.01435358
0.02058565	0.01023638	0.006748016	0.0007026008
0.01177595	0.002671982	0.002134128
0.008105998	0.02091804	0.01367566
0.1115783	0.004085192
0.2422802	0.002800993	0.176749
0.06771324	0.004500356	0.008529119	0.001221966
0.009829772
0.00182043	0.004839862	0.004134512
0.01287887	0.002925704	0.1049854	0.0314904
0.009551328
0.01522825	0.02719312
0.0213326
0.002112012
0.0009280886	0.01146193	0.004983169
0.001472649	0.01036152	0.0009112112
0.02511945	0.009996483	0.03369734	0.003939107	0.02614094
0.09999705	0.001079834	0.006892525
0.03765164	0.008212847
0.01153739	0.009574489	0.02954631
0.006919087	0.01066853	0.001241381	0.001489447	0.07291339
0.0360687	0.0006206757
0.003531663	0.004300569	0.04077396
0.01103718	0.009477148
0.02729548
0.001840771	0.005425506
0.02707514	0.0002493319	0.01239108	0.0002517137
0.03334536	0.01579518	0.0112181	0.0110176	0.02297279
0.007054551	0.01261526	0.01101996	0.01922654
0.005194369	0.002991681	0.01725447	0.005943968
0.005421757	0.008058027	0.02308198	0.04143979	0.01938855
0.001393044
0.009255603	0.001030703	0.02857272	0.00248607	0.01073297	0.01663582
0.004823404	0.004221329	0.01110308
0.008018921	0.006870609
0.01333826	0.02067581	0.004144915
0.06786156	0.02311071	0.003315789
0.008635111
0.0319216	0.01919837	0.003030446	0.0104147
0.01439425	0.06064586	0.004312268
0.01958881	0.02086375
0.03089947	0.001852512	0.009758344
0.003993918	0.007421914
0.09634637	0.01488325	0.1178902
0.005415495	0.008702013	0.005035784	0.05808578	0.004076264	0.001805885
0.01196939
0.03097495	0.0003591531	0.006527427	0.0004044534
0.01381717	0.007847298
0.005639896	0.01062126	0.001517609	0.01992473
0.008331788	0.01272894
0.005488082	0.04093264	0.005847309
0.1239456	0.001181585
0.006276373	0.02355541	0.007294445
0.006043774	0.007465519
0.03251964	0.005193782	0.00761421
0.0007965397	0.02471125	0.02650512
0.001844811	0.01694533
0.003453191	0.008427416	0.002736374	0.003703258	0.000691423	0.01080816
0.001358761
0.003697484	0.0009798306	0.003872037	0.006070966
0.007453726	0.01142339	0.005377967	0.01642968
0.015965	0.002827261
0.005346827
0.006335629	0.005278318	0.00370144	0.002652908
0.01255198	0.0109392	0.05395113
0.01226714	0.01866207
0.02213801	0.02612126	0.02214111	0.004954258	0.001944399
0.001994304	0.08542291	0.005301069	0.004054628
0.02005423
0.04568955	0.00487531
0.01692991	0.006817289	0.0003312264
0.005233441	0.002132806	0.01776403	0.003057952
0.001844131	0.02941785
0.002679466	0.04513468	0.00450272
0.007840842	0.002526163	0.009042216
0.02478442	0.004733627	0.000538271	0.006677918
0.008799918	0.01292145
0.004257214	0.002169852
0.1048294	0.01450972	0.005379133	0.008031017	0.002246934
0.04296038	0.003271436	0.002886456	0.001441435
0.006879171	0.0007179045	0.005656027	0.01811191	0.01143089
0.004340155	0.009893669	0.02514038	0.006206572	0.0326458
0.008441407	0.02040697	0.001236456
0.003175947	0.003363012	0.007279296
0.002977228	0.005467344	0.03747991
0.01845366	0.003104554
0.157504	0.02647645	0.004142793	0.03695272
0.01172639	0.00196668
0.007318518	0.0009658719
0.01861819	0.01982807
0.01081153	0.006470066	0.01803244	0.02132322
0.005619715	0.004930573	0.005640044	0.004547318	0.03221056
0.05097994	0.001864009
0.000886651	0.001807744	0.02056637
0.00383639
0.01075343	0.009077904	0.01222925
0.05139691	0.01658303	0.001837098	0.005963817
0.002521107	0.01872116
0.01598944	0.0007493831	0.01071333
0.00406505	0.01924246
0.007229973	0.01557129
0.003178681	0.01049678
0.02515636	0.005406195	0.01425112	0.03767993	0.09046742
0.02848823	0.02933932	0.00756634	0.03460273	0.002835605	0.01145211
0.005597283	0.001783733	0.00388482	0.0008564772	0.08063145
0.006564768	0.07284039	0.01197305	0.02486964
0.01441799	0.01119958
0.005710213	0.03259712	0.04191706
0.01328216	0.02937404	0.006626983	0.0132045
0.01418216	0.001554848
0.004946553	0.001870276	0.0102609	0.0007113796
0.003020583	0.04496027	0.001528684
0.01245608	0.001478525
0.06539617	0.015837
0.003106927	0.004234589
0.00390081	0.00657199	0.002666394	0.05592639	0.002302897
0.00979236	0.006333962	0.1565448
0.01635717	0.001725598
0.06954483	0.03163852	0.01410822	0.02414863
0.01732159
0.009501
0.0188218	0.007359153
0.03185967	0.01317169	0.004102103	0.01493186	0.008104528	0.008291415	0.02522287	0.006041979	0.005102124
0.0259659	0.01051665
0.001788309	0.004283461	0.03109176	0.003918142	0.01401039	0.01145591
0.007254099	0.02711572	0.001146579
0.02137726	0.003135464	0.007345163
0.001615738	0.03147088	0.001517486
0.00223033
0.008271765
0.01212538	0.003395663	0.1201612	0.03308457
0.006586598	0.002065652
0.006966398	0.001565792
0.0259594	0.003661253	0.0008575589	0.003717673	0.002230537	0.00149826
0.0105483	0.01140305	0.02263676
0.001873356	0.007722933	0.005025998	0.1135231	0.001132478
0.007875161	0.002944304	0.03624751	0.002870619
0.002671502
0.0003771585
0.001382898	0.02165353	0.003637185
0.007683988	0.008614069	0.002289296	0.003290025	0.01084191
0.00126327	0.0006122406	0.005539279
0.006967313
0.004513721	0.003663184
0.002622758	0.001578786	0.02097796	0.02072799
0.06565636	0.001235442	0.03774606	0.01720017
0.03737102
0.002081163	0.03851451	0.02096702
0.01107885	0.01133271	0.1555542	0.02718223
0.03564922	0.02148865	0.01514129	0.01496115	0.02975063	0.1329758
0.002768922	0.02500229	0.007036921	0.005512277
0.006909992	0.02889987
0.01908916
0.0676801	0.0155402
0.005665357	0.01413394	0.07299614
0.004483151	0.003834782	0.1295628	0.00595109	0.003744498
0.007127789	0.003306305	0.001048798	0.002208026
0.007481937	0.01218988
0.02236745	0.00313298	0.0006181802	0.00116023
0.04919984	0.002554336	0.00998104
0.003112355
0.001389193	0.0110476
0.01943969	0.002403748	0.05080697	0.005648934
0.04868403	0.01072449
0.05064728	0.07544554	0.002238283
0.03296823	0.01182524	0.01804152
0.004079353	0.006578898	0.03153434	0.01291368
0.01499244	0.1347856	0.03614148	0.001415758	0.02125421	0.05586459
0.0009635779	0.001727993	0.003596031
0.001375436	0.06373335	0.02299576
0.003447753	0.02347968	0.01094666
0.01747806	0.001000076
0.00665326
0.0009852118	0.005391922	0.008038682
0.002699434	0.007625564	0.005443408	0.003281901
0.03609567	0.005097159
0.04009363	0.06071035	0.07223609	0.0008788856	0.01194542
0.005409185	0.01051293	0.01076121	0.002706588	0.008620634
0.00145757	0.08014913	0.003791715	0.0004191324
0.03068601	0.003230085
0.02329323	0.02852574
0.005130199	0.03188496	0.006259216	0.006199759
0.02429113	0.001839634
0.008258297	0.002375029	0.02925724	0.001474183	0.03815231
0.05707045	0.006441524	0.0188351
0.001614682	0.006147682	0.01475479
0.001291533	0.02094568
0.0002007366	0.001372657	0.002143323	0.02882643
0.002016676	0.003058494	0.00642223
0.01301753	0.0006748351
0.01090666	0.03192838
0.004814834	0.006026775	0.0008002408	0.005957473
0.02505982	0.007582801	0.002181951	0.01136423
0.005662001	0.005009192
0.006031511	0.01411504	0.04022092	0.02143772
0.01799256	0.005356453	0.02472305	0.0004123061	0.01357916
0.00795392
0.006017197	0.008834127
0.1437533	0.002929316
0.03916471	0.01968404	0.0204518
0.02368166	0.004165398	0.003527184	0.01444757
0.0005871388	0.00104904	0.0120801
0.028406	0.0008394424	0.01121078
0.005798078
0.01767	0.002506909	0.150414	0.006669774
0.007327274	0.0162506	0.001189408
0.06174499	0.0009672105
0.0092782
0.0224785	0.002296065	0.001358434
0.002561531	0.05165354
0.02154743	0.006449692
0.07056896	0.01332718
0.01045164	0.003727599	0.02048211
0.0006878391	0.005774835	0.004711144
0.02150988	0.00658182	0.009055551	0.001842101	0.008647809
0.01959615	0.001373521	0.009077185	0.008781915
0.001106225	0.005646732	0.001301518
0.1399029	0.007870106
0.006815405
0.003773549	0.01250169	0.002687332	0.00281805
0.008874126	0.0001263897	0.009790539
0.005581083	0.01415025	0.002277622
0.01633452	0.01326927
0.00370192	0.002091885
0.01398369	0.002880646
0.04002182	0.009708624	0.01979971
0.002795546
0.03474418	0.02601506	0.004799567
0.0014993	0.002716013	0.01427902
0.01161696	0.001523881	0.007982242	0.00587349	0.02195584	0.01463048
0.04727661
0.01744846	0.04096754	0.04748335	0.02826981
0.06079973	0.01732071	0.01098436
0.01390112	0.007586953
0.0001560797	0.001468227	0.1103345
0.05174772	0.0004574474
0.003005488
0.002083391	0.01706283	0.09090793
0.05741265	0.002606105	0.01960738	0.007006569	0.02429599
0.02458587	0.005142008
0.0377509	0.002834514	0.03134382	0.001589697	0.01983656
0.002286211
0.004678886	0.006455872	0.02101427
0.0004930079	0.04765533	0.001841379
0.005490326	0.009034275
0.002980793	0.005622392	0.04007947	0.004091674	0.001816171
0.00348497	0.001455918	0.1467192	0.04956684
0.001471906	0.008800717	0.004910058	0.01951651	0.008931335
0.005384973	0.003225808
0.009618077	0.002439091
0.003449688
0.002048682	0.00461085	0.01393102	0.009260919
0.06092662	0.00518671	0.002569984
0.02885878	0.005705096
0.01221041	0.002382956	0.01209231	0.0298383	0.003826948
0.01256404	0.01079036
0.003958346	0.02398457	0.03507587	0.223962
0.0007480753	0.01818897	0.00811477
0.01322046	0.02852668	0.01462159	0.01189606
0.02980848	0.05633228	0.1344866	0.01891261
0.02559383	0.003543014	0.01751821
0.009640392	0.002507643
0.2977245	0.003036031	0.01772673	0.0326633
0.06061509	1.786814	0.05340702	0.008123776	0.003629246	0.003141847
0.0105504	0.006604738	0.005141251	0.02244838
0.01886726	0.001647423	0.0003140504
0.001021237	0.01800374
0.0189216	0.003160752	0.09926863	0.01290239
0.04077824	0.01360244	0.008956401	0.1586012
0.0472688	0.01321458	0.01554273	0.02150446
0.03893005	0.001006336	0.0004603008	0.004802149
0.004516344	0.001509754
0.002411296	0.005795592
