MassExtinctionTimes

8.057202	17.17045
9.724035	12.96597	23.06453
17.12126	9.500549	18.94831
3.505973	10.85458
9.587209	15.8866
18.05768	15.8012	6.771507
5.136732	7.861602
17.89585	11.97252	17.03713
15.25372	14.63067

7.787927	15.79579
15.13941	16.00419
17.44008	5.604383
9.451005

12.10144	13.16083
4.304624	15.60152
8.454079
17.08529	9.685956	2.594702
12.97865	19.57516
17.72414	16.00437
15.7079	0.5024693
6.677799	3.01822

3.681028	10.96826	17.89055
0.6265476	15.7739	19.10478
0.5555407
0.339073	15.5141	10.90675
11.9797	18.10041
18.34984	11.11617
9.806326	9.768285
8.594722
6.380202
7.832297	23.94181	17.33864
8.373287

1.488395	11.43651

18.20119	9.252354
17.28116	14.84719

7.867445	15.59913

12.68184
12.14913	16.19083
14.29642	16.98238	5.752374
16.4417	7.189599	17.54858
15.39172	17.01839	5.404747	11.64334	16.60593
16.02277	14.35827	17.77733	12.52924	11.72349	16.1744	0.4848118
18.16273	15.94046	17.27872	17.70677	19.14293	9.031493
1.980186	16.01889	15.35189	13.63344
15.75357
13.77539	9.977237
18.02313	19.04011	14.27805
19.13466	7.346142
16.67811	16.49812	5.490437
8.376089	16.50215

17.91857	6.042566	16.70018
14.03113	17.42447	17.83446
16.92911
16.31146	13.19822	2.8366
16.82839	17.68487	14.58731	3.041393	17.12275
7.517532	18.65527	10.45688
3.717018	12.20389	16.88828
0.8646418
16.91641
9.534986	0.05100897	9.933038
18.07898	17.26385
17.5104	14.41562
15.78899	9.563593
18.33122	16.56793	6.971333	3.225974	6.570581
0.2592399
8.361504	18.15065	18.81257

16.56682	17.45302	10.92219
14.14368	5.710523	3.474573
16.94473
19.25109	15.41762
17.57292	12.65729	19.40483
12.46531	18.9453
18.33561
15.94226
16.35934
18.30011	18.16871
17.30596	3.90503
9.175308

17.94738	3.360054	8.519987
0.422074

10.25732
12.01368

18.4967	1.482632
18.48615
17.65446	11.77601	1.445748
14.90332
9.514922	3.457416	16.81902
16.36711	1.184705
13.65787	8.738106
11.36845	3.478561	17.48401
14.3669
17.55536	17.10639
9.545931	14.64635	11.66853
16.60668
18.14425
17.26258	6.822039
18.47641	3.226173
16.59926


7.058355
18.19207	14.04991
15.05197	6.885574
1.882104
16.01349	11.06177
16.49012


18.61322
19.21055	14.90921	12.35892
13.2445
14.80458	18.97302
18.19822	16.54698
15.14887	14.619	1.887256
16.52596	9.889868	15.40551
14.6219	4.247512	0.1344536
17.05442	15.00919	18.43556	10.32097
0.9341269	6.024132
14.35205
15.44182	11.84179
23.90637	9.598457	17.65109	0.5290817
24.43207	17.66218	12.70585	15.75512	10.27429
17.50253	18.07451	17.32449
8.354813	10.78494	2.740253
18.04831
15.82072	0.5183185	11.3763


18.99241	1.159471

1.198671
15.685
16.19357
18.38538	10.54302	17.02359
17.38491	0.5275077	8.882396
17.06023
18.11187	19.53758
2.318142	10.04992	15.58764
0.5160098	10.40914
1.803639	9.76808
15.51247	17.04022
16.5478
9.194234	13.10707
17.41349
18.75626	6.647338
5.945271
14.26822
8.005404	6.412915
6.648133	3.583501
15.85026
13.85943
18.8221
17.81578	17.06648
9.903792
18.39763	16.20546

15.73479
0.3880733
15.77784	18.05496	15.23768
18.33272
14.82558	17.77109
17.17016	11.60493
16.91693

18.34913	15.56571
10.04947	9.09724
18.55152	17.31282	15.5564
23.81095	7.32067
14.16143	4.464683	8.564853
16.93533	15.50362	1.353288
10.4962	17.49638	9.995564
17.11348

12.39498
9.129882	11.54226
18.71787	14.3508	12.22074	16.88293	2.726755
15.42849	11.77526	7.641263	4.00041
18.04449
17.07265	11.45462
13.77474	9.130011
13.19634	7.902469	12.68322
15.30969
16.50493

18.19119	7.739474
18.25847	4.757722	14.85887
16.4838	10.52065
6.782709	18.44528	3.217338


17.6942	14.53973
16.88433	9.29126	17.46224	10.49676	7.85062
8.051741	10.38327
9.723602	0.1964839
17.74777
9.725959	4.99882

13.86239	9.286094
18.09479
8.185652	3.011927
17.31524	16.45985
11.67208	7.755587
1.34273
17.34067	0.3678809
9.91795
7.602739
18.38411	2.324929	15.61551
6.838487
14.99609	11.43378

16.368	10.5577
16.63409	11.52624
12.14906
17.44109
15.73311
16.12164	11.71412	8.263488
11.63642	16.44171
17.91412	16.68103	17.98114	16.79634
17.65339	12.14432
13.71426
17.28716	13.54564
3.845537
15.78616
13.14986	14.56304
13.47292	16.20971
18.19939
16.39768	18.91335	8.986524
4.29528	13.61954	9.736517
18.53581	9.87024
16.31719	15.98106
18.42445
18.29908
19.28467	17.72919	9.912717
14.21828	10.14648
16.90761	17.77049
18.11171	4.585661	10.66467
18.31077	4.212328

19.64253	19.06838
17.00782	1.153743	10.42833
25.0262
23.46174	17.49482
11.73964
17.90675	14.19117	2.877891
11.67422
17.275	18.17804	11.42029
18.60407
14.12236
15.33268
1.058316	9.152467
18.20738	18.21882
17.492	14.0356
5.747538	7.969839

7.490445	9.394036	15.51942
18.46405	17.34445
18.16393

8.022688	7.612979

16.69565	7.490782	17.52676
3.772946	7.377602
18.61701	7.267968
17.71816	17.83672	6.493746
17.44429	16.91321	18.18256
16.9521	11.63053	10.32311	3.566462	18.50476
15.50939	13.94919	9.608351
24.67134	8.71192	16.27962	18.81644
17.51746	6.466437
14.28389	18.94317
14.01832	9.766974
12.49552
19.37903	9.32141
11.62316	18.09921
18.31665	16.29448

3.117487	16.75828	12.4306
15.16567	17.03617	19.03082
13.65488	0.1183854	0.90482
24.51022	15.3635	16.31343
16.2586	2.473841
9.008701
12.14689	1.28757
14.18958
14.0716	23.71637	18.05395
17.77605
16.62185	15.54121
15.20574	16.56974
1.233166
17.82936	17.75455	2.392112
17.89835	10.20544
11.55095	16.64059
2.521118
17.28387
18.30076	1.183847
3.092555	13.61663
17.32401	16.47184
18.23188	1.057015	17.09272	10.0688	7.943353
3.612815

15.6793	0.812337
17.31728	12.20179
15.3113	8.895278	2.423141
10.54763	13.53192	6.08213	17.58624
18.32227	13.76185	8.878304	7.555746
14.79529	1.310546	16.795
15.60638	0.5411479	15.5447	2.116221	3.105314	15.07353
18.39356	18.94686	6.87919	1.482322
12.43088	14.72999
5.881161	5.550746
0.3002569
18.82862	18.31345	10.11961
8.8166
16.68916
5.662781	3.241216
8.759944	16.18436
16.82668	14.55625	18.38608	12.93644	17.172

18.46071	16.09262	3.96309
18.42764	10.38704
17.93915	15.21266	11.75967	5.914966
13.34795	15.62666
18.00545	1.420001
17.98242	12.87285	0.1143961	10.60668	9.275467

18.15701	6.500969
17.62511	6.322093	8.706755	7.011049	18.64218
16.89626	13.35266
18.46623	15.16096	15.81138
15.11368	3.545387
18.92061

0.4435356	5.849319	15.76162
1.096966	11.69019
12.9395	6.831637
15.56424	10.56723
9.206595
18.62889	12.25511	1.535507
15.51289	0.7196086	12.97452	17.95517
16.90684	8.328239
17.7927	17.67472	14.85496

18.17883	15.50957	9.382187	17.41594
0.5934198	7.235223	14.14833
3.090601
18.53013	9.845953
16.68254	15.97812
1.204324	18.42981
18.35772	15.98581	15.51805	5.592176
14.39295
17.94322	13.30244
18.38135	12.9336
5.572061	7.521392
16.67844	16.64823	15.64804

12.67758	18.37059
19.11253	1.020178	14.18943	18.23883
6.738435	14.16399
12.96617	10.35275
14.65264	19.51381
8.365604	11.1012
24.68651	5.1715	18.38618	9.651488
24.67952	1.007383
17.25007
11.10285	4.058428	15.77633
6.647391	6.019726	17.20718	18.49344	2.220019
18.9334	2.418618
1.815234
16.67312	6.015038
0.5715958	16.36592	12.85663	2.31867
13.29613	0.3892015	8.503618
14.61839	6.861565
9.803157	17.26747
16.27338	9.407868	17.88078	10.65463	11.19281	19.02493
10.17599	15.52782
17.99635	16.7189	11.92429
1.892146	17.5074
16.38771	10.25033	16.3536	12.52024
17.02253
9.956285	12.71367
17.93034	16.69229	6.62619
12.38718	9.450145
1.954957	15.03077	12.29256
17.997	16.50083	8.16708
13.81347	17.31525	18.4343	13.7385
14.90366	1.612756	13.80757	15.09966
18.28293	12.93927
18.50767	14.90553	8.816776
18.44158	15.36739	15.36115
7.676209
4.427982
18.29533	17.4163
16.77722
19.3641	13.8779
18.24109
15.45225	9.035014
17.95173	6.847133	10.01758
17.79	6.040205
9.923677	11.4767	17.81918

18.3318
15.67591	17.07636


6.519742	19.36517
18.62053
18.41642	15.72449	17.5119	13.16076

18.38778	1.52784
16.45081



8.545532
11.92589
18.10433	9.481484
6.839938	7.012795
13.55447
16.53202
15.77943
0.3601168
14.51067	10.43306
11.15713	11.4479


17.87983	16.60743
15.83155	7.320118
18.35365	17.07975
18.19589	3.524845
10.52586	18.35044
18.34286	16.50796
6.616728	3.95969	16.35211
11.39893	18.94821
16.42769
13.0623	9.280807

19.36094
4.6835	13.24348
15.49399	14.39421
8.247513	10.57629
18.44942	19.57152	16.56604	15.72032	16.98249
15.73932	8.331363	11.62644

16.97071	4.116491
14.25215	4.149615
16.58132	9.177092
18.20371	11.06809	0.01727569	8.331176
16.98752	15.99619	7.758434	19.30735
15.24101	13.98884
14.01029
0.3495311
0.7018749	14.49365	16.51367
1.140992
18.19309	15.71116	18.42536

15.03963
15.84444
11.5777
11.69234	15.78651
12.78082

18.42029	9.820688
14.22796	16.43509	7.405637
18.13469	10.12213

14.5398	4.512148	16.4764	18.12137

14.8337	15.48401

16.52299
17.80289	10.67092
17.73284	4.247843	8.478474
2.012925	16.12041
18.34917	16.38581
17.75754	4.161547	8.743646
16.93386
17.37555	12.95958
18.86096
17.37428	18.19895	4.504232	19.5521
19.47561	0.1711984	18.23605

4.088988	18.51067	10.47731
5.352372
15.07715	13.64782
17.11459

18.51653	12.3687
11.20399
6.232771
12.66276	18.06511

7.112907
17.89616
8.915574	7.349036
9.115274
16.66108	13.9363
9.612972	12.67968	0.6164236
18.20962
14.76376


18.05638	6.125859

7.362055	18.47709	13.83506	7.570406
17.8678	7.838176
14.82712	3.365695
17.17076	10.58639	11.57577
10.23605	6.671606	15.63665	17.89298
8.762091
16.59857	15.48504	11.7477	18.66803
9.86167	12.41928	2.751441
15.30898	8.930957	19.24408	6.801133
7.391412	16.71859

18.45014	11.74198
15.34753	5.08642
9.902326
13.30454	1.492849	18.4566
13.64361
15.1048	8.903773	17.44691

1.568995	1.343697
5.805806
17.73756	8.946051
17.33302	14.20783	11.39072
3.10702
17.85175	15.67874	14.33272	15.91629
7.010598	16.97482	18.32029

1.486112	18.3354	2.036377
15.2949	13.53461	9.172309
8.319474
17.87958	11.67979	16.79104
9.782746	17.51675
10.61854
19.06466	17.25355	1.943156
3.993091	12.97048
17.31364
19.33449	16.34603
7.870283
14.91166	2.150796
15.65067	10.01767
15.56383	7.490755	16.82084
9.014724	3.716886
9.793151
12.10447	17.89042	16.71077
10.57417
3.123097	15.85915	11.2129	18.1088
15.58833	1.788266
3.728094	17.51288


17.90485
17.95543	6.290712
16.11382	18.07764	12.39918
18.31002	18.18495
12.0584


16.10208	13.30949	10.8918
14.3747
18.96037	1.13607	5.864035
17.74478	17.98179	12.14794	19.595
14.28457	11.52532	8.352587
15.39671	12.36487

16.30016
7.948339
23.74256
16.53717	4.514342	19.00791	17.80516
14.32793	13.56511
16.56997	10.84713	18.1019	17.55631
18.4544	18.36584	10.53769	0.3839685	8.418495	1.294232
18.48559	0.0903307
17.22449

10.72542	18.87244
17.56216	10.293	11.24871
18.09782	14.15051	8.162235	15.14011	17.8845
8.38781	18.08781
11.92561
17.4568	16.45051	11.25244
6.200315	2.459052
18.73606

17.27172	4.258025
15.70212	14.35976
18.32988	16.44497	18.83346
17.78752	11.51003	12.86164
15.41313	9.287907	17.17422

18.19644
10.79415
23.60202
9.276322	15.65065	17.22701
12.07156	15.5774
11.10099
15.35734	9.775763
10.77529	18.75282
10.70137

18.4409	7.760857
17.32881	7.575834
18.1871	12.23404
15.09543	6.231494

14.30162	5.889613	0.9083952
3.867627	18.30152
16.20208	9.824575
14.20927	9.706984	17.1228
14.63462	3.469809
17.6392
17.947	18.17223
9.703103	8.533333

18.61896
15.11376	9.12044	2.408497
15.66261	8.368464	7.04423

18.49898	6.125041
18.33973
18.22544	18.99472	18.3647	18.06017	7.232053
17.97023	16.98816	7.361967	17.89163
18.10999	16.37181
16.97698
9.565189	16.73923
4.010125

11.90196	15.51589
16.6452	9.337846
11.21884
2.257599
18.21415	15.7672	4.840675
17.23587	13.54066	10.63282	6.076592	16.15466
15.57415	12.19691
17.72765	16.40322	4.540729
10.38155

15.85545	4.18166
15.50415	8.339042	18.11755
14.08507	15.81154

14.80383	16.16571	12.31729
17.21425
19.01612	11.23696	9.796109
15.66046
9.422379
18.86999
11.1478	3.842991	19.03041	17.20716

15.77365	9.713827
11.39621	19.23481
10.906	18.24316
16.84977	5.036105
18.85149	10.29665	9.539963
0.5733794	5.033508
13.97194

14.64983
15.30207	1.291081
16.91756	18.22379	15.73627	17.56037
15.79481	10.22535	13.41007
19.14965
11.2534	12.40105
17.78876	14.4732	16.5736
16.66637	2.942782

12.61096	17.34358	1.299885
18.95628	15.72981
17.33774	1.748683	18.44048
18.16123	2.407182
15.9374	13.14435	18.34004
13.9579
19.36104
24.61577
23.42601
18.2514
19.04087
14.64195	10.71303
18.4427
18.43914	18.38168
17.08339	17.81557	18.60694
10.39642	11.6577
10.75952	14.49534
9.063762	16.35463	15.36644
9.770516
16.75928	9.226935	11.60343
18.14019
14.02377	15.24114
11.24009	16.72913
18.32822
18.16056	6.550339	19.62844	1.458235
5.898597	18.45879	0.1939948	13.36948	9.968207	17.18972
14.4853
16.97314	11.27469	11.95615
13.71943	6.96761	1.512406

15.08476	1.401813
17.33351	4.552608
3.915432
15.60799	8.58599
18.5041	16.71025
17.67122	9.448392
16.9216	2.275469	3.943503
18.26747	11.00939	16.49104	11.52532

18.40272	18.33578	17.44065	9.790836
15.52297	18.70728	8.691896
3.670998	4.02716
18.31166	10.88983
18.08227	13.82104	12.2788

14.99904	18.24156	8.158912
12.57559
18.05786
18.91922	7.373714
18.27158	18.52633	3.517653
17.19917	0.1494378
9.759078
14.77601	0.9469687
1.687921
15.2584	11.34005	8.06151
17.69623	7.558946	19.3823

16.48101	18.40396	13.85279	10.20456
12.56623
1.209545	17.93656	18.43251
16.66246
15.0302	16.25453
11.65582
16.61591	4.128087
24.6235	18.3982	13.8762	6.046526
18.38933

18.45469	12.91042
18.28089	5.9986
0.08360545	17.76094

17.92651	8.267906


11.62912
0.8358102	15.37492	15.77492
13.74279
18.03619
7.549036
11.59718	1.71304
