SpeciationRateChanges
24.04164	18.46414	5.891688	21.86622
24.08777	18.9579	21.6959	12.26263	24.07012
24.00227	17.42762	22.00522	15.05935	12.03015	10.2884	1.774941	10.95122
24.12687	17.79262	21.72072
24.08751	17.87567	21.09312	17.80399	5.771561
24.25128	18.51775	21.82778	11.19335
24.15698	18.84782	22.1115	16.21565
23.94071	18.60974	22.07273
23.94071	18.2841	21.23012	9.49366
23.96906	18.04404	20.85618	21.94499	4.903955
23.96906	18.96193	21.70992	5.348506	18.31519	5.055925
23.95148	18.01169	21.69799	4.360216	22.94521	6.885575	5.043751
23.95148	17.89769	22.17739	14.37358
23.95306	18.99533	21.73998	23.33676	20.68572	18.29932	1.72676	5.746932
23.95306	17.91287	20.88419	9.143502	12.30885
23.78653	18.27022	22.28964	4.747007	4.062586
23.96425	19.25757	22.08364	8.778592	3.834493	11.11398
23.96425	18.05238	21.18095
23.96565	18.20471	21.69573
23.96565	18.09683	21.86677	2.566123	8.176672	3.134375
24.02672	17.47588	21.19858
23.96711	15.39388	22.05121
18.78405	5.778072	2.730786	22.20395	18.46392
18.43028	21.90682	5.993807
18.27675	21.73051	6.221207	23.86056
17.27586	22.1957	24.14913	14.57756	21.00552	21.00265
18.11264	22.22189	23.97764	7.948688
18.45291	21.36555	23.97979	6.468305	0.4842348
18.48375	21.68379	24.13581	1.28231	0.9472017	22.77546	16.99958	20.48286
17.13833	21.59961	24.02599
18.68045	21.77294	23.95645	0.9002911
23.95645	18.34961	21.36457	1.999657
24.03681	17.1018	21.32638	2.112383	5.251341
24.03681	18.36174	5.377539	21.97648	23.18973	23.53038	9.767926
24.07133	18.12692	12.38365	9.082229	6.225191	18.53001
23.89462	18.9307	22.17616	11.08068	13.02731	16.66428	8.008155
24.00936	18.14524	22.00409	21.13922
24.02666	18.47736	22.08767	2.007865
24.02666	18.17011	21.2313	15.05457
23.98634	18.89423	21.75447	8.855688
24.07836	18.51085	9.911365	20.55057	12.32733
23.99613	18.67614	20.99468	6.175124	4.087903	14.45192
23.99452	18.53153	21.36426	21.32518	13.53651
23.9975	18.31726	22.33572	3.897969	2.610251	20.56456	0.4749342
24.05506	17.42131	22.22494	12.32125
23.99495	18.45036	22.05913	22.91435	6.930493
24.15642	19.13267	22.16648	14.38311	9.830491
24.00842	22.06857
23.94012	21.70785	23.49978
23.94012	21.09341
24.06882	22.36452	3.726679	1.98814
23.96308	20.82066	7.451823
23.96308	22.24643	7.903811	6.682171	3.113989	23.69697	23.30783
24.05422	21.39862	17.79852	13.09152
24.04462	19.4026	21.94672	11.3423	4.669199
24.0088	17.27533	21.34256
24.0088	15.04343	22.07755	8.966143	8.300808
23.98372	18.24053	22.41857	11.27005	9.140118	5.970087
23.98372	18.4869	20.65197	2.654277	2.573778	0.8208177
23.98325	18.44711	7.889911	16.07773	20.98914	14.1685
24.07405	18.38267	21.76993	5.540671
23.99675	18.36391	21.23355	9.494873	9.35583
23.97147	17.19712	21.80623	1.563185	6.54167
23.97147	17.7512	22.57589
23.97147	17.55677	23.67601	18.99684	22.4229	17.183
23.94267	18.47362	21.67704	23.09094	20.56834
23.94267	18.15272	22.34344	7.157409
23.94267	15.27939	21.72758	11.107	23.64766	5.054786
23.94267	18.34113	22.11874
23.94267	15.37969	20.86307	5.338619	0.9130241	7.937049
23.94267	21.81086	16.95875	21.72489	16.63415
23.94267	17.83747	22.04334	11.52857	20.65203
24.07212	18.78607	21.75986	13.6592	3.724396	12.39873
24.09575	18.41369	20.98455	13.03243	11.06763	22.43045
23.9493	18.74386	21.16863	0.5705842	9.539872	0.1167718
23.95474	17.71928	21.29511	23.2752
23.94633	15.15665	21.19397	10.42035	1.85987
23.94633	18.33409	21.99629	5.678197	18.45548	1.787139	18.16155	19.84176
23.94633	22.40943	17.10371
23.94633	22.08389	17.22264
24.33632	17.03193	21.705	11.63327	13.13457
18.23638	22.3966	14.08131	21.36956	1.688997	10.23849
22.16958	18.44934
23.72666	18.22891	4.831816	21.82359
23.93451	18.24935	21.70135	3.078259
24.02024	15.71801	21.33449	4.104791	0.1754277
24.03409	18.82362	6.635526	21.51344	17.73626
24.04292	18.27034	22.30999	21.55744	1.72413	7.170836	8.808737
24.04292	18.58351	21.03309	5.060532
23.96677	16.90733	21.04787	0.288706
17.89833	21.74775	5.405427	12.07645
22.21119	23.96042	18.03684	7.625455	8.057138	23.80926
23.96042	17.59039	9.364782
23.96042	17.58527	21.25295	17.26896	9.027629
23.96042	17.03344	20.83687	4.483063
23.9261	15.93521	21.14365
24.02665	17.83498	21.38863	15.08111	6.381564	4.975076
24.04972	19.5277	21.72617	6.702464	19.43887
24.04743	22.09153	18.08288	1.28633	6.159175	1.912264
24.10591	21.75591	17.9992	5.531963	17.58871	10.72984
24.26482	21.17886	16.5789	7.570385	1.413114
23.8591	22.07043	17.6966	2.668657
24.14595	18.41947	21.89053	5.734599
24.14595	18.06344	21.32539	7.158445	3.874901
23.97285	17.62617	22.20992
23.97285	17.79799	22.12979
24.1322	18.32422	22.03463	2.190615
24.07638	18.43688	10.73292	21.6398
24.07638	19.33756	21.74409	11.23934	16.51716	14.02293	18.81427
24.57271	18.65714	21.62864	12.33654	17.66137
17.7379	22.96679	3.963586	12.79787
18.44962	22.12775	13.72606	5.678897
19.09258	21.11584	17.41098
22.03526	18.37234	7.987359	21.24635	21.21319	1.652738
16.07801	22.08793	3.98051	1.543139	1.467345
18.12058	22.62456	20.94219
18.45221	22.35482	2.324558
17.71446	21.68176	5.417541	21.66281	12.15267
18.465	22.23052	6.586808
18.47149	22.29077	5.456509	8.492401	0.01784799
21.76587	18.46265
18.24409	22.05381	16.71349	12.93198	1.223216
17.09024	22.29428	15.43969
18.42318	22.14438	7.487364	4.973186
22.09529	16.76473	0.5502781
22.07301	17.19681	17.46868	5.328203
22.25175	1.859115	10.79916
22.29394	18.68561	3.462664	15.60761	10.3453
24.13733	18.44452	21.06547	5.131801	24.0311
23.91736	18.05461	21.16952	0.2227107	17.30081	15.66417
24.25401	18.07426	21.49096	2.314718
23.99542	17.17542	21.71746	13.67142	1.923487
23.92277	18.49753	1.416764	14.52158
23.95003	15.67205	6.539567	13.74519	11.1531
23.95003	14.94933	22.48795
24.13308	21.36455	11.42341	13.54868
24.1101	21.06562	7.826433	16.53418	6.381489	0.5915127
24.1101	18.61902	22.05701	7.141896	22.26979	3.160843	16.22292	16.23071
24.1101	17.33118	21.74358	16.77064	0.2117649	13.42254	0.5767075	12.28891	13.75441
22.55877	17.91842	22.09478	4.046938	17.59734	0.2057141	10.15574
17.97138	22.38471	8.158959
18.45178	22.33322	10.9247	9.545134	5.573259
18.14188	21.49913	5.139962
17.19828	22.35714	3.38946
22.06218	6.867284	18.41058
22.30838	18.11914	16.96013
22.03604	17.30404	8.033849	3.777355
21.17487	17.23515	24.47816
22.24757	19.31598	1.437644
23.99907	16.09734	21.36371	6.340995	2.500486	14.14331	14.84028
23.94523	18.17662	22.05886	6.153166	22.66618
23.94523	16.94151	22.05886	16.92605
24.00935	18.45651	21.36806	3.30197	5.981007
24.0657	21.68202	18.43607	8.326071	7.45926
23.98646	21.84133	16.92587	11.08741	13.86659	0.7071214	1.188951	3.848849
23.98646	22.15132	18.32873	17.51724	4.214356	20.04425
23.98646	18.30056	21.87012	17.34811	5.590826
23.98646	17.79852	3.737326	21.60814	23.57153	7.897182
23.98646	17.52544	20.81174	22.0996	10.93368	10.08125
24.06569	19.01926	22.05643	6.865603
23.98664	18.39381	22.27988	2.787263	17.23474	10.07899
24.07992	16.85979	20.8444	9.94368
24.07055	19.34711	22.05495	17.31795	2.809792
24.08301	18.36254	22.05495	4.95835
24.06959	18.05495	22.40969	21.18463	23.38868	19.92366
23.92319	18.45505	21.165	2.389565
23.92319	17.93327	21.62938	8.082798
23.99345	18.80795	21.72343	23.2017	17.55995	18.72781
23.99345	18.45794	22.07723	2.025905	20.74657
23.99345	18.06308	21.08808	23.76449
24.08492	18.8209	21.14019	1.797008	9.576211	16.58407
23.95457	13.86882	22.1248
23.95457	22.00626	13.15417	20.09292	1.038291	2.966566
24.01105	22.48516	15.75815	12.13635	11.17734	14.63707	17.71913
24.01105	16.36641	21.72404
23.96465	18.07862	21.13641	2.535252
23.96465	17.6938	22.1156
24.13047	18.04952	22.05365	5.121891	5.710549	4.836689
18.32295	22.23166	10.43291
15.5991	22.23166	3.362676
23.76562	18.68481	7.479144	16.73158
21.98542	17.88304	8.416124	14.0312	9.597374
22.19317	18.58629	12.60301	17.84585	7.589583
24.09794	15.21802	22.15431	0.5226797
24.17363	17.28297	22.03002	10.19078	6.798842
23.90918	18.19874	21.16904	3.42208	2.752653
24.2129	18.72722	22.04924	0.0760636
24.07607	17.01642	22.23246	2.088556	14.58354
24.1263	21.35978
22.19719
24.30319	14.77209	22.39271	21.23488	24.17734	0.8482673
24.08332	22.18951	18.33431	17.06284	8.520024
24.00931	21.04997	18.40406	20.56636
24.01201	17.15638	21.07631	6.184232	12.9097	11.55454	11.41542
23.95953	18.39705	21.09811
23.95953	19.24918	22.23888
23.94815	16.97843	22.12438
23.94815	18.43756	21.69309
23.97711	18.84744	10.3521	21.30953
24.08194	17.30802	21.37555	4.701705
23.98649	15.96415	21.78385	3.814873	2.675842
24.14836	18.34839	22.19797
24.06171	18.48657	21.93374
24.05901	10.34709	21.45862
23.98649	15.49662	21.71288	7.923301
24.09993	21.65571	16.90368	12.72581	14.89018
24.12155	17.8723	22.10487
24.15768	17.3608	21.82113	1.564143	15.24314	24.05551
24.07143	22.27955	17.2371	5.171863
21.94835	16.76384	2.606056
22.02091	18.31591	7.939068	6.418847
22.22106	18.19943	7.550262	1.716443
22.0733	19.62631	6.415418	18.58771	10.23753
22.0695	6.784651	4.876732
22.26485	18.38966	11.08317	9.546303
19.89785	22.08686	11.11245
18.47427	22.19615	0.06176822
17.49773	22.39276	17.07552	8.148996
17.09806	22.1969	7.881386	4.154863
18.71934	22.20052	21.69438	10.8637	10.59961	21.97235
18.89794	21.42587
18.24927	22.11699	8.564102	5.773174
22.27561	18.31421	4.112171	2.361024
21.64541	18.48501	6.781918	14.56772	15.75217
24.34237	18.35782	22.04039	11.06593
22.12213	15.94851	5.849422
24.12018	18.6744	6.320894	21.14667	22.79383
23.79087	17.76571	21.22789
22.41046	17.17935	12.13679
17.87318	22.22148
8.589375	21.01316	23.9549
18.01811	21.7036	23.98365
17.94294	21.7036	23.97154	2.975159
23.97154	16.39956	23.18168	22.4764	1.647462
23.9453	18.25149	21.80969	5.967981	0.02934748
23.9453	18.91842	21.35603	14.06834
23.9453	18.25895	22.04462	3.397095	4.026843
23.9453	17.71309	21.32063	9.849601	8.03981
22.38334	16.84691	24.15593	23.36291
17.42487	24.2821	22.77064	22.04167	12.38348	17.17432
24.01827	22.15087	4.952953	18.34549	21.32349
23.94203	22.21643	17.8537	3.377875
23.94203	18.20663	22.02079
23.94203	18.03561	21.10524	7.728377	14.16254
23.95606	18.24094	21.01183	18.23579	8.643078
24.05172	16.45005	22.22411	11.59529	8.86452
24.08633	17.68346	22.32861	0.7238682	0.002808985
24.03569	22.21827	6.634199	16.19913	3.678308
24.03569	22.35489	17.49477
24.18489	18.33833	21.28637	5.3219	2.827936	3.607057
24.1434	17.86839	22.0706	11.34389	8.981162
22.04416	15.45429	1.106854	24.84919
24.07844	22.19467	11.53801	7.475617
24.03526	22.08867	19.02157	5.57873	18.09443	2.355356
23.95059	17.0691	22.4078
24.35742	17.87039	5.736007	21.33151
24.00038	18.44026	21.74604	12.55098	9.466155	22.05817
24.10066	18.41992	21.03594	5.61525
24.44069	16.02436	22.14969
23.99098	18.69053	20.90271	9.441659
23.94456	16.56157	22.35839	22.95576
23.94456	18.29978	20.94139	10.3664	18.07618
23.94456	18.4154	22.25058	11.11888	16.97325
24.18096	18.98562	21.9863	2.909221	14.16462	21.8047
24.003	17.91996	21.70974	3.036206
24.10032	18.3911	6.061536	21.6596	17.48487
23.928	18.26384	22.34446	10.48523	7.132366
24.0343	22.24467	14.68313
23.95041	15.34773	4.856705	4.159337
23.95041	18.38042	22.2091	10.30818	17.90524	9.068203
23.95041	18.41234	5.604573	21.89099
23.95041	18.51278	7.23208	2.330117
23.95041	18.86123	21.44644	1.844803
23.95041	18.36022	21.17848	23.57891	22.24864	7.32146	4.611081
23.95041	18.33264	21.59915	17.16959	10.7077
23.95041	17.95772	21.71565	5.224036	23.93327	23.37202
24.09395	18.48137	21.72229	9.028097
23.96609	10.54773	22.5716	5.653435	20.98875
23.97153
23.97153	15.4334	23.09302
24.09468	17.77899	22.10159	7.946801	16.89802
24.09071	15.43602	21.03832	6.547536	22.73998
24.03344	22.10922	17.0655	23.49508
24.06326	17.12512	6.67079	21.78457
24.13157	18.16676	21.89335
23.99303	17.08246	21.38054
23.90054	15.33326	22.55823	2.722481
24.0015	17.61349	21.59826	15.36226	23.75845	5.935052	11.37179
24.0015	18.22288	21.11267
24.0015	18.89634	5.085984	22.36296	4.42716
24.0746	15.98979	24.00199	10.83904	21.52058	23.36027
23.9448	17.74055	21.35707	23.76885
24.0066	22.67638	18.28331	4.644483
23.99707	18.51952	22.06384	23.31858	8.987966
23.99707	18.90837	20.67274
23.99707	18.32232	22.09031
24.09228	18.25781	21.91086	1.792131
23.98249	18.11992	21.57518	3.439763
24.08863	19.00654	20.63543	7.611386
23.96694	18.43309	21.31145	13.45237
23.96694	18.40944	22.29626	4.682908
22.02391	18.25468	5.1897	3.430938	15.72844
22.13667	17.29432	10.02044	12.36127	8.625802
22.22938	17.4956	8.538777
22.22648	18.30702	4.716555	16.44114	17.67909
22.4272	18.07229	5.228568
22.16576	17.84081
22.09745	18.0717	0.5729251	0.7989372	7.880741
21.68733	18.3934	5.150148	21.37104
21.72492	17.76125	13.86634
20.7906	19.32198	8.650291	11.95922
21.27287	18.48834	5.385013	24.27502
22.33656	17.34564	23.94435	6.086634	16.41842
21.69255	16.98248	23.94435
21.70405	18.26459	23.94418	9.110072	16.59766
18.16595	23.94418	12.17381	22.24443	1.345266	12.85409
18.34149	23.94418	22.05509	14.54975	0.199596	6.05714
15.16732	23.94418	22.06598	14.5674
17.49277	24.23489	22.3446
23.98696	20.87197	5.29387	18.69068	5.691575	2.03091	22.48152	12.94294	18.63744
23.98696	21.0964	15.41633	13.13316
23.96293	22.28364	17.55626
23.98569	21.31289	17.76966	6.821982
23.98569	21.67533	18.37991	1.981605
23.9462	21.11962	17.24841	7.38754	10.36855	2.783571	2.765348
24.01629	18.47934	22.0711	4.083352	2.401426
24.01629	18.47934	21.44239	9.456348	5.474606
24.01629	18.26318	21.78865	8.024991
23.95128	18.38927	21.77838	12.61542
23.95128	10.04201	21.60842	0.8749003
23.95625	22.31632	2.738567	12.59176	23.5645
23.95625	22.15399	15.74756	6.856981
24.18344	22.31738	17.59933	12.99151	0.7255397
22.02745	12.09749	17.81993
23.88248	18.50075	15.6382	2.45561	20.96721	17.10538
22.27272	17.44138	5.662451
22.3208	16.37016	6.505579	9.568967	6.688368
22.23604	18.40869	11.71405	24.35882	1.02126	14.67964	7.950143
16.20908	24.05856	22.33454	12.26874	6.584263	3.71106
16.67604	23.95631	21.53914	12.04333
24.0319	17.66107	22.04216	0.9134553
23.94348	15.59917	21.32935	12.75027	11.15834
23.94348	18.42597	20.77696	22.91709
22.19973	16.87849	1.438778
17.86018	23.92924	20.81453	2.777081
18.40422	24.00279	21.76341	7.060353	15.78703
18.44638	24.00279	21.47339	12.19252	11.69486
18.40709	24.00279	21.70932	9.725133	6.567537	0.7128821
18.18483	24.00511	22.77973	2.504278	1.573552	9.513481
18.14109	24.00511	21.70047
14.26498	24.13748	22.08129	9.628189	0.48271
18.43265	24.23844	21.41606	11.85871
18.50859	21.52356	6.905578	16.09006	7.901568	6.122588
17.74751	22.33994	23.41813	25.01769	5.378646
18.42941	21.91266	5.745935	17.77396	21.32927
16.10285	23.94454	21.38529
18.702	24.06923	20.54199
18.43631	22.23657	1.566244
17.00123	20.79863	5.220592	2.096125
17.97354	22.36367	24.10208
19.03012	21.15076	24.20821	6.30893	23.58232	18.41941
18.02731	20.99263	23.94424	1.86212	22.07021	16.18074
24.01114	21.11397	18.4656	17.71075
23.95216	21.69265	18.37373	7.760473	21.57538
23.95216	15.28899	22.33929	2.791193
23.95216	18.37363	23.16711	21.85645	6.027327
23.9837	18.73579	21.43756
23.95091	17.52212	22.1081	10.23399
23.95987	19.3068	21.87779	22.61268
23.95987	22.31117	15.27079	5.38608	9.609062
23.95987	21.37131	18.4056
23.95987	21.41175	18.31589	2.041399	14.60607
23.95987	22.20447	18.03568	2.683062
23.99458	22.20447	18.34488	8.456289
24.00315	17.30844	8.303679
24.30922	18.23268	22.2823	3.994293
23.98431	18.15442	21.71455	6.897165	23.84705
24.07185	18.43571	0.7767093	22.0812	6.167535
23.94756	22.0812	18.36513	13.36924	1.346589	7.171963	12.54038	8.109598
23.94756	21.75757	17.07721	11.22402	3.495023
24.06906	22.0807	18.24087	12.2962
22.02663	18.07761	24.29526	5.037853	9.638682	13.31356
22.24136	19.18297	23.98928	1.639286
21.79438	17.71672	23.9817	21.32344	23.60413	14.9953
23.9817	22.07345	18.26406
23.94975	21.68643	18.75429	10.54724	7.237923
23.93256	21.49417	16.54043	11.55272	3.253256
23.97856	22.31031	17.77791	12.83955
23.97856	16.66456	22.16981	22.96975
23.97856	17.18033	21.4745	4.64151
24.04641	8.873893	21.75862	22.40494
23.96113	7.304924	22.36518	0.6875704	0.9378902	22.03467	21.59014	16.82725	12.79863	10.75348
23.96113	10.12811	22.51846	17.22071	12.52567	12.51402	6.56057
23.96113	16.00553	21.68636
23.96113	17.69218	22.8595	6.736718	3.455468
24.00926	21.91483	2.708315
24.01996	10.48052	22.26429
24.01123	7.569076	21.52383	1.309573	0.7277029
24.01123	19.34566	21.5077
24.01123	18.17935	21.85853	23.73729	18.17504
23.9196	18.25361	22.6543	22.80456	7.789127	22.1424	4.850982
24.0076	17.28058	21.19875
23.99099	18.63066	22.07709	18.33912
23.95587	16.07136	21.79505	5.344468
23.95587	18.26125	6.355576	21.65504
23.95587	17.25668	22.07882	6.380183	19.18275
23.95587	21.78796	18.22465
23.94823	16.3948	20.87808	13.32459
18.4558	22.25132
15.70243	22.20366	4.721375	1.972782
22.4095	18.76193	21.79671	17.61969
17.24227	24.13731	22.03821	10.68296
24.13731	17.69595	22.10946
24.05748	17.92441	0.7918995	20.83988
24.07739	22.00112	17.26239
23.99878	21.76544	18.14516	1.429326
24.00093	17.35467	20.71958	24.96838	16.73233	3.245943
24.07522	18.39768	22.27477	0.1213256
24.11017	18.24118	22.70315	21.42656	7.899937
23.93672	12.92349	21.66615
23.9964	18.08575	0.9183572	22.51791
23.9964	17.00825	5.542454	22.25766
23.95165	18.16125	22.24792	12.7663	23.28207	5.059004
23.95165	19.10976	22.42207	23.38096	15.7846
18.49248	22.5034	6.96229
18.28101	22.44624
18.74395	21.68868	5.073187	3.869228	18.3921
17.81795	21.70979	3.097187	17.07424
17.67321	22.45627
17.82738	22.33561	0.6173678
19.02239	22.45002
18.41623	22.04961
18.21077	22.13145
18.61156	23.99379	6.926181	17.04935	21.05782	5.42215
18.4709	23.99379	6.320094	21.72935	4.937676
18.82438	23.99379	21.37606	0.8394003
17.50213	23.99379	7.767433	21.38695	0.4160761
18.67184	23.96437	21.31694	7.460318
18.27364	24.02046	22.04331	8.012857
18.8981	23.98814	21.69204	13.26587	18.20004
23.93677	21.69204	16.59898	0.9174755
23.79172	21.69204	19.3164	1.1113	17.43712
23.99148	21.81228	17.72272	5.611154
24.00753	17.46909	20.87117	23.86542
23.98942	18.84982	21.7083	5.54983	18.07038
23.93966	16.054	21.70869	7.475345
23.94555	17.82053	22.05481	6.745203	23.68747
23.94555	17.33112	21.37735
23.94555	18.28042	21.68908	24.92804	23.25407
24.03836	17.33174	21.20517	11.94227
23.99333	18.40418	23.03387	0.8498695	15.85906	21.73445
24.05189	18.46948	21.16031	9.272443	3.106907	1.228299
17.19283	22.33558	16.389	14.93997	4.230278
22.35149	15.3671	11.67285
22.35149	18.56946	12.34283	8.415948
16.07902	22.15838	3.91547
19.32421	21.70953	24.24561	2.964335	23.07144
17.7159	23.99243	22.29147	10.31528	6.501101	22.902
17.21424	23.99243	2.857342	21.82655	2.45285	10.62044	6.835326	2.018252
19.58328	23.99243	22.25603	21.73117	11.20986
16.42799	23.99243	22.02139	4.22637	16.02613
15.6615	23.99243	22.11311	6.955209	4.208552	2.679857	12.42372	8.965459
19.13074	24.16027	21.73106	24.10486
19.38003	22.09334	24.06945	16.04096
18.28024	21.73159	24.02228
17.88811	20.8763	23.9811	1.28255	4.0053	1.534382	9.811965
19.2222	21.46964	23.93721	12.46008	13.8656
18.41885	21.66251	24.17649	11.22921	10.42401
17.98896	23.93831	22.23964	11.68359	7.208439
19.03757	22.22264
17.05295	22.12523	12.97992
18.19827	22.12647	6.817376	11.80832	5.5655	16.63279
18.35034	22.35399	20.89681	5.038865	22.19885
18.41014	22.7326	21.39571
16.75611	22.24783	7.135563	14.31006	10.40204
19.49867	22.22566	9.171873	5.857999
17.20058	22.38462	12.16035	12.86387
18.72955	21.64541	18.63802	8.847186	1.711239
15.62864	22.32366	13.00331	8.777486	2.051409	10.71823
18.08843	22.04593	6.019949
22.32233	18.14632	17.33422
22.75392	18.55769	22.06973	0.8773216
22.39622	15.80015	8.276321
18.81246	21.21071	3.282327
14.94475	22.22968	10.34208
18.16789	22.22968	21.72987	17.35595	13.05896	23.86438
17.94305	20.86407	24.13177	4.59313
18.02768	24.13177	22.49188	21.07401	3.737339	14.47609
24.04255	22.13476	15.83671	18.32186	14.71458	4.682463	16.12468
23.95779	22.1961	18.37785	8.827351	23.06243
23.95779	22.57219	17.2809	12.15699
23.94401	10.77476	10.10504	22.05055
24.03378	17.15473	22.07601	7.867117	5.946184
24.03378	18.21784	21.20751	17.01732
24.01843	16.85186	21.74408
22.07969	18.84868	9.06969
22.26151	18.5086	7.778566	4.395213	3.35931	17.31798
22.31111	15.58996
22.21375	16.68181	2.398766	21.32136
22.1427	18.86131	4.837317
21.39037	19.56083	0.08878771	18.45912
17.94926	22.36754	10.46993
17.40192	22.0919	23.64094
18.39185	21.87998	5.675264	1.729088
17.27747	21.68399	8.864107	10.57721
17.67546	22.02835
22.26309	18.91482	10.55742	20.31896
17.48835	22.38688	7.37351
17.16731	21.80846	3.902616	3.063694
22.34585	5.076444	0.387164	17.22598
22.03323	18.00222	12.03273	10.51793	4.046225
23.96709	18.0688	21.68643
23.96709	18.2441	22.08832	7.646467
23.96709	22.20328	17.14851
23.95933	18.14104	21.03182
23.95933	18.39543	22.04199	6.53278
23.95933	18.39543	21.70327	8.195316	3.588305	12.66698	24.91611
24.03855	16.98419	21.21601	12.16974
23.94558	19.18053	21.9265
23.9434	18.48417	21.63933	11.99277	21.40576	23.33291
23.9434	17.50254	22.12853	6.924652
23.9434	18.14772	22.08633	11.85549
24.1204	12.04616	4.466655
24.05547	18.05687	20.98655	14.72807	3.567583
23.98671	17.08375	21.386	11.92624	14.84185	1.376516
23.98671	17.24722	21.01782	2.653604
24.49155	18.4292	21.6975	4.204047	21.97686
24.14548	17.65663	22.45709
24.14548	19.22744	22.30562
24.14548	17.87963	21.82642
23.912	18.37241	21.14104	21.99984	15.74249	8.516798
24.01563	18.39779	21.06408	17.4673	8.551168	13.23892
23.96764	17.07862	21.33041	23.96281	9.30367	2.558825
23.94027	18.467	20.81343	3.558101
23.94027	21.05656	17.33991	23.88278
23.96322	22.40311	17.73113	2.025176
23.96322	21.7364	16.5916	9.148653	6.719332	13.59833
23.96322	22.84488	15.70712	21.40505
23.9627	18.94079	22.29266	3.979421
24.21747	18.14873	21.68508
23.95497	18.45093	22.03811
23.95497	17.30446	21.32316	1.788165
24.06786	21.81042	16.54257	8.443701
23.95856	21.74149	18.38332	14.37909	15.46433
23.95856	18.57658	20.52735	9.159096	3.966205
23.95856	16.43651	21.73769	6.110062	4.466379	12.12351
22.48932	18.37119	9.20174
22.06299	18.25093	2.336494
21.72911	16.46105
21.30104	17.60566	13.21199	16.38696
18.06344	22.09005	5.219214	2.979976
18.33267	22.26343	2.047903
18.34652	24.18169	21.72715	7.215806
18.35516	24.02316	21.72715	5.323915	13.5383	0.7175107	7.746592	6.720947	8.831317	22.39503
18.35248	24.029	21.06589	7.093063	13.13445	2.054638
10.56655	22.39568	4.641624	6.583487	7.125282
18.48237	22.2183	21.58134
18.14005	21.32341	0.9395502	24.4765	14.26182
18.3299	22.03258	24.0296	20.90743
18.22661	23.95295	22.06673
17.11671	23.94625	21.00133	4.486119
18.36566	23.98765	21.68536	8.811692	12.6069	23.30281
18.28098	23.98765	21.68536	6.249181	13.32721
18.89027	23.96407	21.51393	3.467585
18.37194	24.03458	21.5635	6.675043
18.49698	24.05132	23.29109	21.34253
23.99109	21.75277	16.26974
23.99109	22.06348	17.20741	8.167344	2.448187
23.99109	15.26057	11.25964	5.595033	21.96345
23.95686	16.93006	21.33388
23.95686	18.28754	20.69261
23.95686	18.36486	21.70947	5.93614	16.84063
23.95686	18.37421	1.495452	21.52579
23.98385	20.89816	20.73997	23.02814	24.28047	16.96362	22.37512	22.66462
24.05537	18.12047	21.70638	7.065567	0.9426162	21.84148
24.05537	13.92288	21.92939	5.825926	4.429009
24.05537	18.84109	21.17493	12.85727
23.96692	18.28826	21.60738	12.72182
23.96086	17.27437	21.6367	5.063286
23.94158	18.42864	21.09174	9.65175	2.897096	10.11375
23.94507	18.20343	21.4576	12.65051	4.211522
23.94504	18.39038
24.0431	17.30343	22.19415	12.94624	14.90625	10.7989
24.29652	18.99097	22.58849
14.21505	21.7652	23.97622
23.97622	15.69316	21.65822	21.008
23.97622	17.11296	21.38963	5.22267
24.02933	18.88959	20.8386	8.530351	1.889528	16.98114
24.07347	18.28315	21.75948	23.46891
24.07347	18.94198	22.61721	6.374542	8.051627	7.972946
24.07347	18.32797	21.29518	13.52703	1.176569
24.19659	16.54825	21.66385	13.51758
24.02141	18.64425	21.37286
24.10899	21.66471	18.28191
23.96968	21.39157	18.60095	11.30285	14.38617	23.91972
24.01334	21.78338	17.92903	9.243828	0.3952004
24.08258	18.28481	21.69273
24.35066	22.01508	6.182393	17.6441	4.171894	23.34292
23.97232	20.71649	18.16878	13.22336
23.97232	19.17124	21.5662
23.97232	16.68977	22.36317	20.70483	15.55827
23.97232	18.66102	21.28712	10.13602
23.97372	18.64532	20.46997	2.8619	22.68827	15.82522
23.97372	18.31555	14.52162	21.74272	21.97297	6.157446
23.96763	17.6141	21.37715	2.020472
23.96763	18.38992	21.69362	5.081301	0.5156875
23.9725	17.998	3.07622
24.22119	18.32193	21.41088	9.939307	11.19286	22.22386
23.96266	18.43315	20.82169	6.485027
23.96266	18.95301	22.12035	7.642556	11.85923
23.97329	18.26691	6.995515	22.08427	5.521636
23.97329	18.37158	21.7837
23.97329	18.4665	4.433363	21.27008
23.95148	18.39242	21.40481	7.512507	1.018112
24.01956	18.26432	22.56864	2.126256
23.97179	16.29804	22.00507	6.053583
23.97179	18.35263	1.838537	22.038	0.1002552
23.97179	17.9207	21.70215	1.889692
23.97179	18.23861	21.44906
23.9893	19.05543	21.74674	7.053484	8.381718
23.96727	16.84761	21.52338	12.958	1.396636	2.390029
23.96727	17.90536	21.68306	7.075018
23.96727	18.23783	21.68306	21.1214	15.72664	8.76847
23.96003	18.47345	21.74629	7.793194	7.686058
23.96003	22.52597	19.20148	18.39399	3.274178	17.07201
23.99634	17.38025	21.97484	1.095268
24.01989	18.4707	22.14629	3.788322	21.08077
24.01989	18.28543	2.06566	21.49729	22.73809
23.98135	18.2669	21.4156	1.369524	14.73227	23.34469	14.88067
23.98135	18.46186	22.0796	4.25869	3.65348	5.789024
24.01092	20.56309	18.29677	4.734956
22.23621	19.02416	15.08688	17.3073
22.10643	19.66575	7.053511
22.50445	17.51274	21.98061	5.139174
15.79888	21.27587	24.30598	10.93526	15.13009
17.74465	24.25635	21.66166	3.875185
15.44184	24.15292	22.41756	6.264992	2.505413
22.29727	18.08124	1.011644
22.28266	17.11318	6.582955
22.21773	18.47066	5.506173	21.65952
22.06166	17.98159	4.501935	1.861575	0.6424967
22.35825	17.78963
21.93374	19.00171	1.140258	18.97287	21.21097
18.48198	22.26874	10.19842	6.378952	6.308389	8.989977
18.9858	22.21222	7.363606	0.5037182	21.63743
15.83116	24.36937	21.17186
7.024564	24.29299	21.56822	4.53579	5.015154
23.98194	18.63685	22.08497	21.21089	23.16313
24.06449	21.68733	17.0928	3.443708	2.506913	2.43674
23.98686	18.24283	21.78072	5.823207
23.98686	18.66628	21.72947	22.7477
24.03302	18.03081	21.08221	13.45167	23.59353	18.01298	21.18358	17.13148	0.8807163	9.867574
24.03965	18.76025	22.13231	9.777813	22.21107	13.17325
24.17412	18.42632	22.19581	3.437875	21.1288
24.1503	18.26604	21.89692	14.28739	10.97465
24.10679	22.03226	9.250945	1.471252	4.798862
24.05939	22.22875	17.98031	11.15751	17.37646	20.81318
24.22554	22.0964	18.788	11.98481
24.26034	17.5543	1.167911	21.74149
23.93621	16.93566	22.2369	22.9163
23.93621	18.09842	21.59671	6.724106	5.408556
24.06176	18.49021	21.19337	11.13018	13.21499	11.16221
24.06176	18.30599	21.73926	7.91859	13.2706
24.06176	16.59313	21.79305	23.36092	3.696438	0.9085939
22.26266	18.44552	14.26685
22.67002	18.38366	12.02962	21.4466
17.72686	22.26634	13.90537	20.95988
16.51685	22.21589	5.116778
18.71499	21.84277	24.61322	18.10349	8.20503	14.79947	15.95123
18.30004	22.11628	5.096386	1.330998
17.24462	23.96734	21.2254	5.177692
18.97664	23.97316	21.71344
17.8289	23.97316	21.18361	14.11054
15.64724	24.09817	22.22261	4.693061	3.161652	15.03882
18.9748	21.68653	7.705991
22.0748	17.36385	15.13289
22.245	18.06113	16.89415	1.528165
22.36624	14.52847
21.68394	17.53843	23.84434
24.09947	17.34148	5.429682	0.1872933	21.5595
23.96437	18.45294	21.19707	13.91819	0.9154744
23.96437	17.8741	21.98414
23.94393	17.19415	20.57959	6.565003	11.42555
23.94393	15.8581	21.68634	3.11282	12.14468
23.94393	19.27395	20.81536	3.649474
23.94393	19.02941	21.15374	6.803064	3.951428	3.429365
23.98237	15.73706	21.70176	2.972951	12.06199	2.389022	6.258725
23.98237	17.94964	6.098023	0.7188167	1.814381
23.98237	18.39722	22.13242	4.460174
24.02299	21.18931	17.68242	1.612244	11.67792
23.87787	15.56158	21.56782	1.072319
23.97265	18.28541	21.59065	13.87295
23.97265	15.60345	11.97834	21.80613	1.475346
24.02094	17.25679	21.33778	5.074016
24.02094	18.34254	21.36409	9.936338	2.478546	12.3629
18.62258	21.73173	10.58135	3.733867	4.911068	18.40342
18.40736	10.26162	22.05241
18.53336	21.83615	17.48372	8.55031
18.42372	21.6875	11.15222	10.80896
22.0041	17.02174	12.61574
22.48571	18.4641	6.999524	21.73706
21.44557	18.01397
22.36838	18.20426	2.833169
22.3003	16.59614
18.31889	24.13635	22.13498	23.44508	13.27842	11.44121	8.062437	13.10818
17.23867	24.23327	21.24584	21.55069
18.32937	24.06808	21.79344	2.264256	0.8073828
24.07423	21.75231	18.1009	23.1015
24.11721	17.07037	22.21986	24.00595
24.03013	18.05337	22.06347	5.956616	17.32819
24.03013	21.87699	16.86255	16.64515	4.14665
24.07888	17.89883	5.631493	22.29439
22.07409	18.97354	5.520254	17.8155	6.697651	18.90418
17.74507	22.1757
17.31017	22.23342	10.8733	14.53575	8.63328
18.07428	22.19468	22.05533
18.44479	23.88545	5.043815	21.00725	23.21227
18.44479	23.88545	21.97297
18.34944	23.88545	21.18301
18.9687	24.16163	21.71841
17.39355	24.19644	22.17904	9.64606
24.19644	18.04879	21.78662	2.988195	12.27374
24.08985	18.56719	22.21456	6.182295	1.867319	7.024686
24.09122	18.25128	22.03755	6.9929
23.99222	15.02012	21.08181	1.230814	23.83276
23.97206	17.20547	22.08608	9.088314	12.71379	8.95025
23.97206	18.26298	21.64475	2.95933	7.401974
23.97206	18.68683	21.68196	14.11277	15.96873
23.9441	17.61477	20.70879
23.97115	15.71565	21.00254	7.390906
23.97059	18.52089	22.07762	5.17772	4.509483	6.118896
23.97273	18.85288	21.83854	23.22405
23.97273	20.77068	18.98967	22.42343	0.8137877
23.97273	18.99755	20.71242	7.016735	15.74852	1.074498
24.02397	18.08902	20.86051	1.695548	8.05484	0.0104006	6.852088
24.00584	15.09629	21.81268	10.41283	4.291907
23.95922	18.36997	21.37403	1.622289
23.95422	18.35125	21.30698
23.95422	22.25796	18.37912	5.171379
23.95422	22.09359	18.24767	8.865225	8.050264
23.98981	17.31622	21.57545	6.339967	3.833668
23.98981	18.31995	21.42756
24.04838	18.15893	21.08554	7.737114	6.352397	2.750936	22.38565
23.98751	19.03342	22.62108	15.84884	11.63816
23.98072	18.40034	7.669944
23.96964	18.66587	21.41428
23.95415	17.79944	21.35086	7.351693	12.34198	10.67609	17.39496	1.972023
24.00256	18.17358	21.32596	23.27054
24.00256	15.14153	22.62716	5.405327
24.038	22.0856	16.5167	7.194884
24.11133	15.97821	21.09711	1.294505
23.98582	18.44106	21.70824
23.96357	15.48378	21.02809	8.755082	23.81629	10.41392
23.96357	18.51346	21.12383	13.84113
23.96357	17.49848	21.7125	6.041306
23.96357	18.65238	21.86773	8.045567
23.96357	17.66588	21.76507	17.63134
24.0765	19.03493	21.36473
23.95272	18.38255	22.46541	11.9933	5.894151	10.24034
24.08491	18.14511	20.99775	12.92405
