SpeciationRates
0.1789893	0.01544871	0.331841	0.06859785	0.1646415
0.3208932	0.0002956703	0.4458998	0.1874371	0.08846181	0.158776
0.1384533	0.001676185	0.3894434	0.1513262	0.1530096	0.131096	0.2095461	0.1940528	0.2022949
0.1830821	0.0004123885	0.3826056	0.1779841
0.1525338	0.005391516	0.3734441	0.1370295	0.1346165	0.06080449
0.2525419	0.001094021	0.3734441	0.1291081	0.08748663
0.2103233	0.006664672	0.3338421	0.114177	0.2052448
0.1287421	0.04988067	0.367679	0.120374
0.2462727	0.03426393	0.3828623	0.1772249	0.1541126
0.1145604	0.001622947	0.3618996	0.1724941	0.1896321	0.1478432
0.1641342	0.007961834	0.3618996	0.2029154	0.05817576	0.1980545	0.1249018
0.2870138	0.008077708	0.3388821	0.1464479	0.2516685	0.2064233	0.1808203	0.2039411
0.1533032	0.06814949	0.3406407	0.2192764	0.1347434
0.2103367	0.01874383	0.3762014	0.09749759	0.1732894	0.2731513	0.1578674	0.1502516	0.1387952
0.1342346	0.03838157	0.456784	0.1867455	0.1378458	0.08253334
0.1961137	0.06194912	0.4278194	0.08986176	0.1328633	0.1461881
0.2117532	0.04515111	0.3866853	0.197181	0.1218156	0.2399317	0.09785388
0.1792502	0.003314501	0.3866853	0.1915169
0.1280039	0.003662887	0.3307541	0.2302613
0.1946743	0.02543529	0.4205669	0.1618118	0.1755732	0.1825957	0.2332749
0.1076545	0.02134504	0.3877695	0.17341
0.1215384	0.002377879	0.3642923	0.1215089
0.1946602	0.3600799	0.0980944	0.09584672	0.09521436	0.1326765
0.1998233	0.3334223	0.119123	0.0973431
0.2053632	0.4112303	0.0888977	0.07724011	0.02529258
0.1836566	0.3239593	0.1429338	0.0003693455	0.08015352	0.2860737	0.3619878
0.1508129	0.3212335	0.1665406	0.009227074	0.09099402
0.2486894	0.3732035	0.1407849	0.0031043	0.09942428	0.2508982
0.1811845	0.3541664	0.1951036	0.0164047	0.0933216	0.2834865	0.1301228	0.1857838	0.2318136
0.136961	0.4152396	0.1886221	0.008737832
0.1808523	0.3846605	0.1669288	0.02096561	0.168693
0.2646738	0.03681294	0.3719223	0.1951563	0.07175896
0.2654553	0.01941662	0.404728	0.2063077	0.2204055	0.1083205
0.1683894	0.01902362	0.3703791	0.08025923	0.102018	0.146895	0.1524041	0.1164156
0.1578084	0.004899471	0.1972957	0.1789277	0.2023621	0.1136827	0.3122648
0.1687643	0.01271327	0.380191	0.1726739	0.1453439	0.1429329	0.1893509	0.2000049
0.1134526	0.03843367	0.3824367	0.1078833	0.2642242
0.3200642	0.06692662	0.3480253	0.1353234	0.1348991
0.1150867	0.01950972	0.4877141	0.1453186	0.1128092
0.1857546	0.006643853	0.3312005	0.220177	0.1914725
0.1776257	0.01872757	0.4347935	0.1541139	0.2291011	0.1766811
0.1692199	0.04634596	0.4210893	0.1761782	0.0470229	0.1031228	0.185942
0.2091756	0.04797207	0.4237062	0.2252161	0.09989402	0.09543631
0.1910837	0.0002669634	0.3749582	0.1838963	0.1071149	0.05743376	0.3270709	0.1862039
0.1843329	0.03254685	0.3954175	0.1160511	0.1361162
0.2664397	0.01625956	0.3313944	0.1280996	0.2063412	0.1661024
0.1955859	0.03617987	0.4114146	0.1516071	0.3115166	0.1629089
0.3568406	0.02037387	0.1310233
0.3526054	0.02118123	0.1964126	0.124726
0.3496709	0.03749259	0.1958923
0.2006386	0.01372292	0.1467226	0.369976	0.1523492
0.2508505	0.002242455	0.1833396	0.3571977
0.234283	0.001637632	0.09642953	0.2830577	0.105231	0.161141	0.3235064	0.1630716
0.2411346	0.0008473506	0.1340633	0.3904169	0.09984726
0.1956941	0.0003492459	0.409205	0.1355121	0.2566137	0.07049108
0.1184491	0.00023645	0.341712	0.1914223
0.1841723	0.001530979	0.3486648	0.1500165	0.1392331	0.1483598
0.2665876	0.0007580657	0.3232491	0.1792835	0.1640238	0.2089944	0.1966478
0.1756672	0.03580082	0.4879015	0.2180049	0.06631599	0.2357932	0.2709987
0.2544692	0.02026805	0.4135781	0.1171811	0.1932032	0.2135764	0.1508177
0.2544692	0.01620571	0.3532294	0.1390898	0.1358037
0.1697056	0.02449778	0.3381489	0.2383913	0.06925875	0.1027217
0.1094019	0.003195033	0.3381473	0.1238249	0.2117242	0.156754
0.2709534	0.02635952	0.3497811	0.222018
0.179979	0.007326347	0.1656163	0.2127666	0.3131956	0.1382724	0.1931645
0.1867269	0.01407293	0.3935811	0.1950342	0.1813182	0.281127
0.1504624	0.01188959	0.3477151	0.1734596	0.1049851
0.20711	0.001472378	0.3936626	0.1206831	0.1317722	0.1585528	0.1154744
0.1542568	0.007819273	0.2775959	0.2174982
0.2607949	0.02344587	0.4107523	0.2136021	0.1134389	0.2559178	0.100498
0.1579379	0.04481317	0.2524732	0.4090976	0.2388675	0.3307356
0.1516393	0.005018039	0.3209766	0.1282112	0.1446947	0.2866234
0.2975382	0.02477071	0.3622287	0.15285	0.1626563	0.3155523	0.210016
0.1815894	0.04249718	0.3970955	0.1871846	0.09669157	0.2295378	0.1564071
0.07202296	0.009739426	0.3980943	0.2069364	0.2230394	0.2286293	0.2679757
0.1452134	0.02583431	0.3887512	0.2213676	0.2298055
0.09884548	0.009455498	0.3099498	0.196611	0.1737127	0.2189922
0.1016149	0.04088335	0.2332405	0.1956244	0.07402071	0.2805026	0.2760816	0.2168776	0.3100784
0.118188	0.01075434	0.1805222	0.3453842
0.2021043	0.0395479	0.115704	0.4287723
0.2424194	0.02308136	0.3554337	0.1142072	0.1667778	0.1357008
0.2118958	0.2979701	0.108502	0.14416	0.1969259	0.1875359	0.2107797
0.162374	0.1034173	0.3657114
0.211245	0.04371972	0.3468258	0.08248247	0.1398505
0.1786855	0.02253608	0.3813326	0.1586969	0.1513486
0.1706145	0.008669742	0.3882768	0.1887888	0.1448001	0.1006946
0.1812518	0.008495562	0.3491473	0.1506174	0.196679	0.1599856
0.1324152	0.01988635	0.3197775	0.09351814	0.3024418	0.2545999	0.07694899	0.1425422
0.2532738	0.008202067	0.4595084	0.1434035	0.1179146
0.1923759	0.05427013	0.4349645	0.2698446	0.1303787
0.280674	0.3290385	0.112255	0.09469963	0.02618726
0.2078298	0.1583249	0.01105878	0.3611454	0.1540307	0.06554324	0.1702578
0.2753654	0.007541328	0.2890125	0.1075575
0.1473205	0.03804269	0.4445952	0.2107528	0.239504	0.1289555
0.1630256	0.01486819	0.370098	0.1665412	0.1703925
0.1376246	0.02308164	0.3938537	0.1936809
0.1938869	0.01658275	0.4016849	0.1849691	0.1221821	0.1911822	0.1172992
0.1656207	0.05806364	0.3129615	0.1284033	0.1620477	0.1382897
0.2481038	0.02042462	0.176454	0.4063885	0.1424426	0.04020308	0.2479821
0.337191	0.007174329	0.1222629	0.3252867	0.1089505	0.1881611	0.07984446
0.1367871	0.03453788	0.1826505	0.4039875	0.1201931	0.2401892
0.2777895	0.06953915	0.1364891	0.3721423	0.1371664
0.2512238	0.01423073	0.3707318	0.2056576	0.1015969
0.1810205	0.009191433	0.3788859	0.1778017	0.1967997	0.2258978
0.165783	0.001583295	0.3649639	0.14563
0.1821609	0.002151207	0.3446549	0.1418832
0.1000607	0.01492906	0.3554255	0.1448232	0.1152735
0.1688816	0.0113233	0.3312161	0.1158081	0.1163905
0.1284361	0.03753398	0.4322896	0.1681643	0.1977061	0.1219652	0.1443479	0.269757
0.1145025	0.03107219	0.3735372	0.1226117	0.09919115	0.1453769
0.1486028	0.2819459	0.06510832	0.1696168	0.2204637
0.2232634	0.3288159	0.05099512	0.03782419	0.09902028
0.113247	0.3951738	0.1499605	0.1306876
0.1432466	0.06762376	0.3963439	0.04432631	0.2507569	0.09430137	0.1657593
0.1631555	0.4105099	0.1056028	0.1366877	0.1518706	0.1997274
0.144655	0.3898543	0.08553628	0.3214607
0.2956925	0.3584075	0.0998246	0.1325832
0.1308626	0.3657218	0.07953266	0.1494418	0.2081717	0.1560595
0.2672951	0.4168383	0.1082923	0.2129544
0.147104	0.4025906	0.06849268	0.1060568	0.1539017	0.2567584
0.08709312	0.11763	0.3470252
0.1898733	0.282883	0.0999458	0.1056643	0.19718	0.1389271
0.1883932	0.2985797	0.1010865	0.2424839
0.1460019	0.2996383	0.09688405	0.09162031	0.1347606
0.1696464	0.07119254	0.3377846	0.1529778
0.2159736	0.1385996	0.2301077	0.3857727	0.08147165
0.2535446	0.06798737	0.1967764	0.3227687
0.1596134	0.08276271	0.3515592	0.2231332	0.2342468	0.150282
0.221918	0.06886769	0.3951456	0.2122304	0.1277618	0.1850146
0.02587976	0.04377426	0.4293902	0.1761009	0.1903497	0.2507926	0.1754259
0.3217638	0.05913447	0.4088997	0.1154797	0.07861542
0.2234263	0.002614958	0.4247988	0.172401	0.1497161	0.1405385
0.2561044	0.01483473	0.2298401	0.2391291	0.08592707
0.1686476	0.01039753	0.385601	0.3046265	0.008862414	0.2354625
0.2189306	0.06745936	0.4211627	0.2494043
0.1464395	0.0344586	0.1709562	0.1899929	0.2799841
0.1241627	0.02997611	0.1502308	0.07834324	0.3853137	0.2391314	0.177499
0.101002	0.002097612	0.3240886	0.1578203	0.1954921	0.1641001	0.1413868	0.262703	0.1940865
0.05532276	0.001775314	0.3436356	0.1464917	0.1372097	0.1644013	0.2414995	0.1357162	0.2366775	0.221344
0.1000904	0.08514042	0.3512353	0.1945126	0.1180871	0.1506892	0.2972064	0.07873728
0.1220883	0.3314034	0.0727577	0.1209945
0.1034852	0.3875412	0.1036549	0.09943583	0.2334276	0.09135877
0.276446	0.3860899	0.103072	0.07017161
0.1567646	0.2922585	0.07815966	0.1744159
0.2085392	0.06777092	0.07548239	0.3266921
0.1109085	0.07881281	0.3486317	0.0840529
0.3069821	0.102166	0.3774814	0.1565748	0.2748904
0.1443186	0.1431566	0.4103918	0.1048762
0.1233993	0.1202471	0.4103918	0.1746371
0.2007492	0.03893431	0.3601111	0.1518745	0.1236637	0.2530394	0.1383072	0.1882756
0.3153449	0.006161098	0.3474128	0.1226343	0.1004369	0.2238392
0.1003305	0.002834498	0.3224968	0.1214473	0.1458723
0.3164517	0.004389523	0.4278315	0.1922788	0.194727	0.1252221
0.2429912	0.007807565	0.1983287	0.4715118	0.1096887	0.1853714
0.1374834	0.03685604	0.196797	0.3627141	0.1856327	0.07323134	0.2540392	0.1258245	0.170135
0.2954527	0.01247869	0.1493949	0.264742	0.1789726	0.1729061	0.3401065
0.1804089	0.001337074	0.4377282	0.242355	0.1063339	0.1475723
0.2523808	0.00910852	0.3305053	0.1855174	0.1352452	0.08361719	0.1654065
0.1027609	0.05504917	0.4363499	0.2337047	0.1467286	0.1426139	0.1336055
0.2177166	0.07358972	0.4481648	0.1307726	0.1360437
0.2148543	0.002834926	0.3140488	0.07790681	0.2350346	0.1332861	0.09908856
0.2064165	0.002237516	0.4301318	0.1929009	0.1538458
0.1179598	0.02148188	0.3609531	0.1596649	0.2610853	0.1457264
0.2438543	0.003869687	0.2885761	0.08129259	0.1278719
0.1605732	0.006690428	0.4307753	0.1528886	0.246114	0.330592	0.3883701
0.2268836	0.04621214	0.3770733	0.1820098	0.1414991
0.1459372	0.03668474	0.5027303	0.1862728	0.08825287
0.188776	0.005297818	0.3705657	0.187655	0.2093955	0.2725296	0.2453114
0.1533108	0.05408258	0.358598	0.121818	0.06071616	0.3395576
0.1560664	0.01642332	0.4531396	0.1702229	0.2934325
0.1915867	0.0137797	0.3973354	0.142166	0.07424627	0.1420212	0.2475016
0.2283623	0.02394917	0.3674025	0.1851411
0.322693	0.01018925	0.1654183	0.2602388	0.3317717	0.2709164	0.115363
0.1678649	0.003106471	0.1543157	0.2644001	0.1454407	0.1179385	0.1410754	0.3399884
0.1863563	0.01757405	0.3050256	0.195228
0.2651543	0.001659989	0.4111594	0.159773	0.1149317
0.1006167	0.003720107	0.394067	0.1502941
0.2792869	0.007662163	0.4151578	0.1680837	0.1573936	0.1586279	0.1747396
0.2836491	0.3816057	0.11198	0.1109221
0.1881902	0.3727194	0.09492814	0.1123675
0.3195565	0.08600836	0.4103919	0.1456461	0.2542505
0.3086527	0.110953	0.2620555	0.1346454	0.1517003	0.2332442
0.2200729	0.07545687	0.3147677	0.1305947	0.2057516	0.2349126
0.2656098	0.005568881	0.3626433	0.142815	0.1725743
0.2237927	0.03196042	0.4072948	0.1056935	0.1243543	0.2809278
0.1742481	0.07130837	0.4200621	0.1717946	0.13129	0.2388229
0.178335	0.0231528	0.3665927	0.08445895	0.1649493
0.246251	0.02215787	0.4250648	0.1099166	0.1502617	0.234795
0.3323059	0.01192894	0.1413941
0.3353277	0.1020053
0.1945783	0.03360468	0.3404493	0.1553815	0.2177452	0.1967706	0.1561596
0.2307535	0.01650821	0.1198118	0.321137	0.2471795	0.1482082
0.147116	0.03709861	0.1882023	0.4040901	0.2889182
0.2441976	0.005483394	0.450608	0.1831976	0.2453812	0.1502249	0.2505387	0.2109959
0.1371596	0.02002928	0.4069901	0.184856
0.2401011	0.0157099	0.3704638	0.1962586
0.08986826	0.007507499	0.3911286	0.166797
0.1370966	0.007885392	0.3267124	0.1789765
0.1717795	0.007217314	0.4015431	0.1157629	0.1726937
0.1953462	0.008715713	0.4521703	0.115359	0.1002032
0.1921193	0.03852715	0.3718715	0.2027277	0.06350784	0.2524589
0.1378102	0.08480239	0.2763095	0.1141285
0.1014725	0.001434155	0.3740514	0.1649019
0.1701757	0.008933096	0.3526828	0.1626998
0.207473	0.009789589	0.3306335	0.1507092	0.3068082
0.2752878	0.03441924	0.1661659	0.3339591	0.09974037	0.1176044
0.2042142	0.05823344	0.3531773	0.156567
0.2144539	0.03159084	0.3146768	0.1721946	0.1738761	0.134703	0.3027025
0.2853004	0.0186272	0.1328977	0.3684677	0.1449697
0.2037809	0.08633155	0.293739	0.1328713
0.2558164	0.08292593	0.3373392	0.09669566	0.2891738
0.2000372	0.1102423	0.3418423	0.1133445	0.1297311
0.35657	0.09858989	0.3418423	0.1862446	0.2573142	0.1190182
0.3054047	0.09003642	0.3075283	0.1255079
0.1788492	0.0796647	0.2863226	0.07143896	0.2657455
0.1581249	0.2906075	0.1044477	0.2626188
0.387367	0.382626	0.09722998	0.176704
0.2169514	0.3607687	0.06722829	0.200945	0.1042304
0.1155137	0.3605576	0.08668894	0.1049268	0.2737667
0.170104	0.3622265	0.1140713	0.2354191	0.1494243	0.3187866	0.2358553
0.1666972	0.4427165	0.1552622
0.247047	0.3849281	0.07497905	0.1866377	0.1524409
0.1390526	0.108858	0.3526635	0.05347691	0.2141648
0.1716106	0.1554652	0.3825781	0.06440763	0.1690739	0.12257
0.2661728	0.00803882	0.3113093	0.1640351	0.165719
0.1896761	0.1124386	0.3566138	0.1285723
0.2033127	0.03931038	0.391706	0.1033371	0.1980557	0.1783603
0.2498499	0.04617265	0.3867021	0.2295319
0.3353311	0.06386196	0.3426024	0.07103186
0.1597503	0.3547572	0.06565321
0.1221152	0.3980509	0.1567465	0.02360129
0.1469725	0.3587248	0.1198551	0.04105313
0.2611486	0.3737929	0.1126994	0.006076221	0.06650471
0.1251216	0.01116709	0.3246991	0.1604065	0.1763953	0.1547748
0.1736579	0.009652964	0.3631465	0.1692854	0.1037109	0.2337443
0.1851441	0.02403239	0.3631465	0.1964985	0.09435005
0.1099806	0.001430403	0.3723658	0.1574286	0.2061988	0.1606938
0.2620718	0.06365111	0.3992869	0.1673883	0.2726194	0.1988245
0.1554486	0.1148141	0.340116	0.07522959	0.1602976
0.2081699	0.3288169	0.02729819	0.1500855	0.1524976	0.127273	0.2966487
0.2260898	0.01255245	0.1427263	0.1049507	0.3492361	0.2457669
0.3207077	0.01742602	0.2417977	0.3732457	0.1753005
0.1792276	0.003276629	0.3299309	0.1650424
0.1855731	0.02994439	0.4647863	0.1663883	0.08091631	0.106179
0.1970325	0.01442388	0.3988259	0.1920311	0.1073679	0.1127624
0.3167535	0.0199907	0.3279282	0.09877072	0.2291444	0.1773417
0.06195354	0.002394338	0.2863901	0.1441105	0.09897184	0.2609314
0.1963087	0.01021313	0.1421893	0.2209973	0.3155247	0.1926851
0.1936374	0.01573025	0.2161603	0.2998943
0.2199556	0.0126166	0.3793957	0.154418	0.102714	0.3371193	0.1676954
0.2226025	0.03877662	0.3721688	0.163582	0.07212112	0.06946713
0.2970145	0.08350932	0.3052599	0.1335163	0.1227479
0.1883859	0.02407253	0.1127506	0.2561522	0.2080648
0.1896843	0.01865365	0.1918592	0.4655947	0.06494576	0.2724864	0.1333384
0.1615118	0.006895733	0.4312927	0.1814769
0.09139368	0.005098402	0.3878745	0.1746685	0.1405549
0.224672	0.00212305	0.3423408	0.1660463	0.1196558	0.1483118	0.1565411
0.2654095	0.02809199	0.4272401	0.1725384	0.145555
0.1989208	0.021133	0.3558573	0.07380283
0.03954224	0.0156321	0.4194285	0.1909366	0.1902521
0.1862693	0.0344449	0.3719446	0.0942555	0.1138878
0.1186538	0.05072583	0.3949316	0.1902784	0.07522803	0.1850026
0.182789	0.03242811	0.3349872	0.1841965	0.1868303	0.1794181
0.2246846	0.05969956	0.3780228	0.1340674	0.1546425	0.3041572	0.2556235
0.3056703	0.01592173	0.2713877	0.1172428	0.1306566
0.2376756	0.004961227	0.4622663	0.08633948	0.1402637	0.09773373
0.1751708	0.01052602	0.3020792	0.1766843	0.09287294	0.1453105
0.2379956	0.009128343	0.1366006	0.29472
0.2690604	0.01170309	0.326331	0.0967483	0.3040315
0.2426491	0.006339903	0.3499637	0.1735442	0.1661761	0.1606171	0.251553
0.1697782	0.02149374	0.3623978	0.03195942	0.214274
0.2491493	0.006040111	0.3179273	0.1169214	0.1798823
0.3378285	0.02630241	0.3428639	0.1620593	0.1435162
0.2514843	0.007790154	0.3439942	0.2050466	0.2621661	0.1111305	0.1203299	0.06739126
0.1246941	0.0264859	0.3565425	0.2038448	0.1666839	0.1047294
0.1839919	0.007096835	0.4327872	0.1369715	0.09864396	0.2684938	0.1329406
0.2852788	0.007097985	0.4631907	0.1685603	0.1747212
0.1629552	0.007689126	0.3188775	0.1880979	0.1159622	0.2960032
0.2624117	0.004024739
0.2299884	0.01872289	0.280654	0.1511002
0.2188975	0.04064125	0.4738384	0.2172459	0.1576206	0.1433832
0.1814044	0.02728107	0.3004791	0.2288211	0.1055485	0.1295246
0.145584	0.07132136	0.161025	0.3949713	0.2196846
0.1155174	0.02832821	0.3269103	0.1477724	0.1260213
0.1216721	0.03437478	0.3510932	0.102247
0.1099267	0.01791688	0.3510932	0.1758894
0.2470918	0.06171369	0.3494135	0.1848761	0.1780474
0.2757582	0.03851396	0.4080349	0.1566061	0.165391	0.1579873	0.1393772	0.1390931
0.1233456	0.01172621	0.3507448	0.1498153
0.1266289	0.01982957	0.3068189	0.1366528	0.1091848	0.2425628
0.2062359	0.006778968	0.3142354	0.2377434	0.2288679	0.1347467	0.2485651
0.128154	0.02133786	0.4097894	0.1344393	0.249118
0.31509	0.01018186	0.315477	0.3925596	0.1928353
0.1454445	0.0003694264	0.3396868	0.07977916	0.1593553	0.112707
0.181079	0.01520879	0.4455108	0.1653573
0.1846765	0.004110249	0.3720697	0.1542831
0.2247758	0.04153957	0.4576829	0.1635513	0.1400869
0.1904106	0.002196624	0.483416	0.260338	0.1948775
0.2674208	0.03233322	0.3859243	0.1901401	0.2037139
0.2295	0.01505329	0.4108605	0.1849507	0.09376677
0.2456419	0.03002194	0.3698049	0.1691973	0.1860755
0.09457471	0.0913673	0.339477	0.09293793	0.2211459	0.1718102
0.3365681	0.1322398	0.3978609	0.1053141	0.1658083	0.1617089
0.1641856	0.06058936	0.4035198	0.1464294
0.3149195	0.1159275	0.3152027	0.1364021	0.06890814	0.2286981
0.2329677	0.1083496	0.3462658	0.1271991
0.1245805	0.0624003	0.3231178
0.1688731	0.1023763	0.3560367	0.1941963	0.1890402	0.1122909
0.2026351	0.09649619	0.3911114	0.1612819	0.2330101
0.1342435	0.1133276	0.346026	0.2185296
0.1822547	0.1181397	0.4674692	0.2728451	0.2041712
0.2187438	0.1319649	0.3781532	0.02623161	0.02646233
0.2658087	0.1442352	0.3616825	0.01724464	0.1554998	0.2553847
0.1616883	0.1994115	0.4219153	0.01287182
0.2356714	0.09296581	0.3610453	0.06043065	0.1454446	0.1477186
0.2261224	0.3240814	0.01658685	0.3123735	0.1683476	0.2441682	0.1437805
0.2325806	0.3966847	0.0148546	0.105688	0.1009125	0.2884159	0.1660823
0.1365397	0.3572894	0.01574225	0.1340074	0.2074463
0.1498911	0.3317711	0.003166884	0.1408471
0.1562351	0.01731912	0.2500578	0.2460115	0.3955302	0.1708396	0.3237217	0.123474	0.1808039	0.1191416
0.1954847	0.07123581	0.2023745	0.4757701	0.2019817
0.1162298	0.01419253	0.1367919	0.3496901
0.2186821	0.001603626	0.1667224	0.3468354	0.0854529
0.2370492	0.00274191	0.1930832	0.4205054	0.07189284
0.3119654	0.001447805	0.2572997	0.412292	0.1154645	0.202912	0.2412812	0.30214
0.1949179	0.0183857	0.37381	0.1618071	0.09516753	0.2048451
0.1872393	0.04670352	0.3603093	0.2059036	0.1391382	0.1324804
0.1755284	0.04119846	0.3767015	0.1360635	0.1330353
0.2384581	0.02061046	0.432891	0.1682315	0.1290314
0.2924621	0.01076343	0.4467417	0.1732959	0.1009826
0.2840047	0.01474439	0.1047383	0.1514462	0.2512253	0.2565251
0.2590606	0.009722084	0.1853259	0.3001578	0.1583909
0.2560238	0.0166972	0.1365264	0.4033138	0.2050657	0.1839544
0.2852781	0.1063835	0.1659096	0.2947049
0.2890488	0.1016929	0.3973975	0.1470128	0.3252768	0.2183856	0.1764232
0.2271904	0.05416488	0.3290321	0.1036153
0.3530825	0.1354658	0.3491074	0.1561878	0.1461057	0.3497679
0.3394733	0.08098424	0.3491074	0.2173577	0.01653885	0.1051683	0.0984821	0.1428574
0.1337377	0.3223756	0.003944171	0.1216576	0.1373874	0.1350294	0.1391181
0.2869802	0.2608584	0.002615827	0.1462157	0.3026272
0.2136392	0.05754329	0.3799648	0.1710457	0.1562701
0.170752	0.01962859	0.3435384	0.1913512	0.1179052	0.1102103
0.08093902	0.04716133	0.3818844	0.1893873	0.2359306
0.1196181	0.0774185	0.3099406	0.1524568
0.1764749	0.37591	0.04084973	0.162007	0.06767555
0.2608861	0.4092276	0.0007319588	0.1712706	0.127359	0.1870034
0.104476	0.4092276	0.01971377	0.1497123	0.2127214	0.2266556
0.1862875	0.4122057	0.01653922	0.1787435	0.1355151	0.04875745	0.132058
0.151153	0.2930225	0.009709175	0.1429896	0.1447726	0.2503087	0.0849547
0.1695478	0.3697594	0.0009497323	0.1641767
0.1625276	0.3235762	0.02454407	0.2289497	0.1117664	0.1422621
0.1793548	0.4121242	0.04973695	0.1725102	0.1650056
0.2786817	0.3521559	0.1271912	0.1260828	0.1133309	0.1209906	0.1445193
0.1897999	0.3521559	0.1215838	0.04511045	0.1969366	0.1853342
0.2567592	0.4213144	0.09729859	0.08126476	0.2085962	0.1782112
0.1842565	0.3840943	0.0058119	0.2076252
0.1186512	0.3840943	0.05854583	0.1985741
0.2537583	0.3259009	0.08975309	0.2007565
0.1462634	0.3831195	0.1560812	0.1315666	0.2322119
0.1674891	0.3323904	0.1616598	0.01549972
0.2414314	0.4552382	0.1873146	0.009409212	0.06918109	0.1184727	0.2614809
0.2158205	0.3925704	0.2040944	0.0292546	0.137264	0.1700577	0.1353257
0.0761041	0.05456048	0.154213	0.4618684	0.1531118
0.282598	0.02923559	0.1539251	0.3461623	0.1106002	0.2766373
0.1976093	0.01059557	0.311196	0.1383881	0.1337304
0.2497047	0.01742285	0.4302357	0.226784	0.2166246	0.1342674
0.175726	0.07328789	0.3804081	0.1826129
0.2628836	0.02230902	0.4177539	0.1693432	0.1203839
0.2313024	0.002707845	0.3931879	0.2168809	0.1951682
0.2476348	0.008997061	0.1685263	0.3262256	0.1204105	0.1868999
0.1100047	0.01072987	0.1787115	0.4036099
0.26953	0.007613507	0.161343	0.3815027	0.2558949	0.1298296
0.199503	0.002820791	0.171641	0.3864934	0.1150871
0.1830699	0.001230234	0.1504541	0.3708963	0.1058979
0.2652052	0.05090291	0.4180063	0.1404685
0.3183234	0.03497541	0.448664	0.2194648	0.07781442
0.1880034	0.009001853	0.3438873	0.1289525	0.1474577	0.1698067
0.2923302	0.00484575	0.4020261	0.1237126	0.1279021	0.1288804
0.2850354	0.008158049	0.1459196	0.3757028	0.0884721	0.2620486	0.1904915	0.2386747	0.1345883
0.1626515	0.01246996	0.1441712	0.3904574	0.07494771	0.1749308
0.1935224	0.009294826	0.1331828	0.383323	0.141567
0.2796288	0.1794693	0.3870402	0.02346966	0.03786243	0.2776162	0.1213885
0.2210808	0.1350774	0.3230081	0.03656249	0.1938961
0.1790372	0.1696205	0.4222724	0.01114492	0.367216	0.2737465	0.1158278
0.1265623	0.01482153	0.1139588	0.3020029
0.2218792	0.000381592	0.1032584	0.3614845	0.1194922	0.1167689
0.255829	0.007707519	0.1863369	0.3974417	0.2391613	0.2177235
0.1722998	0.009378809	0.1770758	0.368042	0.09867642
0.1573318	0.002572745	0.3770441	0.1658526	0.1539115
0.1920401	0.01003263	0.3431865	0.1814666	0.1250051
0.2016048	0.03960294	0.3881517	0.2186047	0.2231305
0.3336992	0.006212601	0.1007277	0.07967681	0.1915635	0.1319421	0.1737503	0.3037894	0.2756239	0.1242103	0.2347256
0.290841	0.001839684	0.2115059	0.2550476	0.300763	0.07933091	0.2405947	0.3109499
0.2252564	0.003404297	0.3928069	0.1791169
0.1820772	0.02467381	0.3180159	0.1948049	0.1130318	0.1779122
0.2666277	0.01194873	0.1866156	0.3155815
0.2451415	0.01337356	0.284959	0.1191432
0.1731047	0.005156678	0.3470024	0.2360726	0.245433	0.166498
0.212312	0.01441762	0.3630441	0.1447019
0.1438371	0.02513951	0.2613417	0.1571093	0.2119903	0.2022941
0.2185659	0.008814969	0.3610909	0.08924865	0.1851699	0.1205581	0.1227018	0.1459001
0.1341734	0.01565535	0.3965519	0.2100679
0.1333719	0.01870003	0.3905444	0.1641234	0.263568
0.2417426	0.01416208	0.3491389	0.1993386	0.03345868
0.1373359	0.002904302	0.3855887	0.1570016	0.1412088
0.2508595	0.04412917	0.3312387	0.166528	0.1330836	0.2797846
0.1295494	0.02779685	0.1513765	0.3928565
0.1223651	0.007252546	0.368102	0.1421608	0.1175157
0.1485511	0.3188444	0.1271022
0.2262819	0.3155982	0.07185317	0.1279205	0.290536
0.1372499	0.1160336	0.3540215	0.1807491	0.1535767
0.2533366	0.3870439	0.00468403	0.09874947	0.1136955
0.08848929	0.008462423	0.394891	0.09886289
0.163582	0.03506701	0.3982203	0.123745	0.1892485
0.1064726	0.03453552	0.1743831	0.2961565
0.2844303	0.02018234	0.1583176	0.3249915	0.1364348
0.1701056	0.05455244	0.3645413	0.2035291	0.1561459	0.1098015	0.09611415
0.1970701	0.01215553	0.3580012	0.1263965	0.1591137
0.08961363	0.01972776	0.3784573	0.1186698	0.2694008	0.0909816
0.2026139	0.03454862	0.3694548	0.1739766
0.1899397	0.001960727	0.3387269	0.09024163	0.1350492
0.1686048	0.00488468	0.3424201	0.05214242	0.122803
0.1445344	0.01462923	0.363952	0.08935218	0.109518	0.2848081	0.1632222
0.1658455	0.03126052	0.3386332	0.07956623	0.2447461	0.2436691
0.1333476	0.3832205	0.1370624	0.1222828
0.1260444	0.3416554	0.09730555
0.3085964	0.374211	0.0955663	0.03625057	0.2403085	0.1333116
0.2108277	0.4249488	0.08754214	0.07581747	0.1257932
0.1904439	0.358136	0.0774752
0.1327	0.2712439	0.07403703	0.1654189
0.1389926	0.3104711	0.07041284
0.1340389	0.4110319	0.1055455
0.1048506	0.3740741	0.1448822
0.1758835	0.5128531	0.01349469	0.1023715	0.1970997	0.2648889	0.1356288
0.2472223	0.3581054	0.01514742	0.1447759	0.15176	0.17891
0.1963918	0.4726344	0.009104842	0.1345902	0.2043205
0.1835884	0.418419	0.007591561	0.1556658	0.1711658	0.1322822
0.08984956	0.3855967	0.01308823	0.1569015	0.09832739
0.2385639	0.3461633	0.001240091	0.1425971	0.1730063
0.2273943	0.3728655	0.009782006	0.1201818	0.0973592	0.3326802
0.1512386	0.01371207	0.1344165	0.3987184	0.1339838
0.3274943	0.07410277	0.1372258	0.4147554	0.1595435	0.2283372
0.1720108	0.01668517	0.1448231	0.4223373	0.08211637
0.1757293	0.01284042	0.4430796	0.1982189	0.1889142
0.2421973	0.001672985	0.370757	0.1309583	0.1256318	0.1716329
0.2037953	0.002786134	0.3617085	0.1644862	0.1119664
0.2035006	0.00972152	0.3156589	0.1069607	0.2028359	0.2246369
0.1102833	0.0473413	0.3064304	0.1411863
0.1471795	0.0189365	0.4091799	0.1818095	0.05108703	0.1806416
0.2225929	0.02930587	0.4091799	0.212318	0.1624741
0.2436696	0.009768202	0.3771987	0.1749953	0.1207285	0.03042909	0.2054616
0.2585689	0.009234318	0.4049936	0.2020995	0.1555282	0.2451635	0.1487823
0.1634994	0.3484454	0.09746455	0.2163417	0.220353	0.136841
0.1710843	0.05648195	0.4101167	0.1483836
0.2662566	0.09662791	0.3380834	0.2201053	0.2191965
0.2212001	0.3327759	0.1168342	0.06197928
0.1967166	0.3689412	0.06447853	0.02582204	0.1792696	0.1851962
0.2871402	0.3285106	0.01292271	0.1543129	0.1013077	0.1954984	0.2296658
0.2421374	0.3342877	0.00305273	0.1145162	0.1418255	0.2736468	0.1514622	0.1288113	0.08522088
0.1989533	0.3251926	0.007492787	0.1333879	0.2134814	0.1642816
0.2091882	0.3251926	0.007490168	0.1666584	0.2999365	0.1319828
0.2497372	0.3611307	0.01253155	0.2053325	0.1204639	0.1931116	0.1932588	0.1949113	0.1921714
0.1510667	0.4222676	0.04374232	0.1922234	0.03453579
0.1029407	0.3724441	0.1211432	0.07840631	0.1447823
0.2069035	0.4177934	0.1769736	0.02912736
0.1318509	0.4177934	0.1940475	0.01704784	0.1385112	0.1124831	0.2293416	0.09356077
0.1904531	0.408082	0.2289122	0.02971858	0.09738571	0.2672341
0.1707673	0.3712211	0.1638742	0.03992792	0.1779789	0.117752
0.1096256	0.4380528	0.02064324	0.1300714	0.1002028	0.3071319
0.1952853	0.3791929	0.1060268
0.1675697	0.4700764	0.07517561	0.09040759
0.2147767	0.387945	0.1115864	0.1537937	0.2164095	0.1136124	0.1178483
0.1722873	0.3725924	0.04331963	0.2491719	0.1436716	0.1276719
0.1087601	0.3392284	0.09993757	0.1370187
0.2294345	0.3783873	0.09463072	0.1445082	0.1060334	0.1546872
0.2246985	0.3967511	0.078083	0.2160488	0.2112959
0.202386	0.2980952	0.1148413	0.1209302	0.04743162
0.1158228	0.357081	0.1025019	0.2152136	0.1508986	0.1975755
0.2960718	0.3109196	0.1074787	0.06053657	0.1961066	0.1845546	0.1791635
0.1761488	0.4291089	0.1246927	0.07821854
0.1355987	0.1158542	0.327716	0.163091
0.122266	0.07563728	0.2740706	0.163168	0.1026068
0.1870277	0.07444937	0.3379738	0.1715
0.2073033	0.450965	0.1320061	0.2221591
0.234873	0.338412	0.08021017	0.06311748
0.1883365	0.4351932	0.09367089	0.2658183	0.1498625	0.2111129	0.08142229
0.1840866	0.4373179	0.1706112	0.07398599	0.1671439
0.2115352	0.3267471	0.03014661	0.2176931	0.253813	0.2177846	0.1754939
0.04892871	0.005722092	0.1253591	0.1376285	0.3273699	0.3371826	0.1106392	0.1180395
0.195573	0.03155238	0.1794915	0.3358219	0.1765844	0.179277
0.1829178	0.006914202	0.1773019	0.336406	0.08358236
0.2212015	0.00682573	0.3629444	0.1679581	0.2214679
0.2884599	0.006051642	0.4138403	0.1801734	0.1958391	0.1007658
0.08946827	0.01713943	0.3253167	0.1400548	0.07640989
0.143617	0.04423891	0.3742187	0.1933527
0.1606894	0.07945787	0.2751468	0.1363799
0.2051599	0.06013282	0.4034574	0.233253	0.1600884	0.1893891	0.213087
0.1416858	0.06077708	0.3121295
0.2454897	0.1095992	0.329389	0.03802692	0.3158097
0.2301571	0.07379462	0.3927416	0.1295462
0.2599081	0.1083551	0.3634766	0.08471197	0.2300491
0.1407834	0.4002271	0.08119283	0.1358157
0.1459163	0.350686	0.0901922	0.1460659
0.09945333	0.4076944	0.08665662	0.09917963	0.1541619
0.1597091	0.3580094	0.08102965	0.03989321	0.0582813
0.1556771	0.3816122	0.1148792
0.2868624	0.1437399	0.3300893	0.127175	0.2978849
0.1546114	0.3581801	0.1271183	0.07519308
0.2491059	0.3394344	0.1161612	0.1125951	0.1335885
0.07381582	0.08237579	0.1296358	0.3308932	0.3209624
0.0883648	0.1196855	0.3472789	0.136073	0.2638194	0.2035463
0.1850639	0.07986728	0.3751215	0.149046
0.1751364	0.005569459	0.3714569	0.1727979	0.07225205
0.09213584	0.002540916	0.1724668	0.3128524
0.1643914	0.0006533376	0.3157425	0.2017792
0.2307437	0.00363482	0.4608591	0.1447882	0.05283651
0.2393272	0.06761273	0.392169	0.1463148	0.2603688	0.2350465	0.1492073	0.1299118
0.1868354	0.0217171	0.3891761	0.2025388	0.1516361
0.2331732	0.002099539	0.3590258	0.1290136
0.19805	0.04961794	0.3574197	0.1834906	0.1445404	0.2063477	0.2045522
0.3246301	0.0126933	0.3134836	0.2049226	0.1534731
0.2998514	0.003957042	0.3628034	0.1830274	0.07654333
0.2156712	0.05242599	0.2693714	0.2219403
0.2973547	0.01958813	0.3887459	0.1966081	0.0776446	0.1699032
0.231315	0.02956674	0.3917464	0.1826159	0.1380707	0.1104068	0.2328198
0.2903146	0.003775509	0.3401729	0.1904499	0.1367231
0.1599945	0.007942828	0.4236395	0.1526602	0.04432256	0.1162502
0.1894648	0.01798056	0.4236395	0.1346675
0.1403965	0.02984415	0.4013957	0.1692978
0.1252401	0.02002446	0.4228657	0.1182371
0.2095409	0.05599122	0.4539964	0.2946561	0.1350935	0.09533273	0.1602161
0.1601343	0.005523064	0.3209955	0.1766034	0.08949379	0.203264	0.06414211
0.1264426	0.0003347086	0.4299687	0.1918474	0.2076164	0.1080735	0.123346
0.1991381	0.0001400541	0.3964562	0.1664856	0.1175225
0.07397167	0.0006907271	0.1796922	0.3288026	0.2106185
0.2209322	0.03060528	0.1758222	0.3367307	0.1174928
0.2446309	0.01224874	0.161439	0.3594987	0.1297278	0.1105492	0.1492705
0.1693397	0.03621861	0.1783212	0.3736399	0.1879519
0.1592074	0.01129946	0.380664	0.1115803	0.1080684
0.2626716	0.02923805	0.3561108	0.1334507
0.1694909	0.0155291	0.4024201	0.1321263
0.1379431	0.007314395	0.366204	0.1601456	0.06837029
0.2583554	0.0125326	0.1360434	0.3937247	0.1382987
0.2468426	0.01149455	0.1637087	0.3517037	0.1405556	0.2567249
0.2453968	0.002826683	0.4549623	0.2098676	0.1478263	0.1733159
0.1478575	0.02691196	0.3094523	0.1394779	0.174534	0.2531198	0.1619786
0.1588162	0.06679736	0.4121512	0.1877117
0.2364588	0.08192579	0.3532657	0.07368025
0.1448342	0.07301949	0.4062694
0.1269039	0.1703889	0.3756976	0.1372558	0.2367758
0.1689338	0.3772508	0.0603386	0.1352563	0.1115474
0.3012467	0.3718004	0.1111746	0.1775967
0.4001849	0.3802449	0.02920925	0.1689196	0.06572074
0.1749698	0.4027306	0.0270792	0.1650061	0.1707615	0.02534368	0.254491	0.06836786	0.1511842	0.3096355	0.1240272
0.2136191	0.4267524	0.01477239	0.1837194	0.1887716	0.1011104	0.2364249
0.2146561	0.3058107	0.1133802	0.2112404	0.0943932	0.2691689
0.08837614	0.3899944	0.1318782	0.1646758
0.3756418	0.449576	0.1252632	0.05865642	0.1692948	0.1193894
0.2210941	0.3224665	0.1612746	0.03375564	0.2063106
0.09823769	0.3760265	0.0229083	0.109795
0.1788635	0.4431175	0.009654629	0.2177342	0.1619102
0.2348891	0.3927195	0.01190556	0.1754373	0.1543996	0.08962189	0.2501031
0.1959116	0.3927195	0.01389876	0.1890782	0.06388923	0.09228813
0.2221475	0.3699634	0.02368293	0.1721324	0.09213165
0.1078275	0.3187722	0.01736785	0.2340227	0.07276148
0.1164944	0.3413527	0.01726776	0.1505651	0.1771225
0.2171795	0.009704622	0.2175368	0.2534004
0.2519234	0.02152873	0.1670906	0.3479608	0.173756	0.1239149
0.1665235	0.008389845	0.3519049	0.1599435	0.1520208	0.2286784
0.1364107	0.02139654	0.3728917	0.2104141
0.08765863	0.01816729	0.3728917	0.226262
0.1909561	0.01630076	0.3666112	0.1453388	0.06071545	0.1146543
0.1266075	0.008204207	0.3835933	0.223606	0.2397572
0.1394337	0.00209707	0.3965999	0.1943864	0.2336403	0.04734006	0.326568	0.2125479	0.09713114
0.1749756	0.01211673	0.3542211	0.129846	0.1120989	0.2172923	0.1256375
0.3556592	0.002632545	0.3160826	0.1683016	0.2279247	0.2053284
0.1157036	0.007227947	0.424317	0.1294905	0.1834598
0.1667359	0.04857222	0.4097753	0.1854738	0.1748894
0.2152499	0.008858595	0.3472939	0.1298856	0.1311989
0.158206	0.005125373	0.2970266	0.169084	0.1220015	0.07804438	0.1285594
0.1199561	0.004370139	0.3710282	0.1406341	0.06897758	0.158234
0.06073232	0.001782887	0.3682705
0.1937398	0.01994525	0.3130505	0.148296	0.1270796	0.238471	0.1582063
0.1829877	0.03839025	0.2973343	0.1602636
0.3016052	0.3727899	0.1475208	0.007893899
0.2336409	0.06311382	0.3465151	0.155858	0.2196363
0.2594282	0.0147135	0.4618789	0.2306051	0.0972582
0.1974759	0.01444029	0.4319009	0.2409528	0.1100923	0.1420019	0.176386
0.08420426	0.001144719	0.3573514	0.1006524	0.1507184
0.2942462	0.01082711	0.3094873	0.1865714	0.0954849	0.1382458	0.1816035
0.1399837	0.02274906	0.3741652	0.1934455	0.06768197	0.2071274
0.354791	0.006673012	0.3802114	0.2078486	0.1107578
0.2013733	0.01988579	0.3674323	0.157403
0.1409656	0.01447031	0.1736288	0.3797428
0.1517253	0.02380907	0.205106	0.4589843	0.2211499	0.1912791	0.1730672
0.2229594	0.04508431	0.1757527	0.4929187	0.1541532	0.1229783
0.09708459	0.02454437	0.3719092	0.1641277
0.1854753	0.03911054	0.174766	0.08048471	0.3400978	0.2103104	0.1468601
0.1643893	0.007281488	0.2294674	0.4032739	0.1609497
0.1848413	0.01158551	0.3190237	0.1962688
0.2263282	0.01241621	0.3797488	0.1852044	0.2558941	0.2684156
0.2097098	0.006611312	0.3580302	0.2017492	0.1488518
0.1790676	0.01536483	0.3549349	0.2343455	0.1333709	0.1376069	0.2348987
0.1470013	0.03734748	0.4239037	0.1468594	0.09691632	0.1440274	0.1149862
0.2150681	0.006485457	0.4332234	0.1703775	0.09899598
0.06397173	0.008473804	0.4332234	0.1605628	0.1168029	0.2187847
0.1457438	0.03646929	0.4268877	0.1092715
0.1832608	0.05429927	0.491257	0.2728972	0.1308755	0.100242	0.1711949
0.2087261	0.005042644	0.4469071	0.1826159	0.1673778
0.1360675	0.001937394	0.3907261	0.1610894	0.2518704	0.09447919
0.3216907	0.0102734	0.3558287	0.06987283	0.1400962	0.2786391
0.1434954	0.001185062	0.3807304	0.2035678
0.248598	0.008347618	0.4063356	0.1602985	0.152221
0.2091602	0.001066942	0.4063356	0.172007	0.09268795	0.1591115
0.2638425	0.01675027	0.299422	0.1197138	0.1066033
0.2531454	0.006060082	0.3794074	0.1869597	0.08471362
0.1803074	0.0259002	0.3469084	0.1001189	0.1279707	0.158099
0.2099312	0.05273324	0.3906984	0.1964844	0.1811465
0.09397486	0.01372358	0.3824062	0.1813342
0.2499968	0.01920127	0.3948454	0.1515009	0.059287	0.1196549
0.175334	0.001412867	0.333121	0.2432385	0.1362805	0.182167	0.1668818
0.213015	0.004578699	0.3858658	0.1227527	0.1030679
0.1647052	0.008370041	0.4237095	0.1706057	0.2761834	0.1973438	0.13939
0.2428387	0.004723495	0.3725962	0.1743467	0.08579693	0.3526231
0.2604226	0.007422749	0.177835	0.3398452	0.1755452	0.1149984	0.1509509
0.1610548	0.01460455	0.3728037	0.1753595	0.1735801
0.2357459	0.00202419	0.4185589	0.1331614	0.105278	0.2831871
0.2699473	0.0005696508	0.4380179	0.04875523	0.2169585	0.1469213
0.2934787	0.0006980522	0.411301	0.247538	0.1141866	0.1801779	0.229868	0.25113
0.2743998	0.02704107	0.344506	0.1853662	0.2520888	0.1290369	0.1053965
0.2701029	0.01078959	0.20174	0.4201694	0.07198459
0.1129057	0.09535003	0.3332406	0.1682672	0.267477
0.1422314	0.09541282	0.328575	0.1530418
0.1718044	0.1409612	0.3103361	0.1510222	0.1626065
0.2450187	0.4005151	0.2024971	0.03040406	0.2086605	0.1605601
0.2845504	0.3704271	0.03599937	0.1566577	0.2360905
0.2525335	0.3161069	0.05585501	0.09199005	0.1173918	0.2161303
0.1511396	0.09024481	0.3239066	0.1899341
0.2291137	0.12999	0.3476585	0.1272802
0.1463019	0.08371034	0.3489797	0.08448545	0.2920831
0.2205627	0.08492816	0.3257004	0.1445301	0.1929726	0.103425
0.2253087	0.1024055	0.3333039
0.2148449	0.09359529	0.3398911	0.1585971	0.2837564	0.2351665
0.2203338	0.3699881	0.0775762	0.04309663	0.1928682	0.1394922	0.1782209
0.286802	0.3353358	0.0977922	0.1007068	0.20085	0.216998
0.2148452	0.3238597	0.02116625	0.1166105
0.1793707	0.3115532	0.006359883	0.1110177	0.1956295	0.2707036
0.129947	0.004948797	0.302307	0.1178474	0.2417212	0.2459388
0.1878937	0.008274424	0.1463272	0.3245434	0.1641371	0.2480718	0.05903119
0.1712804	0.009657482	0.3887718	0.1838871	0.06858769
0.1101689	0.02697896	0.4815789	0.1798671	0.1084819
0.3112667	0.02137012	0.4186942	0.2609555	0.1517035	0.2693978	0.1323246	0.1696687	0.1810646	0.2581735	0.2340987
0.2291989	0.00602113	0.3824988	0.3520494	0.3030975	0.1465165	0.1266895
0.1673885	0.05468653	0.3669772	0.1382232	0.06840749	0.2935956
0.2058156	0.006604599	0.3923012	0.1388542	0.1386443	0.2082994
0.244676	0.001137173	0.130047	0.273682	0.1719787	0.3341397
0.183608	0.03340436	0.09929079	0.3548432	0.125613	0.1146137	0.2542402
0.3362032	0.003962005	0.1205981	0.3466748	0.1984573
0.3094714	0.02194091	0.3744401	0.111034	0.181904
0.100898	0.04292558	0.2959814	0.07802314	0.2213227
0.1992927	0.006770693	0.4590227	0.1929946	0.1506898	0.09513921
0.2591115	0.07154999	0.459833	0.146285	0.2533054	0.1427569	0.1585128
0.1628095	0.001648372	0.3360154	0.08850535	0.2134734	0.1348735
0.2976673	0.02614799	0.3289467	0.1215807	0.1764807	0.1283427	0.144627
0.1668025	0.1175858	0.4030759	0.1593152
0.2220162	0.0940176	0.3525576	0.1417283	0.1918712
0.1247971	0.4865741	0.06342198	0.1678067	0.237668
0.3270619	0.3587723	0.07235245	0.108838
0.3104297	0.3559021	0.1106778	0.06113799	0.1910812	0.1109417	0.1797863	0.07431081
0.1686083	0.3559021	0.08536268	0.1177771	0.1049501
0.2108402	0.3374668	0.01505349	0.184165	0.03762782
0.1324577	0.4377298	0.01617341	0.1526807
0.1837076	0.34209	0.002112714	0.1626794	0.08111382
0.2950985	0.3850995	0.009388262	0.1533054	0.1918527	0.2490301	0.1391335
0.2305252	0.365187	0.09651965	0.2102715
0.0718673	0.1249283	0.4265321	0.2148663
0.1997864	0.0834573	0.4233749	0.1432418	0.164403
0.1228889	0.08225603	0.2919715
0.09199393	0.1980668	0.3371847	0.04868127
0.165337	0.01473215	0.3228104	0.07538914	0.2351641	0.1565484
0.1914096	0.04304322	0.387797	0.17007	0.08797345	0.1536811
0.1645092	0.02898092	0.341162	0.1935888
0.2183482	0.004654785	0.4516019	0.2224799	0.1348408	0.1867026
0.1795334	0.01740038	0.4213601	0.1947012	0.1735721	0.2020724
0.2821732	0.007241346	0.3974001	0.1503235	0.1749075
0.2092364	0.001484514	0.496274	0.2098961	0.1150948	0.2098823	0.206749
0.1755808	0.002129309	0.3977636	0.1233174	0.1207041	0.05171543	0.3212009	0.2253389
0.1047934	0.0003271219	0.3545982	0.05614526	0.2439059	0.1567861
0.1246742	0.04949271	0.4862424	0.2739656	0.05676227
0.258354	0.0406494	0.1790691	0.3731206	0.1299969	0.0922594
0.243839	0.05613515	0.297592	0.1981792	0.08711787
0.2197522	0.02883376	0.3754623	0.1298685	0.2432477
0.191994	0.005883541	0.3764955	0.0358465	0.2293978	0.18403
0.2724739	0.007585287	0.5261384	0.2063248	0.1231644
0.2633846	0.03430742	0.3796078	0.1344662	0.2208609	0.2218627	0.2371171
0.1512051	0.3465872	0.09509197	0.07188254	0.2248366	0.2147951	0.05884899
0.2646763	0.500739	0.07835468	0.09014586
0.2487568	0.4041008	0.09827834	0.2191336	0.2309598
0.1689242	0.4311341	0.1435991	0.09002753	0.2058685
0.2657707	0.09800089	0.2755728	0.123872
0.2816842	0.07676454	0.4040455	0.1013718	0.1681499
0.1621798	0.1187664	0.2962798
0.1362622	0.1131033	0.4283885	0.158612
0.1179719	0.1338681	0.3482654
0.1455659	0.4313162	0.02547287	0.1291525	0.1580657	0.1388395	0.3279341	0.1783526	0.2525033
0.2329077	0.3557995	0.06175972	0.1666796	0.1302877
0.1081399	0.3950438	0.03631226	0.1142075	0.1043818	0.1325202
0.127842	0.01383868	0.1469517	0.4213866	0.1480527
0.1860813	0.002170589	0.3134845	0.1001699	0.1938632
0.2371638	0.00588518	0.3049844	0.1734282	0.07408862	0.2033867
0.1775606	0.03069659	0.1565725	0.399132	0.1364441	0.1683857
0.283628	0.01100513	0.3958325	0.109796	0.1354345
0.199481	0.1159259	0.3834854	0.1076193	0.2522548	0.09256225	0.1965714
0.1240224	0.294255	0.1207828
0.08746241	0.3568496	0.1163911	0.1731831	0.06870321	0.1814868
0.1493945	0.3162832	0.1003442	0.1890711
0.2598309	0.470688	0.04522538	0.1299979	0.2036325	0.2378479
0.2202052	0.3481471	0.09328322	0.1862176
0.1236103	0.3649449	0.05193337	0.1767014
0.187558	0.3790489	0.01480447	0.1423866
0.1342252	0.3395989	0.03715612	0.09117724	0.1538344
0.2688878	0.01698377	0.3631916	0.1082173	0.1240035	0.07170697
0.1475553	0.002996921	0.3760383	0.1388814	0.2083157	0.1391755	0.1678477
0.1846594	0.0007297338	0.4624829	0.132023	0.2356415
0.166969	4.709001e-05	0.333071	0.1711344	0.1586223	0.1737062
0.1888459	0.0001882115	0.3689686	0.1457597	0.1645948	0.1230569	0.1067829
0.2891355	0.0001240383	0.4026616	0.2010946	0.1954396	0.1170199
0.1437839	0.0004602392	0.3670721	0.1682535	0.09292886	0.2408634
0.1099989	0.0007214353	0.5253964	0.1549543
0.2220069	0.007539206	0.4823652	0.1674861	0.09341761
0.1612217	0.007625518	0.4061834	0.1631416	0.06837705	0.2772851	0.140624
0.1401772	0.009463784	0.4202028	0.2049918	0.2007492
0.1819245	0.004203281	0.1802429	0.3371258	0.134173	0.1009674
0.2318743	0.01453529	0.3801823	0.2457071	0.115003	0.2108934	0.2421615
0.2062162	0.008803692	0.4408537	0.1881115	0.2520743	0.1881792	0.1280306	0.1013433
0.1614054	0.02626041	0.3970648	0.1443488	0.1834118	0.07974942
0.2250161	0.01162031	0.3252574	0.1893323	0.05387646
0.2285368	0.00357885	0.4525126	0.1904252
0.2953838	0.02869669	0.1326983	0.3158631	0.1062616
0.2102122	0.02032419	0.1081066	0.3947691	0.2398231	0.2293374
0.2498382	0.00294248	0.3563614	0.1655105	0.1226662	0.2384159
0.1086008	0.005429696	0.4006207	0.1783664
0.1104971	0.007004794	0.365658	0.2646599	0.08347726	0.2276261	0.2190116	0.2003856
0.1373758	0.003127008	0.3913485	0.1785826	0.1759919	0.1609782
0.323946	0.03708805	0.3267813	0.1050467
0.1642058	0.004479509	0.344971	0.180163
0.1668532	0.004293193	0.421341	0.1895223	0.1376047	0.148822	0.1505343	0.2619246	0.2231218
0.1268639	0.01041076	0.3417267	0.1167192	0.1487701
0.207887	0.01747876	0.3076544	0.1226586	0.1018521
0.2776808	0.03695737	0.1815162	0.3894403	0.189726
0.2496164	0.02187143	0.3707651	0.1599084	0.1186882
0.1546905	0.01258553	0.3755916	0.1923481
0.1329637	0.0022024	0.410948	0.1919145	0.311829	0.2384276	0.129106
0.2101145	0.04626218	0.3512369	0.1929074	0.1382179
0.1716488	0.0181058	0.3594862	0.1352299	0.1562639
0.2240673	0.01892199	0.3561279	0.1142892	0.2482449
0.1870626	0.00962157	0.3454515	0.1386035	0.168904
0.1728875	0.004257431	0.4050797	0.1746627
0.2609839	0.003704864	0.3553831	0.1934162	0.08836321	0.09667898	0.1466034
0.1894546	0.05004518	0.3910137	0.2237494	0.08264528
