SurvivalProbabilities

0.4631147	0.4658359
0.4985948	0.4488788	0.5438507
0.5099713	0.4570837	0.5314391
0.465626	0.5680524
0.5449367	0.4879636
0.487479	0.5085909	0.4636606
0.5145539	0.4549432
0.5040884	0.4781666	0.5681279
0.5310415	0.5032411

0.5093708	0.5170439
0.5464201	0.4942734
0.5191803	0.483235
0.4132958

0.5676117	0.5250388
0.4674973	0.4801309
0.5271163
0.4988556	0.4893404	0.4704362
0.4879474	0.4897689
0.473459	0.4559617
0.4517402	0.4998448
0.4788818	0.4673261

0.4819645	0.5059351	0.4548496
0.5394683	0.4945519	0.4895746
0.4806465
0.4791022	0.4994079	0.5343374
0.5516068	0.4950683
0.4503248	0.5110193
0.5320793	0.5006332
0.4728595
0.5853072
0.5433366	0.4731671	0.4789542
0.4887475

0.470392	0.5097221

0.4555453	0.5125704
0.3721778	0.4537112

0.5204152	0.4438579

0.5079763
0.5447725	0.5586351
0.5152674	0.511968	0.4618247
0.5560403	0.4564127	0.4602486
0.4890788	0.5637638	0.5613323	0.5017626	0.4436374
0.492506	0.4662639	0.4929873	0.4836016	0.5367586	0.5011713	0.5314468
0.5297028	0.5439705	0.5072769	0.5281129	0.5348039	0.4658496
0.5261623	0.521	0.5172575	0.5323677
0.5027075
0.5213366	0.5879839
0.4790121	0.4940848	0.5376868
0.4701071	0.5271045
0.4564404	0.5200017	0.4750753
0.493236	0.4805508

0.5107676	0.4980262	0.459385
0.5025199	0.5923016	0.5393883
0.4910621
0.4889356	0.4640155	0.5432035
0.4217475	0.4921961	0.4767791	0.4834513	0.4911148
0.5376084	0.4845184	0.4419441
0.532373	0.4747085	0.4136111
0.4664178
0.4939455
0.4970567	0.5590077	0.5547364
0.4577496	0.4825928
0.4895022	0.4186198
0.4763371	0.5169683
0.5417567	0.4639727	0.5040792	0.4885801	0.4598602
0.5165692
0.4654764	0.4625003	0.5137406

0.5097768	0.4585462	0.3964587
0.5046854	0.4812356	0.5125892
0.5225683
0.5517988	0.4601753
0.5457932	0.5438352	0.492481
0.5166206	0.5344559
0.505774
0.480901
0.5408889
0.5201619	0.4127008
0.4875385	0.4796359
0.4455929

0.5310471	0.5315375	0.4959272
0.5117064

0.4634491
0.5025594

0.5370356	0.5538725
0.5535376
0.5557075	0.527955	0.4927011
0.4532098
0.5083867	0.5403097	0.545157
0.5595273	0.4918104
0.5155159	0.53479
0.5243754	0.5316195	0.4749107
0.5163447
0.5367418	0.5080742
0.4469785	0.5151384	0.5036543
0.4929562
0.4941176
0.5535643	0.5458809
0.5237512	0.5126095
0.5157167


0.4700308
0.4560756	0.5086165
0.5087725	0.5844282
0.5236019
0.4270137	0.4790321
0.4763175


0.5452631
0.5104824	0.5485451	0.4798684
0.5211096
0.4657507	0.3965467
0.4830613	0.5212939
0.4497998	0.5317536	0.5161811
0.4920856	0.4867623	0.4533119
0.4772991	0.4764161	0.5001918
0.4824188	0.4818503	0.4792408	0.5004851
0.4825957	0.5185524
0.5303119
0.4960715	0.5315451
0.5161434	0.4689939	0.5389674	0.5146994
0.4856555	0.4717024	0.4981463	0.5006703	0.5165887
0.4715099	0.4194932	0.5288148
0.4743528	0.5062323	0.4747755
0.4443986
0.5255414	0.4566294	0.4740679


0.4954007	0.5076217

0.3981607
0.5841255
0.5113192
0.496511	0.5011779	0.491907
0.522146	0.5229275	0.5769156
0.5605822
0.5016993	0.4891916
0.5316658	0.4430917	0.4731069
0.4941945	0.4905222
0.4663443	0.52647
0.5470933	0.5059783
0.5026361
0.5165665	0.4842321
0.4903655
0.4674268	0.4919482
0.5378903
0.5803043
0.5158259	0.5114942
0.5153362	0.5050854
0.4744369
0.4827589
0.5231807
0.470558	0.5537357
0.5110535
0.5099958	0.4957564

0.4653176
0.528215
0.5343863	0.4569774	0.4264898
0.4231057
0.506152	0.4699593
0.5402007	0.5010974
0.5056282

0.4696395	0.5085921
0.4490094	0.5526437
0.4443101	0.4667942	0.4978101
0.5224474	0.4910055
0.4853853	0.4994748	0.4247001
0.5410145	0.479816	0.4595598
0.4649382	0.5157731	0.4481747
0.5131657

0.4634576
0.5278789	0.4751291
0.4826665	0.4651596	0.5654257	0.5308215	0.4684862
0.4909563	0.4902728	0.4598512	0.4759602
0.4843041
0.5261899	0.4595271
0.4781502	0.4910984
0.6056104	0.5282378	0.4309092
0.5182309
0.4914454

0.4870733	0.4882004
0.5524294	0.4992681	0.5555694
0.5130789	0.499264
0.475505	0.5281507	0.4515984


0.4709805	0.5208259
0.4711842	0.5118067	0.4893055	0.5150068	0.5300491
0.5325393	0.5473226
0.532241	0.4617508
0.4729156
0.5428682	0.5478262

0.5114423	0.4999572
0.4706077
0.460753	0.4957004
0.4932658	0.496687
0.4607609	0.509852
0.5386754
0.5737539	0.5078995
0.4894334
0.4810413
0.4746557	0.5190528	0.5898217
0.5285657
0.468309	0.5281188

0.4967108	0.5464837
0.4777488	0.4950228
0.5306243
0.4903304
0.5159887
0.4903188	0.5027207	0.5542635
0.4651679	0.5688721
0.4866051	0.5491902	0.4970271	0.5175102
0.5335935	0.4598441
0.5414993
0.4673311	0.5230211
0.4389076
0.49294
0.5434156	0.5364403
0.5322032	0.4898111
0.4597934
0.5211084	0.4448014	0.511284
0.5584043	0.5049476	0.5016723
0.4652474	0.4824623
0.5035781	0.4691019
0.4729235
0.4221496
0.51137	0.5300454	0.4585218
0.4812848	0.4608091
0.4911328	0.4806399
0.4767268	0.550272	0.5577553
0.4571903	0.4987539

0.5163025	0.4515168
0.4506519	0.5252251	0.4736743
0.4311633
0.482378	0.5359941
0.4883161
0.5774417	0.5112683	0.4985831
0.4982473
0.5263765	0.4876607	0.4692731
0.5734493
0.5502122
0.5045888
0.547304	0.4643372
0.5299735	0.4835169
0.4896596	0.474759
0.5710234	0.5533552

0.4928762	0.5415658	0.4263933
0.49724	0.5508188
0.5487195

0.5346537	0.5588127

0.5203352	0.4948529	0.5163068
0.5342104	0.5258909
0.5717942	0.5077324
0.467619	0.4848115	0.4827827
0.5138106	0.5338198	0.4776893
0.5320664	0.5322439	0.4443041	0.463724	0.457687
0.5403594	0.4730962	0.4671735
0.529405	0.4902311	0.5203552	0.5324827
0.4849493	0.576453
0.4687748	0.5329647
0.5246659	0.492095
0.4775772
0.5298245	0.5516289
0.4846941	0.4456997
0.4511879	0.5038458

0.5055304	0.5002424	0.5030784
0.4546607	0.4594305	0.4911531
0.5492884	0.5916802	0.4954036
0.5038531	0.5056872	0.4884183
0.4525181	0.4613583
0.4770154
0.5631266	0.4530075
0.5726628
0.4930499	0.5547327	0.4883188
0.4219432
0.4782277	0.5040096
0.4081539	0.5456032
0.5438704
0.4900085	0.4966612	0.5242131
0.5544393	0.4879827
0.4399431	0.4863753
0.5195168
0.5087571
0.5042329	0.5626597
0.4439109	0.4865327
0.5549254	0.4943949
0.4580591	0.4919808	0.4867088	0.5765845	0.4906759
0.5227791

0.4639432	0.4938795
0.4901248	0.501506
0.4758372	0.527144	0.5095652
0.5541683	0.4825856	0.4756094	0.513829
0.516413	0.5626483	0.5331917	0.4635941
0.5127361	0.4957101	0.527508
0.468032	0.5336159	0.5261445	0.4797574	0.5177698	0.4509858
0.4286658	0.4088056	0.5100752	0.521559
0.5216012	0.489084
0.5740947	0.5475858
0.5232011
0.4630276	0.5057585	0.40696
0.5458997
0.4855909
0.4657724	0.4954969
0.4708209	0.4755146
0.5275121	0.4621059	0.5514261	0.4941404	0.504764

0.5350758	0.570367	0.5239366
0.5364195	0.4930724
0.4388809	0.427351	0.4258024	0.4598337
0.5255722	0.4458335
0.5403578	0.4724042
0.486343	0.4541513	0.505514	0.5044094	0.4740007

0.5306917	0.5309469
0.499282	0.4800611	0.5489141	0.4929763	0.4358938
0.4884746	0.585601
0.4934905	0.5023274	0.4852014
0.4995848	0.5019427
0.4237547

0.5361446	0.5031953	0.4804154
0.5396473	0.5284268
0.526258	0.5830473
0.4977417	0.5252161
0.5472825
0.5017081	0.5377354	0.491859
0.4503537	0.4711369	0.4716339	0.5018339
0.5279783	0.4986014
0.4560839	0.4949536	0.4901141

0.5269142	0.4497906	0.521353	0.5050416
0.4386331	0.5984028	0.5263835
0.5896955
0.4589705	0.5266684
0.4581499	0.5214961
0.4780044	0.4678749
0.5334379	0.5460456	0.4615886	0.5165099
0.5295309
0.5431679	0.5078174
0.5111076	0.4895777
0.5548786	0.4788764
0.4936089	0.4503923	0.487435

0.5653708	0.4969353
0.4900302	0.5215522	0.5110348	0.532524
0.4941703	0.4957715
0.4653147	0.514889
0.5597512	0.4923415
0.5117608	0.4921869
0.4744577	0.4895506	0.4621854	0.549238
0.4740745	0.5320517
0.5588281
0.4713961	0.5228486	0.5660426
0.5173582	0.4702393	0.5133181	0.5209408	0.5400787
0.491331	0.558747
0.532185
0.4914057	0.5222577
0.4654764	0.5337929	0.5418803	0.5503939
0.4855243	0.4899077	0.4868418
0.5090906	0.4612398
0.5086367	0.4179896
0.54602	0.4730181	0.5059871	0.4439433	0.5729632	0.4907376
0.4852762	0.5141877
0.4756896	0.5722277	0.5036148
0.4832631	0.5023248
0.5761699	0.4904477	0.4348756	0.4547662
0.4578186
0.4911761	0.4799493
0.5095212	0.4854634	0.5281469
0.5666446	0.4865614
0.4964253	0.4695291	0.4913116
0.4086714	0.4730064	0.5207043
0.464991	0.5193165	0.468952	0.4677352
0.5431489	0.4838491	0.586665	0.4964511
0.4888802	0.4787824
0.4677144	0.4727419	0.4863876
0.5431931	0.5262527	0.5602991
0.4898572
0.4649685
0.4993131	0.4968946
0.4478649
0.4756793	0.5160668
0.4963494
0.5203493	0.5785836
0.5005713	0.5026108	0.4896585
0.5644058	0.4640509
0.5357795	0.5444016	0.4763142

0.4442931
0.5233083	0.5043694


0.5348341	0.4703266
0.4936795
0.5102383	0.481527	0.4796504	0.5312498

0.4448388	0.4291797
0.4384843



0.4800847
0.51309
0.4491935	0.4865018
0.5230804	0.4584524
0.4942225
0.5132693
0.4823379
0.5052961
0.5224309	0.5468732
0.5160961	0.5625651


0.4998164	0.5140037
0.4901426	0.4896869
0.4853444	0.4860179
0.4747103	0.4615837
0.5336353	0.4570362
0.4994901	0.5092087
0.5075969	0.5266667	0.558236
0.4408505	0.4717603
0.4613657
0.5513265	0.5406431

0.4852202
0.509576	0.5505693
0.4215969	0.4840588
0.5571678	0.4847178
0.52596	0.5188155	0.5836762	0.5147588	0.5145466
0.4497098	0.4790843	0.4649999

0.4763301	0.5163525
0.4732403	0.5801447
0.5225468	0.4058088
0.500407	0.4297985	0.5242143	0.4910324
0.4912488	0.475084	0.4473939	0.5280237
0.5102257	0.4710291
0.484226
0.4843807
0.5077202	0.4878109	0.5003401
0.4807675
0.4977285	0.4897161	0.5281937

0.5111925
0.5182801
0.4745077
0.4889044	0.4830786
0.52622

0.5049233	0.4571084
0.5212534	0.5488812	0.5149032
0.572506	0.4838902

0.4663263	0.5303967	0.52068	0.4946674

0.514463	0.4643184

0.5162305
0.4951369	0.4980499
0.4992465	0.4674736	0.5015934
0.5211891	0.4791128
0.4939697	0.4826428
0.5017667	0.5190579	0.5043307
0.5307072
0.4781371	0.4915412
0.5582413
0.5446383	0.5033292	0.5411392	0.5082152
0.4706826	0.5045528	0.471131

0.5272662	0.5170144	0.4774937
0.5146514
0.5279826	0.5065267
0.5290921

0.4828548	0.5612689
0.505004
0.480108
0.4739554	0.4998563

0.5054853
0.5846902
0.5047745	0.4966169
0.5035839
0.5620001	0.483104
0.5060062	0.482814	0.5401517
0.5017754
0.4846245


0.5470809	0.4785263

0.4909809	0.4717199	0.4925835	0.5273238
0.4968515	0.5207985
0.4686281	0.4263028
0.4646952	0.5026623	0.5178659
0.4487415	0.4714955	0.4878934	0.5026678
0.5092915
0.5043568	0.5041901	0.549007	0.5023123
0.4538029	0.5236805	0.5152474
0.487065	0.5835639	0.473155	0.5238134
0.4539848	0.4810208

0.5105379	0.5089652
0.5230758	0.5396417
0.5421748
0.5412544	0.4619765	0.502119
0.4997016
0.49161	0.5051207	0.5018012

0.5397308	0.5212649
0.524195
0.4900124	0.5092395
0.5270985	0.5306922	0.5234034
0.5059727
0.4973204	0.5418739	0.4811677	0.5169988
0.4406405	0.536206	0.4891298

0.5075109	0.4614187	0.484739
0.4859968	0.461036	0.4764234
0.5537236
0.4393781	0.4941323	0.4603801
0.4704564	0.4968246
0.4517371
0.4795822	0.5223724	0.5112357
0.5552585	0.5201636
0.4546354
0.5270921	0.5082163
0.5184265
0.4963175	0.4657047
0.5215483	0.4992838
0.4252654	0.513323	0.4808663
0.5222144	0.5402569
0.5217367
0.5200634	0.5097576	0.5370629
0.5595053
0.5126513	0.5611881	0.5051001	0.4933449
0.5330043	0.5035517
0.4856953	0.4832046


0.4685242
0.4593689	0.4979053
0.540492	0.5000192	0.5372106
0.4421926	0.532992
0.5145029


0.5017414	0.4867189	0.4798399
0.5255926
0.4911615	0.4780741	0.5084278
0.5066882	0.4921985	0.5067534	0.5227293
0.550382	0.4493115	0.4760238
0.4721895	0.4399589

0.4489807
0.5013925
0.5535841
0.5272888	0.4584562	0.5181798	0.5120006
0.4533335	0.4979085
0.5227066	0.4695183	0.5004381	0.5253169
0.4810899	0.4936054	0.4962901	0.4555385	0.4853599	0.4560097
0.4557681	0.5445385
0.5038708

0.5251528	0.4826458
0.4706757	0.4274811	0.4840111
0.4677834	0.5229576	0.5442866	0.5173666	0.4820409
0.4534749	0.4534536
0.4865818
0.4648601	0.5008428	0.4413104
0.5157307	0.5008606
0.4500268

0.412343	0.5603546
0.5096718	0.5344382
0.518089	0.4894806	0.5199346
0.5565168	0.5741128	0.4998234
0.5327913	0.5567818	0.4700624

0.5099409
0.494618
0.4985042
0.5034009	0.471844	0.4618524
0.4947244	0.480619
0.481369
0.4738073	0.4784318
0.509982	0.4841008
0.4938788

0.5040081	0.4904288
0.537381	0.5106237
0.5138072	0.5000896
0.5133381	0.4878306

0.4600439	0.4790561	0.479073
0.4914254	0.5063207
0.5042045	0.5379069
0.5021	0.4946911	0.4851489
0.4795662	0.4839466
0.5139266
0.5350989	0.5146785
0.4935226	0.4691734

0.4989858
0.5192904	0.4979301	0.4750489
0.549734	0.4697188	0.5353049

0.5605899	0.5418921
0.4764195
0.5645783	0.4322345	0.5053363	0.5222705	0.4977231
0.5338241	0.5107077	0.4921503	0.4856949
0.5159506	0.4669307
0.5654775
0.482055	0.5395938
0.456642

0.466447	0.4924686
0.4926088	0.5684964
0.4927469
0.4483474
0.522765	0.5325513	0.510289
0.4960244	0.5221473	0.4731849	0.5040314	0.500377
0.4716449	0.550528
0.5577734	0.4919634	0.4886011
0.51081

0.4888196	0.5063423
0.4560534	0.4565024	0.4757533
0.5320323	0.485219

0.4852259	0.4941941	0.4842374
0.4608222
0.4112349	0.4951751	0.4558762
0.4987053
0.4793271
0.5161558
0.5549177	0.5262404	0.5214857	0.4426795

0.4796937	0.5036245
0.5066628	0.444794
0.5141813	0.4524718
0.5085036	0.5193231
0.4390375	0.527216	0.5772057
0.5208559	0.4742788
0.5030573

0.4725099
0.5709563	0.512827
0.4847314	0.4808617	0.5151223	0.5875547
0.5356345	0.5405026	0.535323
0.5016753
0.5190202	0.496918
0.487406	0.453491	0.5540244
0.5693795	0.5428051

0.4895724	0.4617527	0.510621
0.5492649	0.5433708
0.465129	0.5072922	0.450383
0.5013701	0.4417677
0.49416	0.5131609	0.5145905
0.4810806
0.4523649
0.5042318
0.5164392
0.5085837
0.4838132
0.4697945	0.5103129
0.488931
0.5383746	0.5054299
0.4956993	0.4631241	0.5217441
0.5886489	0.5344254
0.5054527	0.5457675
0.4609078	0.4994338	0.5248277
0.4985664
0.4468184	0.4770374	0.5002137
0.5037533
0.4705437	0.5006518
0.473115	0.4855535
0.4531976
0.5250008	0.4808513	0.4800524	0.4997737
0.4552964	0.4680494	0.5132405	0.4785558	0.4920382	0.4793791
0.5093798
0.5065956	0.4426354	0.5002301
0.4928122	0.5106648	0.4784482

0.5015232	0.494033
0.5528716	0.4255014
0.4651271
0.4734582	0.4675986
0.470655	0.488832
0.4671096	0.4492888
0.5455137	0.5333177	0.5205148
0.4555977	0.520283	0.5606565	0.5447713

0.5264242	0.4689162	0.5664699	0.5259098
0.5053144	0.5341859	0.5075427
0.5429701	0.448515
0.5038513	0.4807558
0.5815285	0.5437843	0.4385454

0.4958208	0.534034	0.5248573
0.4526362
0.5030589
0.5471438	0.4451329
0.499774	0.5268459	0.3575958
0.4794955	0.4452956
0.5098242
0.5292501	0.5342909
0.4712773
0.5626121	0.5101533	0.5294771
0.4799611	0.4834187	0.5121167

0.4891501	0.4726312	0.4905512	0.5648208
0.5100958
0.5361716	0.4305918	0.4940642
0.501992
0.5371005	0.5145746
0.4579738
0.4848366	0.4828697
0.5186825	0.4935932	0.4611906	0.5046174
0.500398

0.5096944	0.495953
0.4996154	0.5403971
0.4802231	0.5190428

0.4664625	0.5163127


0.4965204
0.4762841	0.5795153	0.4900466
0.502598
0.4905138
0.5199833
0.4615821	0.4960842
