ExtinctionRateChangeTimes
13.51091
7.495519	15.78101
10.78421	3.442331	24.15212

19.53192	13.79775	10.4594	1.977137


18.1984	20.04268	13.32034
19.12388	3.920518	16.08752
4.522425	24.96971

10.93745
4.846177
7.845651	6.469107	12.18503	1.359861
8.162385
7.310089	11.29992	5.204619
8.090563
4.781492	15.58251	1.543965
24.76036	16.93907	24.09334
9.266922	4.314689
19.21999	7.178218
8.472676	17.47194	23.23587	6.677556	13.20969	16.67338
20.17895	23.03787	1.001255	23.51826	14.75425
21.50338
4.905566	15.38109	13.78631	13.41053	12.76995
15.33137
12.42395
15.97294	12.5341	5.062974	5.903314	6.284094
6.691632
24.2222
3.06975	22.5837	24.69184	24.48288	24.8383
16.63596	4.553021
8.078232	10.95284	5.104011	19.59672
0.5328359	3.077807
16.44113
23.24704
19.62965	16.16228	12.72229
4.328158	8.254693
6.285089	6.948104	15.13937

2.89131

16.9206	1.128548	9.549085	8.58407
1.66774
12.22492

24.88569

4.289186

15.20162
20.10202	16.47525	6.061599	23.53804
2.169129	5.408052

9.242377
3.811112
9.0871	24.34505
9.698821	10.29885
22.74718	14.10665	6.773373
16.04073	5.269347	14.82394	2.908081
8.916844	13.67467
20.50663	0.4970918	0.1079134


13.13152
6.752828	11.70086
9.518884	13.74617	3.738746
17.3049	22.62954
14.91725	6.280595
16.00152	10.59029

22.01719	7.222816
10.23225	1.783423	7.316932
11.69422	16.04814	8.197662
24.9399	12.01067
9.313884	21.14895

14.93671
19.48936	14.33398
12.83912	17.31057	21.57208
15.62814	12.49165	13.54505	8.989115	20.84478	5.895147
6.606758	5.891618	20.84687	24.34017

2.163526

0.9164286
6.306384
12.75452
18.39353	5.970075

24.78454
7.15531	4.920806	13.07798
9.402364	17.63291	13.18608	22.43987	1.414103	22.3343
22.04947
19.05152	5.141962	7.416157	9.200723
5.288186	6.61668
23.58134	16.39388
14.15865
21.23069
1.484129	8.84394

8.138801	14.09224	1.172207	6.570415
19.68694	4.170287	16.34129

10.71458
4.352765	21.46289
17.58273	3.253909
17.84768	23.05549	7.162362
18.38462	10.75697
23.25718
10.71953	24.06718	5.126661	18.29866	14.80521
20.45542	15.92103	6.493251	22.95107	2.892467	23.52334
8.403033

17.44358	18.9665	7.948041	19.93618

19.26012
18.45597
17.46174	9.748286
20.25508
14.49788	22.97157	0.7467947
4.620996
21.50734	0.879374
8.604265	9.959185	14.89813	21.5547	0.0736903
12.62598	22.14594

17.2304	5.394784	15.93181
4.003217	22.01893	13.74899	17.29501
19.91958	6.57822
18.72488
6.225133	18.91594
13.96445
6.103712	23.72446
11.92331	24.39336	7.061371	4.86578

2.347299

5.288264
2.366826

21.47808	20.22407	18.28645
23.38802	0.0938022
10.77526	7.664178
16.78184	15.23229	4.825492	5.988389	21.89508	16.39676
16.73624
18.00977
24.98489


24.76961

17.49103	1.87172
1.375271
19.69228	18.00058	4.838379
1.412343	20.38236
8.365265	2.886307	20.87069
3.746072
23.84246	10.57929
13.64612	9.221859	10.77567

11.63729	18.73036	15.95056
19.04047	10.15849	4.867023	19.75554	17.30286
2.906171	18.8529
13.51052	21.76359
12.0924	19.95517
6.000149
6.19386	14.17941	17.31814	4.799013

17.80712	13.23856	18.50853	9.853354	7.587055

9.957162

23.8025	5.915419
14.81707
6.712012
6.71464	21.27528
7.021499
18.19263	21.34699
24.00904	24.3957	12.08652	11.62535
15.37195	15.88551
7.253017
20.59501	8.247032	9.243776	20.05553
7.356803	5.276433
11.02848
0.5574133	17.86201	16.25476
11.58834
13.56451
0.456014	8.914077	0.7655926
8.775592
11.18262
4.945727	14.88199
22.8451	12.15753	22.63266
15.94839
12.17289	6.083145	21.4556
15.04078
5.882008	24.60282

14.52741
21.48918	8.926043	6.897679	11.954	2.004391
6.844607
22.21367	22.63468	7.330743
8.275218	3.270939
10.81988
1.699061	5.003962	24.31522
6.996748
16.74202	19.66811	4.654919
7.224671	7.897848
2.020843
11.94815	11.04867
6.629013	12.32262
11.92797	9.384201
10.07168
23.4699	10.09779
6.348999
13.65106	1.956291
2.557688	6.793031	12.28214
17.31655

8.455917	0.01945535	12.90232

14.19358	8.749601	4.092603
18.43905	11.02821	1.410092

23.52872	21.34487	8.918421
8.203142
3.910866	7.678083
21.38011	0.7655516


3.433458	8.322323	24.79879
10.11622	23.57563	16.5121

0.0442054
0.4136866	3.742536
12.67079	12.68646	22.41926
24.61622	6.591606	2.026394	15.19666	13.61391
13.55186	0.5061029	4.519833	15.28526
14.50806	14.86915	21.51343
15.74977	13.87741	8.524341	24.05963


12.10618	21.74296	22.44051
5.807193	16.43349
15.12645	7.729738	22.15727
3.614626	10.29303
10.55659	18.82207
1.972164	3.814609

21.77738	10.40457
19.88406

23.65643
6.817256	19.41076	23.67319
2.147551
12.42628	16.7398

17.16103	5.173272
8.892166	6.601972
15.69494
17.79254	9.380305
5.749689	10.01515	4.295081	16.48685
7.375874
7.841364	13.36952	4.993131	6.475613
13.13783
5.50452
22.87696	17.88737	13.63041
2.482658	15.86758
3.721316	21.86809	16.45543
10.91129	10.02084
3.364357	21.57897
8.994652	20.65922	24.80248	0.1403285	4.019552	22.02243
13.80079
22.67725	15.63585	14.47055
19.43263	6.108046
23.26455	8.038981	10.55674
9.673274	21.03223	6.917491
18.74446
21.05405
18.91455	10.68351
15.97201	18.04222
15.15535
23.49668	13.60533
11.701	8.868027	18.67335	4.351726
8.517025
16.8364	14.55513

13.45072
8.108163	9.153259	8.439524
8.914332	20.2338	17.49019

8.066738	17.33031	4.008221	5.466102	6.044774
20.10817	7.432785	4.68057
18.07723
22.81857	15.93646
12.10213	9.904043	24.63132
11.10149	6.422019	22.54993
9.710304	0.1381656
12.05876	14.47185
5.958771
2.773363
16.53856
4.953643	1.659431	0.9365518	4.633005
16.10652	13.21754
8.699754	22.61297
18.84631
1.443819	2.496558	9.143295	0.4503971

2.050899	23.02957	17.38238
13.58373
23.09425
13.41743
0.09445792
5.33903	15.86225	16.93352	10.49081
7.074298	7.066579
22.41766	16.68886
16.54599
12.30346	16.87702
7.494193	21.64097
7.199506	7.249774
2.009358	20.08308	22.18716
6.454257

3.414365
17.69177	20.46612	12.92342	17.40859
23.33452	24.02673
15.51739
9.467807	7.438013	3.272147	11.00278
19.68486	15.21534
7.956235	18.0523
18.14681	24.73458	3.827972
23.04032	24.34755
1.210015	22.64554

23.28481	8.930401	12.48198
6.942081	19.92748
6.60171
16.58303
14.30324	3.390127	3.658095
23.82779
3.208756
8.790967	20.00634	5.114805	13.59706	6.301313

24.28195	24.27563
15.75838	17.75863	17.13267
17.8482
22.75593	2.515969	11.41118	19.5002
3.757603	11.53114
13.81341


8.086056	0.9742925
11.33291	14.72355	23.12234	9.949251
16.73671
20.95902
13.29983	17.55766	15.42624
2.338621	16.90827	23.82722	6.841649
4.504176	7.566976	9.115915	11.55178	19.91279
6.786175
19.02062	4.048832	3.35473	1.923868

21.95768
14.15319	19.39463	8.65337	9.066828	24.31025
13.20027
10.45497	13.19766	24.60425
9.567375
15.83107
13.31323
16.2259
22.47067
8.76823	20.97708

15.52822	3.271774	17.65326	13.48038
6.158015	19.80185	24.52494
10.30347	16.22111	17.36106	5.143136	10.65294
9.767695	1.941733

20.41312	12.82299	18.39532	5.812639
4.582925	21.70557	15.00204	13.98462	2.815182
8.650312	12.76023	11.74528	16.15424
22.91618	4.241253
18.6445
8.103344	14.20735	21.07969	14.93582	17.95066
24.03154	0.02100653	15.11979	20.21789	4.393452
24.91267

17.15036	21.18481
0.3768198	0.3125581
1.687566
13.58002	3.098188
6.067651	15.3568	14.59517	2.825989	24.203	5.485414
1.477743	21.87837
0.1813099	10.56241	15.28673
6.937495	23.19012
5.527829	16.11498
2.185354	4.04192
8.030724
17.1529	7.103534	10.7529


22.80945
24.61079
16.91975	18.69247	8.358055
3.01613	14.38581

14.45671	15.68386
0.05287825
3.437237	1.970006	5.28033
17.87785	19.93669	19.23346	15.60306

10.97738	16.50811	12.33707	18.03013	13.56313
21.05608	9.3988	22.09598	6.153515
11.38933	10.41553	2.599356	21.45022

1.913044	10.93573	16.48132	21.34997

7.065699	0.606769	20.08207	16.22711
23.99678	3.161641	7.88032
21.86537	19.42296
4.862282
0.7898368
19.87772	3.461704
9.311691	17.77793

24.46749	7.629604	19.9091
0.5753369	21.42082	17.71577	20.90758
9.331644	20.35415	8.892255
3.991443	8.946892

2.965851	12.30125
0.2656315
0.1954186	8.768463
17.48126	24.67209	12.13364

13.03695	1.867113
1.301028	22.86486
15.95807
1.682186
23.83942
21.15449	17.35567	24.92138
20.75744	24.12252
14.97963	13.28716
11.92467
13.88004
19.22336	8.543776
2.503125
5.444024	8.805894
16.46284	23.55901	20.13437	17.26139
6.694478
14.76413	7.113486	9.145379
24.00936	14.81636
10.29018
21.04223	20.41237	11.28263
19.05354	8.151508	2.223885
18.84642
0.03708299	23.15175
2.484729	19.33479
22.21626	2.200797
4.447505	23.09932
6.268094	0.1028847	15.54288
2.546212	8.324708	3.259051	3.877907
17.81813	21.04033	21.14065	13.13194
3.257111	15.80467

13.16982
6.354214	11.65914	11.59606	23.69897
20.19192	6.101626	20.17384
3.396449
3.027254
1.869417	22.99116
22.30507	16.1688	7.867136
23.34467	3.941876	13.53895
1.134659	22.50492	18.55073
6.330228
12.29732
12.22424
5.712336	2.974095
5.999024
6.353352	2.64938
11.48988	4.690547	19.56809

17.56657	8.282266
6.053448
13.73231
13.41664	7.918452	19.41109
11.38855	0.9192768

15.79833	7.281834	17.59169
22.92354	18.76523	10.20616
21.95935
10.44767	10.06494	2.553075	6.633065
16.24777	12.57537	13.19989
8.118939	21.42237	21.69482

15.71207	16.90101
17.12388	21.31936

3.698547	24.76051	21.39566
23.94728
17.88685
9.404781	4.389353
2.4023	22.88338	7.958745
9.48366	5.960691	3.546296	4.547855
8.030149	22.23195	9.113642	9.028698
20.93528	11.42298	19.51217
6.556367	13.31897
2.733114	15.37315	12.13722	23.22598	4.26211	2.332449
1.055098	1.696454	16.5711
5.082322	7.832629	14.06741
7.068947	22.53778
16.32028	7.972805
1.091239	7.498363
8.982237	15.3332	2.09924
18.76882
9.048753	24.62484
0.3638535
22.70795	2.114556
18.91293	12.62724	10.86802
1.240635
7.214734	24.66487
9.295281
1.660954	19.93604
2.728192


15.76038	2.52654	11.88349	9.127274	8.958377	9.53808
5.536009	8.191655
17.81585	12.77236	3.041666	21.48129
16.71579	2.515472	9.463245
16.23542
4.588861	15.94692
13.79438	17.92417	11.41845
21.86752	8.70668
10.90609
21.61529	4.735503
14.22506
12.2631	19.25534	18.35109	13.41236
10.36695
7.723872	15.15613	7.395151	21.18005	17.47571
5.117535	19.0309	16.36327	1.8205
8.171223	14.37956
21.75563
2.56703
14.79308	18.92847	7.739409	7.301882

12.05913
3.294491
4.343221	18.69521	9.409049	14.45957	22.21877
0.7015575	20.65169	16.08537
21.24296	15.51452
13.96282	6.784108
17.88595	6.300474	21.30744
3.471398	6.860853	16.13845

0.9693438	6.66947
10.19253
21.80282	5.423546
7.883398	4.465893	21.82291	1.675757	6.6636
8.66316	11.86233	0.3439178	18.57652	7.301955	6.408501
2.619828	24.92074	21.52312
16.04212	6.120694	9.831369

12.78872
22.1432	3.478897	1.091395
1.123376	7.832379	16.47491
17.02985	13.14647

15.14091	12.26734	9.315224

17.33116	6.116009	3.689238
21.00379	0.1820593
12.0058	14.39724	10.3915	1.740672
18.24722	0.3525545	18.16738	1.256095
11.2835
24.2558	17.12996
11.66766
17.27523
5.299222	4.124606	5.056266	6.484952
8.216298
13.24879	24.05089	7.698562	24.92372
13.90845	23.94583	19.51265	1.373909	19.12592
11.30801

13.11962	5.565705
12.41178
2.350795
12.57075
20.93246	6.193448	7.727062
19.05106	18.91541
14.54101	5.974732

16.27774
10.16044	18.00573	8.61006
10.36653
13.53001	4.744142	3.785672	2.635853	11.18612
15.12024
19.57984	5.968027
10.27333

3.872785	15.81517	16.03901
18.46533	9.981943
21.53872	10.29444
21.45801
7.287867	17.13828	11.14792	22.76658
3.462607
10.34743	5.707662	10.52574
2.263343	23.06038	0.4672828

10.88439
3.663363
21.18274
23.83723	14.86626	12.76008	10.50198


21.75933
5.68982	6.954002	17.1656	13.54684
1.686259	23.73549
10.68861	12.76213
20.42265	19.10878

19.92478
18.58	16.5688
19.68665	11.81483
10.04178	5.618746	11.81909
22.4683	0.6832211	11.41247	17.1765
16.31514	7.647612
23.55227	2.771059	7.771209
12.86715	18.73133	24.64402


19.57472	11.69229	18.17836
14.42264
0.3080987

21.86675
0.7345788	1.929528	23.05888
21.3147	20.09373
10.17351	15.3344	5.928931	15.77101	3.191733
8.355779	1.631236
12.48565
6.25097	23.34159	24.65015	9.94722	3.959801
4.816153
7.468703
22.16024
18.64371	8.569234


20.53374	14.67381
24.66559

8.079625
18.62761

18.23535	4.615935

4.652256	0.314088
13.83439	23.2479	9.096778

16.12731	7.703984	4.665945
19.59716	2.537555
4.572673	22.07444	19.02053
7.681215	14.87322
14.67284	17.12445	17.26011



17.50645
12.68744
20.76933	24.0416	14.0127	14.60405
7.786781	0.4652711	20.90992
22.73083	10.11172	19.99173
11.68608	11.07554	20.08073
8.35159	12.56289
3.829905

10.35175	3.740635	10.13098
20.32844	10.37026	9.370293	19.87312
19.31065	2.470744	6.877022	12.01101
2.031022	9.490117	0.1016938
6.526067	1.174812	1.059376	9.500244	7.805423	9.653554
6.256108	5.185974	9.578599	3.983894

23.50503	4.852944	23.84803	16.98203	18.2809	3.432191
15.44787
22.68105
20.3813	15.65369	0.3392084
6.103638

6.946898
24.25831
4.396286	22.88826
6.073963
0.3306084
7.914775	23.79207	0.912918
17.97077	14.62558	4.027315
15.20992	21.92213
18.42588	0.3017421

16.27824	20.78807
16.15963	5.015599	1.275201
15.59444	7.713292	24.46866	18.86886	18.89096
20.74289	9.953072	7.344065
1.554328	12.45443
18.53579

4.209508	15.35862

16.40643	8.0867	6.788858
10.04629
21.38605
5.487774

6.906267	20.67636
22.867	24.60799
16.75748	15.03751	22.25661	23.92632
5.952791
20.45764	9.490633
9.496413	6.070353	3.675575
21.12338	18.86245
24.67231
21.72353	4.520202	0.9537888

1.510237	5.157951	12.41592
22.36015	21.74843

3.933707	8.713142
24.83082	21.82401	7.789744
19.16267
8.574971	9.250227

25.01056	8.149939
20.37644	23.87111	14.05323	4.576603	2.291724

19.80712
21.74475	18.23763	3.780966	12.28086
22.24239
12.96621
19.68603
9.881206	23.70102
13.04937
12.3683	24.87454	22.23536
12.82565
13.08806	11.19411	18.56171	4.575641
10.96999
3.035961	15.98263	4.377944	1.780454
2.352598
4.225868
14.53086	10.62375
8.640685
8.88398	22.22097	21.38649	22.92967	2.9317	8.136983
22.69713	17.92117	1.779491	2.003349
20.6207	15.23187
12.42122
18.11586
1.328259
1.965997	16.95872	6.383967	15.155
2.737858	17.9132
10.76847	11.734	6.846153
9.188212
19.9836	24.18748
13.66729	11.63644
0.8321173	18.45723	3.841751
17.28402	11.51496	8.501655

8.78516	1.12621	21.16663
14.319
6.29263
5.404457
14.33101
4.282121
18.59533	13.96938

13.95399	5.323946	21.835
3.433611	18.83249	14.91399	18.83123
23.96111
19.56285

13.09594	18.25316
19.06528	0.8687483	5.786522	8.491893
17.60858	17.49274
10.2255
5.047921	24.50849
21.75525	24.7364

0.04748689

10.33018	6.329804
23.49193
6.750848	17.18009	10.74423

16.8609	7.312927	0.4481572

3.013109	15.46967	4.689624	9.905386	3.977323
1.105126	3.981678	13.77443
2.154771	13.26614
7.349982
17.45678	24.54073
17.89057

18.57991	1.231179	16.63841	11.84006	12.56691
18.65517	7.544857	10.45891
17.29543

21.50802	11.50559
23.39706	16.15493	18.82675	18.4361	15.27263
15.24959	7.923667
14.73783
12.8063
19.07898
3.206253
20.08583	24.69001
20.87299	15.58151
13.94371	8.178713	4.00821
0.6215135
11.81523	5.483288
4.118878	9.7157	5.053303	8.625692	22.27996	4.789505
17.03881
6.474273	20.0913
19.9141	6.235463	12.59601

15.61921
23.09363
11.06447	5.944023	5.809462
6.765279	22.72348	23.20291
9.781223
19.0759	0.5903119	4.978051	10.79117
7.670119	22.13601	14.17803	0.7200949
2.358451	11.0007	16.28053	21.24925
18.58681	23.43918
4.038626	5.494201	16.8965
22.62358	10.31359
8.000156
2.236271	6.6781
24.51294
13.93025	23.51691
19.47742
23.47952	18.29136	7.138321
18.64139	3.561794
23.84984	21.86071	16.4066
8.182857	23.75494
4.994293
10.41886
8.747568
7.824489	4.510586	20.49109
5.922761	9.848711	23.36042	2.05127	20.47668	1.603312	11.77435
14.64439
22.60506	11.63663
0.6972618
2.690918
15.29599
6.338203	20.76194
15.4266	11.49627	12.52948
19.84513
3.272074	3.300439
0.6828989
1.735443	6.929171

1.657129
19.49961	4.903121
9.967853


2.304389	18.88176	24.64329
4.636891	23.21156
8.960201	13.99088
6.247573
19.78437	21.55523	6.793785	21.38373	14.71582
23.24385	9.489834	18.48918
16.30688	12.76499
13.38154	24.76132
9.027459	15.37035
16.49589

15.01967	20.44561	13.81842	23.59035	22.41164	17.06875
18.99317	9.82119	10.79857	2.629154	7.396563

1.503549	9.373533
4.461828	22.94576	7.582982	15.84668
11.00104	9.204853
5.61142	6.485396	5.104444	24.26386
16.54848	9.706824	20.78026	14.05375
16.05498	11.73529	22.59902	17.99276
12.49827	12.58603
13.9405
17.63763	18.09832	4.879789	22.82398	16.14473

20.61664	17.77897	24.44842	21.71131	6.97356	17.28851	14.90808
20.27991
0.1191347
18.71649	7.328504	5.625714	11.03792	1.232266
19.21559	7.806273
15.91783
5.864861	8.008812
6.755654	3.621793
14.24484
12.80561	24.03967
3.087773


1.482351	11.09512
15.37143	4.088283	22.14351
7.531084	6.337546	10.58877
4.829224
21.68875	8.255054
5.731198	11.33358	21.4238

9.128299	17.72734
15.77599	20.34086	7.370817	17.17626	0.3470304	8.111552
14.87488	1.982093
12.29211	3.702814

6.071972
23.47533
5.437305

24.93173
21.46641	23.71034	12.47345

7.083268	7.732872	10.01857	13.45558
9.702137	6.21935	20.84992
0.1023525	20.57536
19.86881	9.410795	5.368145	24.95833
18.00336	16.93181	21.87909	5.098495
12.84584	2.796909	7.359718
21.2205	10.79076	20.1038
4.099823	7.66486	8.067006
13.02139	6.886914
23.85517	16.33143	4.014983	13.08996
7.206654
24.42375
6.025985	2.367807	16.88523	23.48437
13.98708	1.314338	12.45183	20.51966
11.74518
16.25735
22.07701	16.53117
11.83755	17.68868

3.74598	4.350468	5.997362	22.583	19.75854
7.99451	7.637977	1.124304	5.868097	3.224348	0.4542452

20.18765
16.91865

0.946838
4.979122
7.843118	11.22185	2.800242	17.3878
21.58471
17.43503	18.89659	24.82677
4.966635	12.01482
2.675406	17.04027	10.37261	22.58234	24.3432
18.45784
10.40246	0.07493643
6.420887	4.703651	1.309312
9.729393	13.32715	14.28375	12.86366	6.481497	24.4959
14.24888	16.95268
16.89786

21.57544
10.39685
14.79481	19.95227
2.579339	21.86036
24.7412
8.719702	19.08139
0.81703	21.77204	13.80939
21.63652	5.75885
17.08535	2.999496
2.644081
5.494485	14.97957
13.0684	23.27296	13.27027
4.264857	14.32539
6.827321	15.92104	23.44834	18.11247
0.1909565	20.86529	8.454339	5.075143
1.73519	24.10676
8.3152	17.82215
13.07678	19.50324	4.822438	11.53881
15.97219	7.954634
0.3597327	23.67016	8.154633
24.66483
11.92324
12.04101	5.171242	10.23482	14.61454

13.1677	14.44571	5.679253	21.95654
4.992103	0.09634024	0.6840636
2.666305
2.906733

21.06926	12.24793	1.876348	18.76549	6.100783
17.88344	1.143662
10.26223	21.59589
18.76282
5.883108
4.674895	12.05064
0.7506349

3.315432
13.08493	17.5062
17.30645	21.11376	19.13942	11.03659
17.4525	22.37692	16.68437
18.32596	23.45432
23.67695	0.1216466
1.910228	14.46173
6.74597

18.58419	16.37061	16.47039	7.10058
5.523846	23.07832	2.182109

1.270956	13.03062
11.68717
12.59524	7.165308	22.67968
12.21802	8.633771
13.77738	16.57578
13.3637	0.4892563	6.14109	10.23177
20.4914	22.98981
12.04708	16.85846	14.94349	5.804859
1.485549
4.012652
8.116583	4.404381
8.59493	16.00294
11.06467


5.274989	2.640198
17.46213
24.68119
20.59754	16.73726
2.310769	22.2805
6.495507	22.33545

23.28258	10.9243	22.62117	4.011638
21.63346	16.64679
9.634962	0.04761992
12.72264	2.499969
13.84705	19.9026	13.18405
6.585474	18.03631
17.7808	20.33379	9.869489

8.380927	12.97049	12.83692
8.050139
15.55762
18.1373	1.579703
7.426457	13.47472	16.73377
4.430607

14.99809	4.133628
11.8244
23.66539	9.626123	17.15939	20.31643	3.748766	6.35863
22.726	14.26513
13.37085	14.62004
24.097

8.168064
20.23604	17.10983


23.46288

0.4504527	7.525186
6.910856	1.190367
13.18063
18.8857	9.614747
9.790893
5.97964
0.5378627
5.124205	21.71451	10.93008
24.90224	20.77271
4.510513	17.80122
9.222855	0.3198148	14.75885
0.4880454	15.23264	22.55579
14.08187
8.125821	8.899246	21.42541	10.48856

21.07141
15.68651
13.89671
0.09944186

20.94417	15.02336	0.5518463	15.17919
1.533718	19.6657	8.094146	3.73377
6.001226	19.34752
10.08445	11.96955

10.24256	9.950125	23.28795
25.02796
15.69859	16.29426
13.73229	15.38049	14.24172
19.49891
4.783315	15.83214	17.30293	13.49643
13.71886	0.07909173	8.388255	3.747055
8.344679
14.04488
21.56119	13.70109	10.86746
4.771086	10.59075	19.89482	3.007199
15.89713
23.18653	19.83643
11.24351
7.582083
2.33909
0.9036634	23.68748	16.49431
4.707093	20.83243	11.85516	15.35912
9.560207
16.16773	19.90347	15.06523	13.38938
11.40482
20.01618

17.16808
19.54352	4.397881	17.8023

4.786143	7.157388	17.04498	20.71655
3.350432	24.21392
22.74757	21.30048	10.47302
0.4692535	5.045699	16.26539
24.60777
11.52677	6.533114	8.091467
23.96252
24.80177
10.67852	7.01143	17.42999	12.47125
14.60557	10.09658	17.78148	3.749068	21.83591
6.650944
22.95639	21.30491

3.96732	20.18971
22.39666
8.216826
22.46989	0.7927043	23.28682	22.55317	11.45267
7.601424	22.14816	12.16239	23.59986
1.64758	9.992638
10.36878	20.54013	18.81527
17.72381	22.82903	16.69142
18.42163	16.21468	13.35571	2.964211
16.49614	2.109978
1.310904	0.1104966
20.60982	22.68575
22.69721	14.73478
19.92965
6.687114	0.2826365
21.92172	0.6774209	6.220957	21.72434
14.16434
8.300387	0.8899598
0.382686

1.723234
11.61533	0.2651998
9.310479	2.932979	23.57973	1.735113
14.01799	4.042731	4.341086	4.652436
17.39829	7.897391	8.097432	1.293244	19.62594
11.48129	17.26517	13.94008
11.37409
11.97356
6.161695	11.48182	23.96441	9.529398
2.677041


7.883684
23.53417	22.32927	8.528435	13.94741
16.88958
17.94108	19.9556	15.24598
18.20497	1.065931	22.56672
11.29383	0.764583
18.0665	23.09917
6.711222
1.07398	19.10807
15.66703	18.37791	21.92248	9.370853
20.45833	4.951223

14.91155
15.78989
2.648473


13.82005	21.45002	15.5351	13.36018	15.20728
8.474685	8.061237
8.246298
8.482779
19.69173	18.81772
19.21531	7.611604
20.5111	5.431711	18.71529

16.94207	22.56175

2.620825	15.05771
15.8978	13.92232	22.60926	17.72341	16.85559
3.851895	19.66549	19.69186
17.08326
11.36769	4.960676
20.28899	19.4098	9.191975
7.741022
6.184971	7.882504	21.53389	5.277281	11.80839	18.5818

24.23871	11.29871	20.89569	16.95462
3.308241	21.468	22.53421
23.90232	20.87822	3.599313
4.502737
8.843213
3.303177	2.212999
6.678884
6.38104	7.911737
16.8896	7.15084
24.2927	5.305107	15.95445	5.946325
17.52915	0.249469	13.94637
11.01224	22.68558

10.42314	12.81102	17.76769	13.45998
22.70628	19.01599
7.53082	19.50884
7.017634


23.08934	5.847277	4.672019	20.821
6.621129	10.62702	18.29561
12.70716
2.978841
5.569129	2.582988	16.85801
23.07908	19.17142	17.88224
21.04933
18.53587	12.13299	7.251472

0.3416516

8.648128	4.219427	2.355092
5.182617	13.82584
9.820049

17.30758
10.9728	2.501825
7.789586	8.465658	16.49706	6.854435	20.74393	5.745608
7.184074	19.33094	8.195954	22.53386	5.192224
15.52865	19.8279
20.25846
24.77702
17.48013	1.863138	2.216642
17.85333	22.85808
23.49151	1.035572	10.64846
19.04579	24.28105

24.01944	9.876245
17.39775	10.48132
17.12955
4.615634	3.498522	19.06457
18.17817

8.00725	7.455212
9.618177	7.091591
9.646554	8.121535
11.25004
21.34422	24.49498	1.248362
20.17827	0.2679769	2.65127
16.87796	15.26871
19.47465

14.54943	1.797185
3.725534	24.25108	21.95665	21.63134
9.288752	15.71671	11.51424
2.666381	13.76517	13.28546	3.957957	14.96235	10.56996
4.5338
14.80101	23.06565	2.713888	5.965256
7.833987	12.7345	1.257118
19.17317
11.91904	19.96752	3.368256	6.616552	20.5442
20.31987

11.23382
12.45759
19.45083
4.338746	5.27191
16.1453	24.62832	6.220619	17.67682
18.10398	14.08663
2.924836	14.70824
17.82113	6.087089
20.85844	3.718003	20.35821
13.68906

4.424156	0.1696649	20.26416

5.940603
18.45235	14.64796	9.643897
10.11975

5.619107
1.393645	1.956422
19.9048


1.181573
18.14328	4.98844
10.09723
14.70422	10.60558
1.856117	2.803157
17.05876	17.17136
25.00933
3.446177	15.38199
0.6293265	7.349938	18.86601	3.960297	6.070866
