ExtinctionRates
0.06182017	0.00518644
0.001768733	0.02418114	0.003298374
0.03723573	0.004633785	0.005383941	0.1752022
0.02482745
0.0116126	0.009057988	0.0032678	0.09427828	0.003313547
0.001537475
0.01054166
0.008373677	0.003663925	0.009488076	0.002501233
0.02154058	0.00532207	0.008490777	0.005053799
0.02864181	0.001139434	0.01152348
0.001883652
0.1388561	0.02099201
0.01040161	0.01297534
0.002938159	0.0003534813	0.007901729	0.001660146	0.03743652
0.001171314	0.006405839
0.003539883	0.003015662	0.04226554	0.003324606
0.02934983	0.003056867
0.01553873	0.004796171	0.001502388	0.0108428
0.04108707	0.00340276	0.01029432	0.004737243
0.003847304	0.0284702	0.006743558
0.002245009	0.005564805	0.2059848
0.0120181	0.0316607	0.01593788	0.03679216	0.01107637	0.01315675	0.02195262
0.09656786	0.01381178	0.0199425	0.01212858	0.002936453	0.002017122
0.001979493	0.01806323
0.03090373	0.1503218	0.003647571	0.1369984	0.00763437	0.04110686
0.01243106	0.01406407
0.003627459	0.005219331
0.1917542	0.00353172	0.002178265	0.005019286	0.002822032	0.004461856
0.005866142	0.008463688
0.001161753	0.01308032
0.005783063	0.01054078	0.007230409	0.005092505	0.01684309	0.01499096
0.01034721	0.01942319	0.1325049
0.01078458	0.01075817	0.007868397	0.01487611	0.006172715
0.006069728	0.00529624	0.01472738
0.005620553	0.0003635245
0.002137447	0.005550846
0.000824806	0.001231135	0.1170917	0.01035346
0.0009531683	0.002356509	0.01160417
0.0005282423	0.002716278	0.001914089	0.00418073
0.003315484
0.0006650566	0.03140122
0.004194299
0.007723961	0.01543274	0.02967346	0.001052265	0.07022121
0.001010586	0.003611295
0.003653876	0.007497695
0.005402285
0.002878378	0.02734893
0.01638197
0.01487093	0.01553748
0.002235436
0.04994586	0.01756158
0.01105656	0.005242437	0.001851063	0.009039019	0.00919551
0.01929773	0.002062088	0.001095191
0.002336262
0.01851514	0.0007599972
0.01838584	0.00283413
0.101318	0.001976559	0.003952134
0.002554455	0.03538865	0.04297123
0.01370122	0.03297743	0.04727294	0.0155286
0.003522801	0.009607574	0.001968313	0.001899985	0.08610275
0.02902504	0.003155456	0.001723622
0.01103631	0.004433605	0.04144655	0.004989205
0.007644101
0.002265082
0.119283	0.0001639779
0.02027982	0.01047865	0.005280342
0.03330631	0.004515599	0.1163301	0.002856905
0.002366654	0.002335458	0.004303356
0.001435212	0.002025659	0.1189923
0.009129474	0.005749172	0.01325412
0.01919167
0.004258934	0.004490064	0.002690297
0.006971897	0.007649507	0.001447087	0.6228178
0.002729896	0.01213801	0.002458476	0.00475485
0.006716928	0.05314629	0.006667654
0.02621803	0.008321757	0.01071331
0.00225962
0.04301393	0.003575149
0.04748478	0.002879683	0.06070968
0.007092385	0.009784806	0.002927431	0.00291201
0.005447498	0.009636688	0.008188762	0.03234658	0.02954032	0.01066468	0.003633744
0.04238157	0.006170568	0.002289572	0.01775669	0.009295971
0.006429892
0.02495478	0.007572495
0.0009773632
0.1728633	0.006359242
0.01475482	0.006574094
0.0007918572	0.01109229
0.008506799	0.007804234	0.03727405
0.04397289
0.0004860403	0.0004721952
0.001518798	0.02795096	0.000963496	0.008887894
0.06718233	0.01724455	0.004133588	0.01004482	0.003141802	0.00300332	0.008345541
0.00680341	0.004485923
0.0006709768	0.01107617	0.06625703	0.006760039	0.169398
0.02767832	0.00982164	0.06476698
0.01460109	0.009785015	0.002889219
0.01359096	0.02744354
0.002961216	0.0385475
0.007485917	0.02521036	0.000850007
0.009955341
0.04456001	0.2088044	0.004434463	0.01299021	0.00243761
0.1060214	0.004600236	0.04101985	0.01294868
0.01044052
0.05830979	0.009739885
0.006821094	0.0003701718	0.001800119
0.05273753	0.002463774	0.0005543022
0.01659964	0.01227415	0.1881851	0.02281492
0.006282451	0.002345935	0.002325049
0.0003484897	0.03998728
0.01217005	0.0870701	0.01971236	0.0660903	0.0139554	0.0003400595
0.02240737	0.0009197352	0.03214219	0.03484085	0.004915645	0.0124621	0.01023926
0.007522149	0.01013523
0.001019446
0.01618397	1.456452	0.02391357	0.002676524	0.008319065
0.00563897
0.02031495	0.001915202
0.03797924	0.02407511
0.03102414	0.01685523	0.07066085
0.02040896	0.03670458
0.02352919	0.01044224	0.01745004	0.02331495
0.0309117	0.01029278
0.01950337	0.007355689	0.002855631
0.001770198	0.04060706	0.01142041	0.007797719	0.003604626	0.01449267
0.03129955	0.01698801	0.01185525
0.003488609
0.06406695	0.01194385	0.1588651	0.005092715
0.002218689	0.008462382	0.001359977	0.01703168	0.01038451
0.0268416	0.005232894	0.006991876
0.006308822	0.002972114
0.06644492	0.004660639	0.01707394
0.009716051	0.00882498
0.03444496	0.0009132861	0.002973301
0.0008775085	0.02146841	0.002280707	0.0008005336	0.0142442
0.006078858
0.03447615	0.002323384
0.02782959
0.02977448	0.001968512
0.05198992	0.0007372696
0.0002490954
0.002487755	0.003219341	0.05695105	0.00219134
0.003398395	0.01133819	0.001559905
0.03572406	0.001125842	0.07388382
0.03635098	0.006145845	0.02368202	0.000568022	0.003520861	0.03106041	0.02230448
0.002026368	0.005722196
0.01200992	0.003349852
0.02224749	0.03636505
0.001327483
0.002800637
0.00592694	0.0001061477
0.007692437
0.09160013	0.02711371	0.08688311
0.0151368	0.003871542
0.01108903	0.001849885	0.002948258	0.03102975
0.003245542	0.0025781	0.01466968
0.0143008	0.008150571	0.1375037	0.0114631
0.01444821	0.03270373
0.009273004	0.005871745	0.03789665
0.2320018	0.01774118	0.006664209	0.01619419
0.01072559
0.05906332	0.01025428	0.003657819	0.0125651
0.01251406	0.003691196	0.0004537313	0.007421516	0.000857481	0.002775615
0.005185481	0.0007747666	0.02053421
0.01011968	0.008178779	0.0009448458
0.06774059	0.003318705	0.01194559
0.003856187	0.003138625
0.009578852	0.006615051	0.00377959	0.005589736	0.002448849
0.006487272
0.008401848	0.009871075	0.01246781	0.005984759	0.02367733	0.03150627
0.006633768
0.001334948	0.007892035
0.004971475
0.004113719	0.01449746	0.00740768
0.004031406	0.0009317787
0.006551828	0.03012942
0.01086354	0.0005949039	0.01540764
0.04398308	0.004989526
0.0005375801	0.001191874	0.003106154
0.003814003	0.00353743	0.008770626	0.0264077	0.005495131
0.005779459	0.002332979	0.02988635
0.00598431	0.00231542
0.01805361	0.006306012	0.02144242	0.005915885	0.002102213
0.0331222	0.002203746	0.001473696
0.01992684	0.003064426
0.004145852	0.007274222	0.01746387	0.359153
0.001278275	0.01757242
0.09495341	0.004676038
0.01408222	0.0016925	0.0005895547	0.03807343
0.001725869	0.001468319
0.002638018	0.002909782
0.008885622	0.02433815	0.004832421
0.02172288	0.03415868	0.001046546	0.006017158
0.002506533	0.01541792
0.01076128	0.04353878	0.002093046	0.007805901
0.0016339	0.002136232
0.04235814	0.002023029	0.09832837
0.001106591
0.01148072	0.001489999
0.03036993	0.003866374	0.003039023	0.006033702	0.005068476	0.01280238
0.004064879	0.009168723
0.02529507	0.006541957	0.01744084	0.002029239
0.01635771	0.04131062	0.01238645
0.009389728	0.006520574
0.02322805	0.008475396	0.01102528	0.08142539
0.005856287	0.00763011
0.00523777	0.2081617	0.002728367	0.002057796
0.02970229	0.003246833	0.00106639
0.009251823	0.01065456
0.04873344	0.004906018	0.1330535
0.01422101	0.003136956	0.001201343
0.02336281	0.006770359	0.00695113
0.003866622	0.004280572
0.004830869	0.01104236	0.01384245
0.007456692	0.02080457
0.003989384	0.004978455	0.03173487
0.001516765	0.002087912	0.01411457	0.002006827
0.01527875	0.0003071878
0.001406518
0.03039757	0.00631426	0.02768875	0.0006626549
0.01804774
0.03267941	0.006077294	0.00465285	0.001545807
0.01284272	0.03481662	0.06524228	0.01712969
0.002085031
0.01401134	0.04387226	0.06667111	0.03916272
0.006380084	0.009538818
0.02949201	0.02000173	0.02259941
0.04689179	0.001751605	0.01410704
0.01787159
0.0006497688
0.1055428	0.02295593	0.006596464	0.01871432
0.03587868	0.006827982	0.004420024	0.008262118
0.0157528
0.0008020757	0.001246293
0.02787527	0.00585324	0.006983767
0.02884643	0.006833433	0.001805669	0.001576023
0.002476899	0.039615	0.01791086	0.02784898	0.004984464	0.008604417
0.04735258	0.004828459	0.01153847	0.02728001	0.03557885
0.00386983	0.002628729	0.003070911	0.0006862656
0.01365642	0.002132629	0.03650998	0.06671207	0.01434211
0.0096649
0.01272653
0.01992106	0.01321038	0.03778161	0.02013546
0.003671189	0.04736459	0.008525785
0.01105551	0.005583848	0.0146493	0.007428577
0.001599919	0.00811501	0.01681205
0.0013109	0.002097791	0.00743502
0.02827006	0.003177705	0.002237703
0.001825102
0.01899133	0.00386726	0.002126882
0.007280282	0.004579693
0.01445379
0.01342285	0.007612365
0.001312128	0.03461732	0.004568627	0.02957414
0.009401143	0.002962242
0.0308689	0.02552469	0.003137817
0.001513338
0.01807091	0.005098116	0.2039344
0.001139023	0.002231989	0.006897819
0.03067342	0.0007369898
0.009567791	0.005811224	0.07027486
0.03158168	0.002107905	0.02141142	0.02716948	0.03163903
0.007557265	0.002780438
0.01986511	0.2189578	0.01785465	0.002216703	0.007646597
0.02446463	0.009858832
0.009974176	0.001351816
0.003245354	0.03211312	0.00515279	0.002731899
0.002741036	0.03669821	0.0006585538
0.007666173	0.004775999	0.01498376	0.004469014
0.05327451	0.0008268041	0.001367115
0.00639755	0.007400906	0.002143996
0.006316994	0.0008991838	0.02493621	0.04109672	0.00895121	0.003420931	0.0128985
0.007535064	0.008295259
0.02313249	0.005330336	0.01795052	0.01872481
0.002802766	0.000978657	0.04342864
0.006986037	0.003891317	0.08527518	0.002563637
0.006218458	0.0033437	0.003949207	0.001358331
0.005319225	0.003206727
0.02253934	0.001192731
0.01308988	0.003309384	0.02341123
0.006235533	0.0107637	0.02291296
0.02728262	0.003233686
0.01081656	0.02109231	0.008695945
0.01771782	0.111638	0.000494787	0.002328684	0.008980917
0.01911028	0.01555898
0.008000853	0.01186093	0.01624007
0.005831345
0.124011	0.003555681
0.01976724	0.006011512	0.003312443	0.06595901
0.01712888	0.01167263	0.005405039	0.001827893
0.005274351
0.01458372	0.03005233	0.001548944	0.003838441	0.002104993	0.02213145
0.04480308	0.03101027	0.1152069	0.01494255
0.03146301	0.009582817
0.009322295	0.04010483	0.004728366
0.02398624	0.005224596	0.07743217	0.007038422
0.02317816	0.01130765	0.009053427	0.005808515
0.0308582	0.002984899	0.003721062
0.001219951	0.004371296	0.0185587
0.0008413956	0.02863636
0.00749032	0.02564562
0.004591339	0.0035953
0.01393156	0.009477114	0.1392496	0.01006947	0.029335
0.03483048	0.004371426	0.05888191
0.003487959	0.009337227	0.124848
0.001298741	0.001708143
0.00640893	0.002016218	0.01030771	0.0043408	0.01879246
0.02791098
0.06542094	0.003099879	0.03449229	0.01725382
0.007741408	0.01123198
0.01084147	0.03113261
0.003790521	0.00132305
0.003066973	0.001337868
0.01068262	0.09172296	0.01007953	0.007665037	0.02042714
0.003667821	0.009270211	0.0720592
0.01164738	0.004091319	0.01065088
0.08219524	0.004300074
0.03502438	0.007997956	0.004273107
0.002023882	0.007113033	0.001667594
0.001507565	0.006593461	0.02273479
0.003259596	0.03650103	0.004175186	0.01259227
0.001220737	0.006883481
0.01814374
0.05615927	0.005611306
0.02840487	0.00218274	0.0004957845	0.01502917	0.002029943
0.003956386	0.06172319	0.01166659
0.007891379	0.020979
0.01243361	0.008138891	0.09980853	0.09017017	0.002107979
0.007343191	0.01486889	0.07647298
0.0002952578	0.001654755	0.001211202
0.004841436	0.00117713	0.008365024	0.02458856
0.0422162	0.01163534	0.005131714
0.001305243	0.01225996	0.007214098
0.009281272
0.005758979	0.02280767	0.04691489	0.004675365
0.04532262	0.02685565	0.002777525
0.02164419	0.01252655
0.01428043	0.009261659
0.03155469	0.002521001	0.02125029	0.003682485
0.01340294	0.01061747
0.006422713	0.002818974
0.002999998	0.0005556799	0.0007208629	0.001955385	0.02595202	0.1455812
0.003736566
0.007057247	0.01011765	0.004182819
0.006384441	0.004089526	0.01428884	0.04186718
0.001234034	0.008203929
0.01447844	0.01013888	0.0009471978	0.07613357	0.005569044
0.01081824	0.00604151	0.00278183
0.01813547	0.01545036
0.008306863
0.002668316
0.01223861	0.007561077	0.005477521
0.006808214	0.01943632	0.00839398	0.03481446	0.02636921
0.005018724	0.002454637
0.004617329	0.004284315
0.003851503	0.01856468	0.09735629	0.06213993
0.002088132	0.1110767	0.007830701	0.04800966	0.06011763
0.05102537	0.06796558	0.0220049	0.002004584	0.02715212	0.001244241
0.01544756	0.006641556
0.02430194	0.02915413	0.06881679	0.01858204	0.006243436
0.0004910304
0.0138301	0.005763733
0.0005583819	0.4028068	0.01362007	0.003357633	0.02039481	0.022418
0.01396277	0.01714716
0.03738206	0.04787138	0.0109692	0.1005011
0.005543353	0.00865491
0.1197249	0.007995846
0.0008144921	0.004615712
0.01083913	0.03919817
0.001290887	0.008896625
0.003810516	0.009836869	0.009401114
0.0007496591
0.2036721	0.002745878	0.0006158991	0.004540363	0.001868164
0.01163655	0.01025855	0.005852036	0.01594125
0.001550227	0.005251178	0.01258276	0.001593581	0.003580424	0.008974969
0.002715445	0.00899205	0.01410316
0.008804575
0.01925043	0.005254562	0.01607561	0.01934742	0.01850658
0.00179085	0.06121269	0.0496443	0.002290995	0.06055835	0.005439457
0.00149133	0.01417919	0.003382779	0.001727584	0.01183157
0.007941382	0.009308775	0.002396454
0.02647338	0.009780946
0.006604987	0.006545152	0.004656946	0.01712778	0.02729413	0.003144184
0.006521345	0.001385402	0.03197873	0.04905857	0.03797589	0.02676359
0.01577846	0.02095371
0.01656608
0.002049324	0.001212573	0.0122141
0.07194031	0.006507609	0.04428339
0.5460471	0.001081658
0.06569167	0.001688795	0.008018692
0.004525677	0.01526023	0.06468096	0.05704507	0.00453582	0.001060761	0.007890172
0.02464027	0.004132157	0.007160038
0.004474014	0.07820535	0.02429652	0.003464897
0.001053112	0.001993632	0.01824959
0.06305481	0.001937478	0.003649591
0.0176361	0.003321589	0.02778951
0.05737526	0.007797706
0.01199581	0.0120574	0.004382332	0.009725942
0.01834891
0.001335802
0.006576874	0.0007756082
0.008008274	0.01823299
0.01250567	0.02984672	0.004645629	0.02589092
0.06080844	0.04943484	0.02054293
0.008878036
0.01098622	0.01323924	0.004867236
0.0007106646	0.002198871
0.002098368	0.0263229	0.03613202	0.00658584
0.01628574	0.02798169	0.009604031	0.01042829	0.004298613
0.01497081
0.01696403	0.01072612	0.02159082	0.1998171	0.0241375	0.003072544
0.0203749	0.006815587	0.005389305	0.003103224	0.0296041
0.001593997	0.03336491	0.0060459	0.003576946	0.005905487
0.01082494
0.005785086	0.02560115	0.01465843	0.01641691	0.004958521
0.08567527
0.02162483	0.02016637	0.003975301	0.00245945	0.02373081
0.001306587	0.007568608	0.002558812	0.01093558
0.016658	0.0003434158	0.01472524
0.000954227	0.01646657
0.008847873	0.0125727
0.002170567	0.006408996	0.0142184
0.01004216	0.002883835	0.001325538
0.0007764958
0.02905417	0.175178	0.02333033	0.0006083347
0.01122683	0.01084059	0.03107844	0.01524275	0.003638676
0.0065969	0.01093347	0.002863091	0.09412912
0.00630193	0.00818247	0.04568322
0.006227842
0.01843109	0.001465251	0.001375472
0.0247907	0.002987199
0.03432295	0.0003087239	0.02430118
0.01765137	0.002563294	0.002617414	0.02091225
0.001333528
0.04680835	0.009300939	0.003885529
0.1217828	0.009552032	0.08558432
0.002188322	0.0002807279
0.08175735	0.01131332
0.01160816	0.01040014
0.003663777	0.007437916	0.01671355	0.01446568
0.01296159	0.001131883	0.01011621
0.01152065	0.003883228	0.000296262
0.00260649	0.001120663
0.002297941	0.06061432
0.001899008	0.009077727	0.007146612
0.02259007	0.02971984
0.003427492	0.02598082	0.001975137
0.01595736	0.0003132941	0.0339967	0.022764	0.009130907
0.007501594	0.009164692
0.008801214	0.008871068	0.1425035	0.004517838
0.01450124	0.007376475	0.02522012
0.03482582	0.01388051
0.002704334	0.002476097	0.001941989	0.03523727
0.02229698	0.004007033	0.005852349	0.01228515
0.01855619	0.001619741
0.02489065	0.01080156	0.01590789
0.00223921	0.0005072147	0.02211638
0.001218055	0.008886098	0.002305533
0.009161462	0.004836819	0.009274556
0.02048609	0.004221711	0.01327737	0.001225417
0.0837716	0.004171001	0.03714166	0.006132842	0.004978039
0.01328445	0.003698251	0.009416282	0.01535512	0.01032555
0.00467811	0.004403577	0.008973825
0.0372767
0.003670508	0.02234548
0.003649019	0.09000749	0.001705071	0.002542012	0.01065923
0.02539768	0.004206928	0.02902905	0.4947692
0.008227109	0.02132147
0.0007576814	0.009876515
0.08765808	0.02476605	0.005067503
0.01494701	0.004323692	0.02749368	0.04835809
0.004549661	0.003188322	0.02962368	0.0602051
0.04359573	0.008475991	0.006305149	0.001637811
0.005220882	0.001752085
0.01389302	0.004306379
0.02156707	0.001140622
0.003052893	0.001410953	0.07213197
0.002719842	0.07857384
0.01148818	0.01450045	0.02269642
0.001507527	0.003318124	0.001750483	0.01786981
0.04720137
0.01292908	0.003141311	0.16202
0.001605214	0.002734966
0.0329918	0.0005245366
0.005490929	0.005650259	0.2647042	0.01334696
0.04852577	0.02314387	0.02463382
0.001252759
0.009163479	0.01362699	0.02110491	0.0005621431
0.004526918	0.00294053	0.01774156	0.001147575
0.006761467	0.002743134
0.003950668	0.006099306	0.003811933	0.003364153	0.00300403
0.009115527	0.007384655	0.0122561	0.008099513
0.02191275	0.03296939	0.001917338	0.004149439
0.01170712
0.02078855	0.003413449	0.001503862
0.06558452	0.0005380978	0.03422381
0.007964257
0.008996375	0.003279346	0.0324874	0.004149696
0.0157724	0.0383134
0.009445638	0.005163303
0.001440285	0.01847804	0.00153206
0.05400546	0.008899006	0.005378061	0.05953794
0.02836305	0.05453127	0.02158707	0.05288364	0.00915466
0.04807843	0.001418504	0.002400173	0.03544218	0.009929537
0.002180309	0.00883465	0.07385795	0.001819278
0.0008983398	0.03657463	0.01244281
0.02111821	0.02146058	0.03637406	0.05288777	0.004220274	0.005194731	0.008674555
0.04972584	0.000764852	0.00286414	0.005463055
0.006962686	0.03238292	0.04547525	0.00399097
0.007655155	0.005426988	0.04352596
0.008565251	0.04612071	0.02671204
0.002883748	0.0003700873	0.004157823
0.005034144	0.005779079	0.004196217	0.02749453
0.01278542	0.001054275
0.004334898	0.005998696	0.001274587
0.0004643495	0.009304783
0.009232504	0.02286866	0.01854622
0.02892398	0.01939624	0.04620999	0.02440423
0.00784844	0.0003892256
0.003417821	0.01676299	0.08803624
0.003208132	0.02569907
0.01327581	0.001701887	0.008625697
0.0555425	0.0230171
0.01407291
0.009272878
0.03882777	0.004039166	0.01579916	0.01855037	0.1308638	0.1615018	0.001325049
0.00438139	0.01717223	0.03801212
0.12158	0.00155287	0.005435202	0.181367	0.01075756
0.006263707	0.002802147	0.02811843	0.01368354
0.04822909	0.006927908
0.002269511	0.01218798	0.05116842
0.00927653	0.01402076	0.004102442	0.02692859
0.01178856	0.006634852	0.009676296
0.0317367	0.001512906
0.006642552	0.006595343	0.03465646
0.01251493	0.005251757
0.005591642	0.002847516	0.02243334	0.005300868	0.02961351
0.09346107	0.001663229
0.006983485	0.03163945	0.004980513	0.007575283	0.01035104	0.002361368
0.01332773	0.00280621	0.02036511	0.01587659	0.006982884
0.1489142	0.01924283	0.004565877
0.00389178	0.02332033
0.02888349	0.003896
0.001084814	0.006482296	0.001363787	0.0245686	0.008174833
0.009845985
0.01726576	0.003574367
0.007036259	0.03819093
0.003066628	0.03523009	0.008828848	0.01154451	0.01216342	0.02224512
0.2045203	0.006818009	0.003857156	0.1074065
0.006753369	0.01718579	0.007612317
0.03162697	0.01743714	0.03076841
0.1211937	0.003251949	0.01775621	0.01221772
0.03834233	0.002651022	0.01635375	0.003997684
0.001318365
0.007724877	0.01126813	0.005398138
0.01134128	0.002489725
0.06347205	0.02848562	0.02747077
0.01401671	0.002041961	0.003516639	0.0227297	0.001250349	0.006105635
0.1010741	0.001730523	0.002443431	0.01891298	0.01620917	0.002122051	0.03906311
0.05298865	0.002784655	0.003811459	0.001876924
0.001626416	0.02169863	0.05088047	0.02497749
0.02863933
0.003741209	0.02955385
0.008435377	0.003983969	0.02668513	0.002746829
0.004585717	0.05958919	0.007844708	0.007705436
0.004413901	0.002645438	0.03796431
0.04457697
0.01898329	0.0148436	0.03101624	0.00669253
0.003825104
0.07206024	0.004234624	0.00600129	0.01302246
0.01424922	0.002154879	0.02781563
0.01764416	0.00231499	0.01169303	0.003410347	0.003565195
0.01437537	0.004694881	0.001698737	0.01639345	0.01162158
0.005155976	0.003006703
0.006043337	0.01873743	0.02674736
0.004306807	0.0623957
0.01005366	0.01997691
0.0164171	0.001389832	0.05358686	0.01472795	0.002997797
0.009947454	0.00177067
0.06055606	0.007001237	0.004995372	0.06013794	0.0002672706
0.0823122	0.04372293	0.001732257	0.002210162	0.009512446	0.00637475
0.01438195	0.001208147
0.007743016
0.004127683	0.02807762	0.01516992
0.006532256	0.009003913
0.03502409	0.03773029
0.02444934	0.03259515
0.1080335	0.009541467	0.007825698	0.007081006
0.08034792	0.001411144	0.02003424
0.007927551	0.009827471	0.009427882
0.002108108
0.0001731144	0.01371487
0.005424687	0.005033361	0.01792432	0.004504311
0.01283108	0.008579646
0.05208649	0.007844182	0.01926454	0.0004793942	0.001938838	0.002545046
0.002036297	0.004070376
0.01072322	0.01703549	0.01479537
0.02398649	0.0293477
0.0006663082
0.0008320778	0.01990703	0.02333414	0.01504624
0.007482263	0.00864442	0.002059528
0.002877906	0.01267987	0.001192527
0.005516761	0.0007398038
0.007926557	0.01409453	0.002642401	0.2218911	0.01453369
0.03182672	0.006360223
0.01210466	0.02676993	0.04437367	0.03920313
0.01793548	0.00572082	0.024586	0.009499022
0.001966901
0.003021175	0.01378291
0.002537865	0.002465947
0.02482009	0.01285284
0.06829603	0.007516776	0.01628877	0.004575385	0.05283338
0.02179024
0.00422891
0.02215745	0.0172313
0.01059091	0.09650042	0.004569661	0.02504927	0.009648982
0.002252302	0.004249028	0.005881063
0.03689662	0.007109609	0.01042498
0.02903638	0.007921135	0.002692809
0.009798305
0.0352051	0.007794639
0.006500489	0.00223229	0.09835051
0.0004260997	0.004659464	0.03502436
0.004916498	0.001072401	0.006217801	0.008500158
0.003113068	0.003745159	0.005502687	0.01118589	0.008338672
0.03260168	0.01191569	0.02415302
0.01876369	0.01977753	0.01613353	0.003174508
0.02378021	0.003161431	0.00550829	0.001410612
0.003627859
0.007408467
0.02263995	0.0127668	0.02027259	0.07382911
0.01901567	0.009224103
0.007386054	0.02143309
0.005137866
0.009500352	0.01137533
0.04514549	0.0008638243	0.006593846	0.002685846
0.005637338	0.009866727	0.0152457
0.01321622	0.03170391	0.007978809	0.00638395	0.002467117	0.003041203
0.04414273	0.01646387	0.001058644
0.00164586	0.001736249
0.008161977	0.1129803	0.00568959	0.06050679	0.01371746	0.0203276
0.004544159	0.00897422
0.01112589	0.008834034
0.01455014	0.005611479
0.001443587	0.01611726	0.006961427
0.007007253
0.01594148
0.02874249	0.003332668	0.01297302
0.02452989	0.02711059
0.01397149
0.0101945	0.01395438
0.02404173	0.009105513
0.0119372
0.006383508	0.003537811	0.02015176
0.01544638
0.0133814	0.01663378	0.1058337
0.05602841	0.007746296	0.001009269	0.051523
0.001237916
0.007827366	0.003185883	0.02424769	0.008584167
0.02601357	0.006147395	0.006629761
0.002751187	0.02371883	0.00225934	0.00590314
0.03455821	0.001865214	0.01865841
0.1351997	0.02826771	0.0001992505	0.01733915
0.009928079
0.01074371
0.006608501
0.02022827	0.006989318
0.00773269	0.003506337
0.002701104	0.0007472298	0.0144083	0.02850385	0.0006045967
0.01100543	0.008733844	0.0009412974	0.06027088
0.003961504	0.01142367	0.001797039	0.0132572
0.002375438	0.01409205	0.01672147	0.0007912014
0.001813568	0.01544688	0.03083431
0.0214734	0.01763865
0.005723377
0.001730618	0.011745	0.005480378	0.1492441
0.001881088	0.03532248	0.008599269	0.03597832	0.1185864
0.002137584	0.006591516	0.008374978	0.002031944	0.002453391
0.08604679	0.001760638	0.02257126	0.004853905
0.02459887	0.01003266	0.02169991	0.04029771	0.01639954	0.07148053	0.005478253
0.02548387	0.0090633	0.2702488	0.009707255	0.07555756
0.0445455
0.05999239	0.002845085	0.008568037	0.002536487	0.03618758	0.0001594367	0.3305741
0.004394727	0.08369819
0.003225465	0.08877563
0.04457581	0.001347814	0.01356969	0.02059403
0.0005580299	0.01532913
0.009914692
0.01837798	0.0164818
0.002410626	0.01933617
0.04117607	0.01137368	0.003836231
0.07923227	0.01766863
0.1748257	0.005602858
0.006414667	0.002216702	0.04373999	0.004362902
0.007486886	0.006326007	0.009650339	0.002397599
0.02900538	0.001224223	0.02638122
0.0529587	0.0204524	0.1785354
0.002077831
0.03866636	0.001341642	0.008582951
0.003016925	0.0009416015	0.0005481303	0.00527
0.07851071	0.0009349478	0.003105116	0.03934489	0.02803931	0.02272054
0.01566193	0.007368019	0.03579889	0.0620691
0.01027237	0.01480974	0.00556561
0.01324893	0.001792077
0.00704408
0.04330172	0.01634967	0.003389153
0.0009967127
0.03072155	0.006270983	0.1087045	0.005881856
0.00536775	0.003037158
0.002650867	0.001540186
0.01461705	0.01168208
0.004348623
0.03258027	0.002353733	0.008563521
0.006080918	0.007901615	0.05575711
0.07073187	0.0170559	0.002086088	0.0471997	0.002877812
0.0003148042	0.01538054
0.1443112	0.0009063483	0.001042037
0.09680507	0.002291536	0.0005188757	0.01155136
0.003665937	0.0005815245	0.001734565
0.004551587	0.003194651
0.04690433	0.004432949	0.01560958	0.02274716
0.01400046
0.008769305	0.003535555	0.01669887	0.006890997
0.002913625	0.009314467	0.001908981
0.002109663
0.01585239	0.00265758	0.01015308
0.1004427	0.006113588	0.1778629	0.001874252
0.01057437	0.003935357
0.008738091	0.008448608	0.006190503
0.003725757
0.0474115	0.001511756	0.004032928
0.01232894	0.00330482	0.003295488	0.1967227	0.005669784	0.1585122
0.002793069
0.01270809	0.001507948
0.02865456	0.003960124	0.0023043	0.007129046	0.01179295
0.00185588	0.001550985
0.001814963	0.001891782
0.004621164	0.0002195152
0.03694422	0.005314526	0.007929549
0.002983954	0.004287918
0.01030782	0.01463127	0.008518349	0.01012845
0.01452002	0.02044282
0.001310374	0.01332595	0.01322293	0.01321052	0.004182129
0.0004879382	0.02999182
0.002337353	0.08503192	0.007810569	0.008770482	0.04503278
0.001052448	0.003224911
0.011953	0.01233464
0.0202011	0.002072885	0.005815866
0.0006001802	0.01268472
0.01638884	0.001941478	0.05342327	0.01023535	0.07080595	0.003422465	0.1140379
0.09527427	0.001938795	0.01061172	0.006403225	0.001868441
0.008458874	0.003223069	0.004222587
0.08813818	0.002894892
0.003473991	0.003193395
0.06307968	0.01336183
0.007252022	0.05910418	0.003383191	0.01222037	0.001154617
0.009278784	0.01511292	0.009816534
0.005487127	0.03147992	0.01182364	0.006147322
0.05051245	0.005012516
0.01345633	0.0008665687	0.007549178
0.02489817	0.003415019	0.001334511
0.02156686	0.01560296	0.002807168	0.002941491
0.04269902	0.01108353	0.01666088	0.03225878
0.008173489
0.01227914	0.005131387	0.0388659	0.03659899
0.03142742	0.001055153
0.003162558	0.00468181
0.0022974	0.00589041
0.004383035	0.0005600845
0.007090079	0.003073612
0.0004554773	0.04751962	0.0005336535
0.007695017
0.008986261	0.004039352	0.00402184	0.008798639
0.01652949	0.03012668	0.01334165	0.06088293	0.07768575
0.03140214	0.003238246
0.0266096	0.00527365
0.003736182
0.007513565	0.002619351	0.01436739
0.0003465243	0.0007838482	0.01709058	0.01930771	0.08628196
0.002634227	0.00478117	0.003939957
0.03547036	0.001843963
0.006022738	0.02662742	0.03800335
0.08364069	0.00894983	0.004845752
0.0121938
0.005575518	0.01863873
0.001386512
0.0632915	0.0005949812	0.01915839
0.002992052	0.001591962
0.0221582	0.002320184	0.008052584	0.01985749
0.006652044
0.01567492	0.01317676	0.006428729	0.01767288
0.0009729569
0.01194976	0.1103117	0.0918334	0.008789407	0.1864173	0.01581589
0.002671617	0.01431237	0.01558153	0.03972735
0.0003480797	0.01457592	0.002114464
0.001610264	0.003249872
0.03565267	0.006779533	0.007530296
0.01402636	0.004252535
0.0009412252
0.03446618	0.0008430791	0.001750047	0.1249127	0.09660532	0.04784937
0.008569064	0.04018478	0.006304761	0.008040962
0.03095857	0.02224309
0.00144199
0.04413327	0.02339488	0.003417315
0.03530898	0.03693583	0.006729936	0.02228049	0.01222524	0.02877293
0.009756344	0.01491309	0.05029235
0.03078345	0.007241738
0.04699699	0.008395767
0.004664503	0.001980463
0.00625813	0.001663075
0.04399066	0.005568128	0.01911421
0.003872419	0.01528285	0.0008608567
0.01521866	0.002048867	0.05373711	0.004483461
0.008263046	0.0301368
0.01021226	0.003229115	0.01746648
0.03722805	0.04715502	0.01443078	0.00306261	0.01061754	0.003387993	0.0009749074
0.01228282	0.001295643
0.005976964	0.09031946	0.0128099
0.01600458	0.007153977	0.04263914	0.02768237
0.001813134
0.03236565	0.02713388
0.02183558	0.003289214
0.00605649	0.0005838764	0.005357398	0.127131
0.02999536	0.004323452	0.00667261	0.002789001
0.05157023	0.007955541
0.02396876	0.001101676	0.02551603	0.0520761	0.01123823
0.03558519	0.008608719	0.004575061	0.01300619	0.002842423
0.01801147	0.002930032	0.007648575	0.00480864	0.009854782
0.000963883	0.04712796	0.003634691
0.0388638	0.05111478	0.04086632	0.002279777
0.002807028	0.01213513	0.04121229
0.01004287	0.002387918
0.006661193	0.09792619	0.008835501
0.008861815	0.005618393
0.0009271334	0.003301986	0.04572173
0.06596976	0.006016454
0.05627194	0.03110444	0.003568374	0.02740338
0.01576866	0.006642305	0.009033983
0.1199415	0.06177434	0.005114108	0.005654568
0.006648858	0.005290971	0.02249133
0.0307875	0.04126223
0.009045625	0.02525334
0.003902957	0.01360122
0.005059998	0.06091513	0.02633326	0.0007746114
0.01022692	0.003468853	0.07919946	0.008815846	0.01136693	0.008269632	0.00575701	0.01564748
0.00109547	0.01856236
0.0009797115	0.001422653	0.003104639
0.03463079	0.00900915
0.013957	0.001856923
0.0421055	0.02239429
0.006822975	0.003359749	0.03277952
0.02445961	0.006426768	0.002948906	0.003418446
0.09175059	0.001602908
0.01005946	0.01313421	0.003874906
0.01312024	0.01244114
0.02283175	0.005017167	0.01610205
0.00182832
0.007488315	0.005732307
0.004311845	0.003950283	0.1300939
0.002780005	0.01708003
0.005655217
0.001904945
0.004127765	0.008811705	0.00421945	0.01407348
0.004825146	0.001973893	0.006587462
0.01869233	0.004657932	0.0004194261
0.02334282	0.005488409
0.03895941	0.007164124	0.01401004	0.009475337	0.08063066	0.00772126
0.01337734	0.005597215	0.007735189	0.004837161
0.002146458	0.008494706	0.03434814
0.06928972	0.003400937	0.005271699
0.005421047	0.001411436	0.004795161
0.01469916	0.01156301
0.006613029
0.00189437	0.00900966	0.003610305	0.00532588	0.02149002	0.01052467	0.001248404
0.03453243	0.003773217	0.007548145	0.01580818	0.04543461	0.0119147
0.006139963
0.00689152	0.009435713	0.008678032
0.002060452	0.09176794	0.001038973	0.002781307	0.003371538
0.1404936	0.01710752	0.006049067
0.2050831	0.009333251	0.000168084	0.001648432	0.02257844
0.02758242	0.01738092	0.003079132	0.01342519	0.001334348
0.004180713	0.01147736	0.03247142	0.01538666	0.008121026
0.003055399	0.01609078	0.0005260457
0.005289256	0.005978699
0.1148625	0.0275686	0.01332097	0.01828291	0.02060738	0.04850858
0.02266845
0.01241097	0.005951625	0.008962811	0.00203997	0.01171664	0.1079582	0.007967465	0.001205447
0.005491062	0.01052221
0.003250093	0.0004261441
0.01681835	0.005890472	0.003079503	0.01413676	0.0270744	0.01788864
0.008435703	0.007367235	0.009681345
0.002854296	0.002281264
0.001951491	0.0004706631	0.02299315
0.1032112	0.02251935	0.06376401
0.004092095	0.009291793
0.01214962	0.003267833	0.003580219
0.006192402	0.004956606
0.002380794
0.01330512
0.002838875	0.003050709	0.004796501
0.0007439397	0.004832359	0.00552501	0.006608635
0.008337906	0.04608257	0.03262619	0.002162099
0.01114434	0.001916149
0.006171314	0.001980128	0.01405
0.003897942	0.008883448	0.102815	0.001598284
0.02452764
0.002688232	0.01676361	0.01000646
0.002341587	0.02097889	0.02237452	0.001445391	0.003574648	0.01203542	0.00308638
0.04764895	0.02332489	0.01319159
0.01023682	0.01401121	0.2435726
0.005486802
0.005126133	0.001389951
0.02368518	0.02422326
0.03204404	0.009757427
0.009886432
0.0003842486	0.04205871
0.008938251	0.001284366	0.001441551	0.006607608
0.02102844
0.0915193	0.05150701	0.01307942	0.01837933	0.002897877
0.005653434	0.004508767	0.1414696	0.003556866
0.007709236	0.005164679	0.002459013
0.01950951	0.009017438	0.02582869	0.004123809	0.06786299
0.049649	0.002389765	0.2418488	0.01814977	0.008459346
0.003723361	0.07219789	0.01156604	0.03570102
0.003294586	0.02444645	0.03406553	0.02152736
0.01148133	0.003268834	0.003091333	0.00668997
0.003316279	0.00169252	0.009585241
0.02558859	0.005727176	0.001182762	0.02802503	0.002698246
0.09276045	0.001508009
0.0130022	0.001074127
0.01668571	0.04544452	0.04038896	0.002198976	0.003389893
0.02843253	0.009977254	0.001088826	0.01982756	0.0005843625
0.01320724	0.005325475
0.07456746	0.01511836
0.06544868	0.01969112	0.0008827783
0.02751452	0.03682342	0.01215769
0.003933818
0.06833219	0.001215854	0.00206193	0.01159658	0.001585031	0.008312234
0.002836008	0.02589663	0.01068049	0.002061495	0.0006295858	0.01700214	0.01318988
0.004741924
0.006863597	0.005600426
0.001179951	0.001454537
0.01547228
0.03360064	0.003129847
0.01349275	0.02903842
0.0007062325	0.015059	0.01524451	0.01563001	0.01695971
0.00124933	0.007650582
0.0003487275	0.02769851	0.00519528	0.1174526
0.001952833	0.02108392	0.005903257
0.005915891	0.008345234	0.01411209	0.01494708	0.006947361	0.1099347
0.01101052	0.007908838
0.03195812	0.008403464	0.04597696
0.01691948	0.01118876	0.04060467	0.004406375
0.001701099	0.1478079	0.004675957	0.008782813	0.00623752	0.008441873	0.008723189
0.00527888	0.02574527	0.001033497
0.01307093	0.005379629
0.0146448
0.003130646	0.009746909
0.04299603	0.01070325
0.003555395	0.3166723	0.005267912
0.00946733	0.05937567	0.001837591
0.005546794	0.007999827
0.04169682	0.044166	0.005532493
0.01753033	0.03066692	0.01361763	0.007366857
0.001578274	0.009962019	0.01966455
0.02526512	0.007080573	0.007029302
0.09071934	0.01024365
0.007080957	0.04613246	0.001371577
0.001894441	0.03693711	0.01741201	0.01528746
0.02047907	0.001543694	0.005023821
0.002697649	0.07785863	0.02426044	0.01367775	0.005944503
0.2094805	0.02198014	0.004849821	0.04556701	0.00367235
0.006686574	0.01682221	0.01526165
0.02069278	0.009044916	0.01610076
0.05483167	0.02515759	0.0006540434	0.001938233	0.01138299
0.0170066	0.007712241	0.1233117
0.0344506	0.1263321	0.001556578	0.004054551
0.01955051	0.08601069
0.01275771	0.001422875
0.07069724	0.01606214	0.02869167	0.04340457	0.0007976418
0.01216226
0.005906887	0.1014194	0.01035505	0.0121041	0.0141376
0.009553011	0.007506971	0.004371518	0.03171801
0.01269721	0.007574685
0.04949104	0.004589974
0.01895549
0.03189067	0.04324788	0.02613864	0.01205678	0.002312849	0.01806034
0.00113297	0.01256332	0.1037998
0.005498653	0.02282763	0.02460474
0.09189028	0.007885419
0.006169601	0.002780642
0.06992541	0.004322361	0.01720242
0.01033228	0.007830464
0.01936125
0.003024092	0.01129935
0.0144502	0.001251885	0.002375103
0.08936315	0.002170519	0.002049821	0.004491612	0.02748403
0.02347276	0.01925914	0.005407468	0.01770581
0.004184505	0.03851614	0.04652659
0.000150337	0.02355567	0.02256961
0.001111334	0.005574608	0.007872423
0.008990254	0.006235359
0.003386307
0.001832819	0.02511426	0.01766912	0.01594556	0.02037847
0.03744046	0.004397758	0.03283218	0.02692877
0.007436528
0.01129294	0.01038828	0.03858852
0.02031068	0.003830582
0.1111108	0.002203762	0.001112079	0.002208153
0.005683524	0.01422724	0.01182213
0.02606162	0.04309032	0.02826158
0.0236969	0.009379373	0.008928581	0.001754273	0.009397666
0.01333636	0.01091994	0.01122722
0.007835784	0.001344486	0.003500562	0.002180717	0.007283161
0.0003276475	0.002104541
0.0005251669	0.008165436
0.02167524	0.006211327	0.01001348
0.009017688	0.02053436	0.00119544
0.02386215	0.003561445
0.004237896
0.00395051
0.02237622	0.003585106	0.006789537
0.004821502	0.01222636
0.00128656	0.001445157
0.01182669	0.01054514	0.001845562
0.1751312	0.01860483	0.02724218
0.003503762	0.02208161	0.006862785
0.01000912
0.03748766	0.01191473	0.0008569245	0.0005203373	0.01053564
0.0010616	0.001469231	0.001246118
0.002029665	0.008717975	0.01304726
0.0005170476	0.004171584	0.001595058
0.001859311	0.003117849	0.01190077	0.03780527
0.009940731	0.008942836	0.01944593
0.02742441	0.002584233	0.0001478852	0.005975233
0.007495262
0.009146872	0.006009389	0.01948602	0.02025979
0.02641802	0.004155756
0.01676114	0.005780381
0.004797229	0.001330916	0.02680335
0.101373	0.02235178	0.03832556	0.01617438
0.006234974	0.002484877
0.004771072
0.02252386	0.02510629	0.02116026
0.000840026	0.00624699
0.002002235	0.02965443	0.009464317	0.178192	0.01169221	0.003389172	0.006418643
0.03313881	0.02997429	0.01013375
0.002862875	0.04183925	0.007359393
0.002449096	0.005493886
0.00363032
0.01293246	0.002346346
0.02152969	0.006640268	0.1145868
0.01567692
0.002010733
0.01778722	0.008410754
0.03085591
0.1209522	0.013879	0.009541407
0.002388395	0.004692451	0.01382479
0.01142603	0.04864528
0.002750317	0.002692304	0.01361264
0.002010532	0.01225477
0.02967689	0.007221
0.01106615	0.01891271
0.01610084	0.02306113	0.001437584	0.003245386
0.01919194	0.1740774	0.004106665
0.03006561	0.01257452	0.004370111
0.07848043	0.005312437	0.0370152	0.01435576
0.00603583	0.01043363	0.00344439	0.00169142
0.01461355	0.001873782
0.03317239	0.007284205	0.02472601	0.00359466	0.1075919
0.002478275
0.003793172	0.01224226
0.0315866	0.00355641
0.01261768	0.002414733
0.02036594	0.001508631
0.003674109
0.0457897	0.0223337	0.03883131	0.0002377598	0.005524894
0.004904006	0.02074388	0.008075901	0.01236378	0.01214784
0.01938613	0.00457927	0.00471936
0.00960434	0.03598649	0.03531115
0.002142277
0.0148008	0.01322433	0.06647897	0.004896117
0.02067142	0.0262967
0.006840095	0.005919274	0.010446
0.00267927	0.01706569	0.0121905	0.1691137
0.007864316	0.02222899
0.0004212519	0.0065209	0.01275746	0.007852136	0.003779014
0.05896205	0.003433889	0.03250862	0.008691877	0.003690482
0.0481972	0.03297113
0.00213811	0.006597908
0.000350869	0.01407494	0.008831761	0.002335959
0.008890629	0.02416863	0.02738413	0.004058404	0.04686334
0.02468607	0.0004989603
0.01051495	0.004287171	0.0187968
0.008020747	0.01075204
0.03046445	0.0193033
0.007986725	0.02817628
0.02099763	0.071731	0.02875583	0.001864467
0.02117173	0.01817406	0.00385852	0.008791421	0.002250676
0.02192671	0.002486956
0.004484754	0.09084875	0.02581351	0.02616744	0.04358018
0.01156945	0.0003080292
0.1122952	0.02074213
0.00206759
0.02513757	0.02757039
0.02380385	0.03760956	0.002557158	0.0007067324
0.005827541
0.03265043	0.01005477	0.002630248	0.02492935	0.001699745
0.009576567	0.01294476	0.08043698
0.008810635	0.04788019	0.001813058	0.009539529
0.04318537	0.02573605	0.00240518	0.002461364
0.0005890011	0.002355044
0.004911801	0.02913082	0.006222731	0.02003791
0.01667955	0.004714518
0.00502915	0.0144691
0.01749799	0.06359275	0.1321457	0.001822309	0.01102512
0.07840437	0.01379457	0.007707245	0.0008318715	0.1211005	0.003885196
0.00840092	0.03563151
0.01008595	0.0007800579	0.007323226
0.009196623
0.009201758	0.05750506	0.0005003668
0.004498036	0.07551028
0.002005896	0.01766791
0.001139115	0.01524541	0.003766634	0.00249343	0.1568195	0.009482492
0.02093424	0.02587834	0.01093317	0.1053023	0.00583566
0.002734367	0.001297677	0.00240292
0.001005392	0.02421748	0.01390912	0.002205791
0.004234461	0.000725078	0.03104308	0.006246335
0.0105837	0.009779639	0.0286089	0.0007933677	0.002275973
0.008879943	0.003433875	0.0005712875
0.002629632	0.0008137052	0.03084257
0.04382667	0.0007824433	0.003810871
0.03727638	0.00969281	0.006241734
0.001820045	0.004056199
0.0123093	0.007482136	0.02095509
0.02957462	0.006880804	0.007033708	0.001274388	0.005186301
0.01017449	0.00121482
0.03700526	0.01890611	0.09374394
0.008046131	0.01285429
0.028851
0.01853788	0.001113617
0.1138339	0.01987552	0.01922018
0.004669286	0.002556792	0.04473359	0.05224411	0.02105592
0.0002083434	0.003558012	0.006607289	0.03525482	0.01457006
0.00758342	0.0246457	0.02920734	0.001471537	0.01004687	0.006937966
0.004837914	0.0316906	0.003011634	0.05276629
0.001754731	0.01269273
0.01588996	0.02152561
0.002337671	0.01301639	0.0006644787	0.06198071	0.03338033
0.002997319	0.007324343
0.003801651
0.005560881
0.02686294	0.001573255
0.00952849	0.000508034	0.009850128	0.02559491	0.003413745
0.002668508	0.03601232
0.01793078	0.0005158813	0.01519632	0.02132928
0.003132664	0.004331008	0.001133888	0.05075404
0.005018526	0.004832494	0.0608567
0.1408698	0.002971963	0.003877663
0.003148449	0.003336452
0.04064676	0.005953273	0.005752145
0.03460274	0.05981855	0.01122587	0.004598551	0.00839449
0.0008388613	0.006006262	0.05231241
0.006994705
0.01120264	0.01207253
0.005467978	0.004400019
0.02411229	0.003835385
0.01763371
0.07694578
0.0694433	0.01285943	0.01664863	0.001221757	0.1456271	0.00792164
0.006829117	0.01664696	0.01123075
0.004953539	0.005162304
0.04001111	0.02184065
0.01975437	0.005748724	0.02264219
0.01867042	0.007163983	0.01272797
0.001231633	0.001454757	0.009270225	0.008696589
0.0138865
0.02748562	0.002470272	0.01778832
0.002884712
0.01349801	0.002434606	0.003512727
0.05081918	0.004120287	0.01249015	0.02437284	0.04605304	0.05305338
0.01215846	0.001431472	0.03969124	0.0001902181
0.03555167	0.01785099
0.08324843	0.006819437	0.01824269
0.0007434662	0.002924637	0.002299931	0.006420567
0.009485705	0.005596792
0.005289696	0.008047978	0.01857374	0.006535461	0.03379951	0.01771671	0.01004023
0.001777369
0.003749928	0.002198511	0.006509843	0.01098142	0.06433187
0.007017927	0.006630323	0.004333705	0.01040103
0.06181161	0.01466004	0.002199229	0.002858551
0.1842393	0.001632953
0.009907774	0.01285457
0.007312564	0.001068678	0.00675914
0.008669595	0.003313826
0.01234938	0.01271744	0.009788289
0.02631733	0.006310563	0.002829596
0.004953945	0.0003848395	0.003355589	0.001893219	0.003859578
0.006346895	0.01048142	0.1837819	0.01310127
0.01353787	0.05119711	0.005358318
0.01599526
0.03040107	0.01102234	0.01142373	0.01888669	0.001655239
0.0113938	0.007853192	0.001883029
0.008120653	0.005467142	0.03810205
0.008981095	0.008218745
0.004687661
0.02349753
0.01942151	0.05186285	0.10493	0.02159802	0.0008882818
0.01081615	0.02765753	0.0009583202	0.0005764788
0.004939231	0.003288062
0.0009795848	0.0006530625
0.008226735	0.001063336	0.03459677	0.0002794068
0.008747748	0.007988048	0.02551826	0.007552656
0.0354967	0.0009923188
0.02819056	0.0024222	0.003281889	0.008819912
0.02092006
0.005531735	0.002062018
0.0006179019
0.001288133	0.0004314742	0.003126115	0.01219956
0.01758578	0.005744467	0.01195797
0.003780223	0.02805196
0.003012778
0.1061511	0.01659884
0.0439774	0.01068812	0.009425438
0.01078461	0.005159963	0.008821538	0.03250221	0.004263623	0.01677333	0.005835315
0.01301515	0.08179041	0.05626256	0.0214995	0.03367345	0.01342747
0.001005505	0.0004429808	0.01243962
0.003911118	0.007406708
0.02823043	0.01859088
0.003990099	0.00992144	0.02641796	0.002681505
0.0030159	0.005617336	0.04397473
0.01011433	0.1253588	0.01688873	0.006311749
0.05523979	0.01175032	0.009663986
0.005441788
0.005692429	0.06731094	0.00658791
0.002342962	0.005337733	0.04303614
0.01209372	0.00824845
0.05454985	0.007046681	0.004088282	0.003262151
0.01191002	0.002958166
0.02073661
0.08711656	0.00331007	0.02013295
0.03516636	0.01074511	0.001743709
0.006307702	0.009686299	0.1043558
0.004260711	0.004301091
0.01146052	0.0005313059	0.001855304	0.01920266
0.005975397	0.009089719	0.01163	0.01336764
0.005114855	0.01119847	0.04658827
0.04629648	0.007594734
0.002885787
0.02037498	0.002493874	0.02311717
0.0008138341	0.002060893	0.0006163715	0.01444455	0.04103714
0.01773183	0.04483812	0.01270455	0.0009492438
0.02113632	0.006226865	0.002372414	0.001141048	0.008282674	0.0181402	0.06352911
0.01620525	0.02182632
0.03339681	0.008255581	0.02921828	0.004884008	0.005987608
0.003432568	0.1148395	0.003682053	0.07221215
0.01127048	0.00616997
0.04105908	0.0162732	0.01057009	0.001589799	0.004523042	0.003362208
0.009099123	0.001970522
0.004414347
0.0151747	0.02131733
0.005218841	0.009568837
0.008669011	0.00210892
0.03700308	0.1240746	0.008198396
0.004041206	0.03420703	0.05579001	0.007806772	0.004581917
0.02186709	0.003725215	0.0009533896
0.2241646	0.007159857	0.007916841
0.001727275	0.02235843	0.02018668
0.02672494	0.008557572	0.004886614	0.01608827
0.0332229	0.004615721
0.01168035
0.009929949	0.005887059	0.008348641	0.004834067
0.01667619
0.06551836	0.0001971734
0.01157225	0.004160166	0.04445375	0.01959287
0.03955122	0.001601348
0.04023012
0.009980125	0.02211644
0.01149294	0.002336618	0.008465864
0.01482291	0.01911453
0.003636076
0.003408673
0.007794649	0.02067193
0.04121373	0.001129779	0.0002223142
0.005855425	0.006112366
0.04455173	0.04457424	0.0276177
0.005556775	0.002924024	0.00173249
0.003388988	0.008355922	0.006599871
0.005903947	0.06936342
0.0168548	0.011049	0.02302325
0.01733712	0.01785664	0.01205396	0.003365329	0.008240147	0.01376005
