MassExtinctionTimes
16.94912	18.25182	9.704754
17.23297	18.49481	17.33346
17.07406
17.13044	8.443731
17.42008	11.56244
17.09126	7.206022

17.9599	10.94223
16.45808	0.2392972
17.63868
19.0097	0.5384542	0.2430715	14.36774


17.85022
18.13074	11.5316
18.2569	8.732676

15.64198
17.96853
18.23405	12.95753

18.3254	17.35787
18.44523	16.05777	14.03192
15.0583

18.22466
18.31363
18.01385

12.36048
16.35122	0.3364798	17.47621
2.122105
15.70334
0.2441621	7.209315
15.69042	18.00564

18.34266
16.81547
18.37256	16.56711
18.27665
17.88307	11.22656
14.06686	17.52251	18.97683	9.128851
1.407671	17.60595	18.84564	8.980079	14.65125
16.72795
16.23546
11.58399
15.06711	11.59547	18.92034
18.24171	17.25924
17.93321
18.06736	7.251732	16.00925
18.03151
18.26418	6.122264
17.9184	15.04563
18.15027	16.83921
8.2257	14.2417
14.89764	16.99329
18.24967	7.327915	16.65591
9.30986	18.24059	15.73724	11.95755
18.02926	15.6421
17.53025
17.54689
0.4038225
9.524121
16.80794
18.22316
18.29545	12.56789	8.816956	17.87404
6.853781	14.64755	18.56029	15.36186	2.779399
18.42122	17.24913
16.53721	15.56709	8.635793
18.40261	11.96665	16.18273	3.941656
18.4735	9.063107	0.8389813
18.51654	15.49912
18.29354
18.47703
16.45392	10.04269
18.72258
17.99764	8.862471
18.66559
18.36312
9.112052	1.736032	17.37561
18.95645	12.52942	16.46747
16.87988	10.40219	12.21306
19.13696
9.629603	17.89774
18.45255	12.41337
15.76561
15.75784	10.36664
18.48263	9.310538
17.13617	10.4263


12.39292
7.317762	16.2557
17.03445

18.36921	15.27457
18.41792
15.27338

16.54717	18.43594
15.45735	18.35309
18.48633
16.61971	0.3320269
0.3963618	7.659179
17.99738	7.254982
16.77126	10.83395
18.14832	15.90486
17.94426
10.92002	18.68937	14.92708
16.89551	11.21867	11.77367	0.8532491	13.50243
18.20073	16.41632	9.215926	16.87605
18.24983	11.51665
15.37964	18.34801	1.018949	8.761003
18.50088	11.21123	14.78987	17.1938
8.569541	17.15327	16.13597
14.09782	18.3802	12.85577
17.51874	11.57048	16.31357
18.21172	2.949337	8.799003	17.76913
18.33486	0.9070302	7.781679
13.80267	8.973597	18.02133	18.59947	11.45896
18.23158	11.59943	17.16088
18.73954	13.76387	0.753467	18.34372
16.77683	11.2708
17.15415	7.935409
17.88796	16.35825
18.18764	16.69422	8.331351
18.68301	16.27176
18.23957	16.36656	11.32364	15.65875
17.33072
17.17979
15.60079	18.0375	8.021551	6.19012
15.61116	18.14949
17.96005	13.80365
11.35329
15.59869
11.54321
18.04866	9.06222
17.74299	4.730004
15.75312
17.24052
17.02913
14.66562	17.16402	8.255586
18.37282
17.71671
18.42027	10.73107	14.7437
17.07943	18.84539
17.12828	17.88489
17.82569	15.79453	11.67648
15.56068	16.78513	9.145915
17.63752	0.1537084	3.739954
18.31741	15.76567
16.73467
15.52354

15.63774	9.305433	18.55325
15.02043	0.01327109

15.52843	9.664157

16.57814

17.11528
15.60907	11.52548

16.48526	18.42729
18.47246	8.999551
16.71684
18.42716
18.97673
18.17687	12.75003	16.94229	1.084039
18.23004	15.28788
18.3046	18.46212
16.06634	18.46375	8.20383	9.733007
18.23682	7.844677
15.01462	8.90957
15.52505	11.59944	17.61118
10.83057
18.00355	15.79429
18.29332
11.56033
18.37935	17.27083
15.02541	16.77963	0.4633501
16.52584	0.3024404
10.78202
18.38292	17.21025
18.32336	11.00809
18.47599
16.72587	18.09495


18.41873
9.283068	18.21025	15.95047
18.14116	17.51265
11.30167
11.69169	16.75475	11.75429
9.623163	13.9732	18.06017	16.62135
18.18264	16.71869	9.570863
17.95942	15.33434	11.43695
17.31225	16.3401	0.02112907
17.99386	16.05004
18.41132
17.07058	9.021917
16.25596
13.86887	6.678394
18.2817	16.54281
18.40367	14.09549
9.059726	15.53477
11.15536
15.50493
18.22704
18.17101	1.542119
18.40079	4.895618
16.57647
14.56237
18.15892	14.08621
10.14238	16.80127
15.82638	18.42443	12.46303
8.990614	16.86855	0.4687919
14.45004	16.40169	16.72426
17.17808	12.39228
17.09002
17.40546	9.368742
16.66447
18.46412	1.053749	17.18959
15.43956	10.40404
18.25103

17.04184
15.83776	17.26262	0.6347574
8.212523	17.58733	14.95815
14.24961
18.3386	13.66984
16.55699	6.671475	9.879398
14.90157

18.14744
17.26729
18.22411	15.41339
16.31591
10.68621
18.30865	18.19956
11.70711	16.94133
16.93967
17.03848	14.19276	18.71011
14.78013
18.91992	17.14453
18.4824	15.78474	10.65881
17.26841
17.9826
10.71623
10.82714

17.57971
14.8438
11.03505
14.37565

16.60548
18.06861	1.658813
18.49066	9.693425	16.54436
14.4208	17.82711
19.01106	17.18683
10.2897	1.173542
17.57556	0.7144111	10.34586
15.07839
18.09295
17.01637	9.215726
18.40714	15.74684	18.98578	8.048341
16.94751	7.593099	16.13445
7.875521	17.34667	18.36289
16.2801	18.684	9.504573	1.638292	16.73312
17.22734	9.55479	12.46793
18.30802	3.238227

17.20872	8.347465	0.03668575
18.23907	15.521
16.54617
18.43529
18.18977	10.7653
16.83018
15.44786
18.51642	17.49435	14.92737
18.95156	17.12125	10.43228
14.53382	17.94551	11.46082
18.01216	18.46398	12.03111
16.01102	18.42767	2.387274
16.02416	11.6694
17.83977	18.47184	8.743058	13.18425
16.71565	12.85064	7.334409
16.90168	16.06167	9.058221	10.61517
18.97013	7.244393	16.44705
17.35132
7.459662	18.11236	10.77056
18.95337	15.53411	8.233571	0.4876605
17.06443	17.82448	17.73734
18.05406	17.52064	12.37664	2.911727
18.26503	17.4878	12.48556	5.000384	18.41638
4.198182
17.54578
2.340898
16.6251
17.92988	2.548979	8.901733
11.57531
8.302911
17.92236
17.03292	1.514537	9.434189
18.22751
17.17383
10.27693	0.08447906	17.38367	15.79976
11.49305	7.619808
17.16112
18.08025
19.10799	14.43328
18.39622	15.16915	9.552485
17.27674	17.08519	9.64683	10.82901
18.43446	15.7299	9.310158
16.98155
18.10813
8.574349
18.00341
17.02139	9.247812	11.03252

18.44553	17.9036
17.94357
17.79093
17.13648
17.11647
17.32786	8.249353	16.0014	0.1167025
0.228408
11.77913
18.17132
3.244601
16.12394
18.24031	8.344235
17.89614
18.32587
11.55962
18.39661

15.5277	0.03372259
18.19256	18.13103
14.9995
8.300769

18.28058	17.33988	8.94287
18.39231
17.97867	10.98185
18.12916	15.60495
18.06654	15.79649
17.67132
18.39311	16.07519	8.015143
18.44135	6.413686
17.99453	9.306067
18.1793	12.06146	18.5393
17.11543	9.678661
15.28848
18.51637	14.31446
15.52096
17.28704	1.274157	2.298776	18.10728	1.080133
18.34533	17.64134	6.328706	10.75876
17.33095	15.40902	8.898125
15.74999	9.868145
15.75269	16.68558
18.42082
9.586469	0.03269455
18.19493	17.14583	1.874078	16.07489
18.25773	16.38178	7.127999	0.1598938
18.08994	8.392786	9.776627	16.54064
15.45647	18.10143
16.84275	9.463411	18.27645	16.6668
18.00176	17.28098	11.53813	3.604106
18.4357	17.16292	16.72289
18.33395	9.027165
18.39968
18.39854
18.52947
18.34713
16.92195
15.74781
17.99833	9.915782	4.233329	11.47935	18.25319
11.43702	15.56269	1.759551
16.59615	16.48329	9.133693
15.12511
16.87887
11.73791	16.95583	11.33794
18.81352	11.34594
16.80323	9.966929
15.26409
18.4945	10.29338
16.96683	7.199694
18.32088	16.78297	9.656023


17.52668

16.09121
10.36944
17.69642
14.85592	18.38724


17.87505
17.89496	13.0922
17.75948	14.4794	1.377519	1.458355

17.19735	16.4167
16.97401	16.20631
18.34247	18.48621
16.09638
18.19702
18.34091	11.46048
14.94877	9.802277

18.24715
15.3098	1.775341
15.76367

18.11358	14.93467
16.63426	17.54294
18.38821	4.135027	16.57006
18.45295

9.870761	17.21683
8.780329

17.1888


12.38411	8.304926
18.47086	7.121203
10.67511	18.64771
18.23753
15.81663	18.08567
16.57774	18.42151
3.069712
12.59626
17.9364	2.572696	10.0656
18.03723
17.45983

17.21616
11.54927
15.72567	0.7146358
9.947615
16.93739	15.4627
14.86507
10.20835
10.37191
17.11236	6.829922
18.39393
19.4441	9.852131
18.04248
18.47307	11.20352
16.60807


12.50551	0.9879829
17.88495
18.24914	9.772624
17.57209
17.70079
15.51689	18.48132	15.89577
18.17815	19.53873
18.31513
17.07457	1.065308	1.668191
18.42537	9.889139
18.7488	11.27923
17.32026	4.777486
15.90922
15.72832

18.29209	15.02444
18.27281	9.904184
18.30346
17.99939	16.02959	12.62545	1.841078
14.16368
16.24067	6.176414
18.41571	8.333374	11.2923
17.96223	7.494634	0.7018276	18.21139
17.91095	0.1635803	4.161976

18.64337

17.17099	18.31178
14.02909	1.138261
8.253064
18.08952
18.34343	18.07073
1.687451

18.35949	10.04992	10.97463
18.27039	10.00298	13.90533
18.1948	16.39916
0.05020574

18.46443	16.14297
18.1079	6.804218
18.08868
18.41781	15.67501
7.651863
9.566727	18.36945
15.73135
15.67547
9.28615
18.21033	1.661119
17.05059	9.338421
18.47446

18.48242	12.16664
18.86638
18.41895	6.82877
18.22347
17.59309
13.53844
17.60428	14.28791
16.03824	18.16392	0.09428956	11.02001
18.08638	9.258703	15.8307	12.19792
15.71902	14.01254	11.21603
18.25214	13.0932	9.44198
18.33357	11.9617	18.43765
17.53574	16.74302
9.783713	15.30213
18.14305	15.38007
15.60593	17.17511	9.251648	1.253371
15.27502
18.46794
18.29731	12.44943
18.32787	8.958613	3.25148
18.42019	15.1301	8.595911
18.48725	13.94002
1.897464
18.25633
18.45619
18.39434
18.43102
18.07455	11.53429
18.26219	17.66349
16.80942

17.74534
9.598066	17.39831
18.45918	9.686456	17.48636
16.91685
16.40241
14.53166	6.385232	18.27711
18.45725	17.03995	12.21268	2.861247
17.04097	17.67381	11.7037	5.656312
17.04976

18.00442
18.26503
18.39545	18.44652
16.84119	17.59488	11.89263	1.407665
9.231186	18.61366
15.89765
7.456625
18.24516
18.41139
18.34431	4.04491
17.96207	3.664839
17.0565	18.38404	11.59893	0.3873845	18.00356
0.5467714	18.48536	10.7044	11.67131
18.21861
15.49713
17.93629
17.94214	17.7022
7.965557	11.58603

6.349833
18.39679
18.13981	9.285987
2.615336	3.176123	16.58808
11.09541	0.1380625
15.71239	15.06437	8.876639
15.48148	3.203397
17.93208


11.65777	18.44671
8.893607

17.22844	3.604982	13.05366
8.825754
15.36631	4.593594
15.69756
18.04261	4.28498
17.68225	17.18651

17.9909
18.12038	15.75125
14.97589	18.41364
8.618377
9.454145	18.13246
17.73541	0.5090248
19.1102	16.98825	10.96529
18.48693
17.27359	18.42288
18.34924
18.01352
18.45346
18.45509	3.603437
9.679165	18.02773	15.71652

18.47379	15.31677	3.165196	15.69351
15.62202
15.60603	12.14967	16.56002	10.9232
18.30317	15.53247	17.22139
18.25045
18.44138	17.09264	7.083332	16.54884
15.77264	1.956882
18.09284	0.3057615	0.4107492
15.97735
14.54153

15.88104	1.916944
15.3431	15.48746

11.23146	14.93064
18.09964
18.42712	9.041834
18.40799	16.04782
18.16764
17.04378	13.33024
17.71915	18.14413	1.598136
1.90716
4.092325
18.40686	16.82451
18.28125	16.97288
18.39946
18.06177	17.32284



11.20172
17.22555
0.01020635

18.21363
18.37696	17.35307	9.874589	8.057594
18.16969	8.021174	0.272435
16.91664	4.178648
18.02975
18.37414
8.856981
18.34013	10.9545
17.03149
15.01022	9.282187	17.86165	17.52865
18.30995	18.50159
18.41178	16.94171	8.525094
15.64867	18.55128	8.398875
15.7409	11.75574	18.82176
9.344544	17.73039	18.10896
14.46157	16.815	11.23845
17.87513	16.04602	10.87674	1.20493
17.96973	17.43416	17.29281
19.00896	17.12739
18.39869	18.15319
18.90409	16.39828	12.94178
16.83763
16.41451	19.19414
18.29404
17.85665	16.34283
18.42458	16.31836
17.4854	18.16431	8.812081	0.4427151
17.75736
15.23954	0.5874231	3.770895	0.1103218

8.366806
16.69162	18.22011	16.12787
17.59378	5.631804
3.952256	8.597255	15.15477
18.33257	15.6265
18.22641	16.49639	13.38682
18.47857	17.25103
14.70667	3.543493

17.20901	3.274627	9.390935
4.151107	19.03403
16.64008
0.02292639	8.950126
17.2026	15.16976
14.62684	15.8272
15.79668	10.67734
18.33736	14.88199
16.66639
8.798975

9.89904
18.06699
16.72115	18.97712
18.17759	17.58798
18.36225	8.337978
17.24701
17.94628	10.8118
15.35017	17.94064	0.8289489
1.905463
18.48627	14.76857	17.38178
16.48194
16.62666	10.45479	18.49795

16.00521	4.997903

17.5251	16.42888
9.453619
17.48887
14.81261

17.67233	4.0998
18.48073
18.25332
16.35454


17.80618	2.086692	12.57924
18.14518	14.31719	14.60774
15.94811
7.809772
12.47263
15.59966
14.68293
16.79882
18.9255	17.07745
18.60465	18.21639
18.0412	8.09789
6.264964	18.98818	17.16491
16.58989	18.179	11.40574
18.18653	16.3931	15.65683
18.40533	11.05333	11.73957	17.77492
15.5762	17.95452	5.016303
18.61731	12.55779
18.23818	7.851058	8.829436
16.68576	11.31171	18.6816
18.46552	11.7047	3.753686	3.216935
17.79063	9.483258

9.119523

18.31287	8.677967
17.19544	15.19696
18.47041	16.68796
16.47356	7.921947
17.36867
17.15426
16.97502	6.08175	11.84487
18.43009	11.03874	11.55811
17.28856
16.44888
11.72657
16.6507	15.54265	18.08764
16.74	11.75964
18.57309	4.320043	18.21341	3.405423	16.91486
18.2369	10.76733

17.72734	0.6057057
16.91099
18.17588	14.94923	17.55723
17.84031
18.11324

15.70673	8.299329
17.4125
18.5707	13.91029
17.13881
14.09583
15.71416	18.28523
17.52965
17.54826
15.58678	9.186749	18.20546
17.48788
17.45737	17.1395

18.2861
11.34018
14.19546
18.00762	12.22168


9.75113	19.01691
18.33451	15.63823	11.7334
16.0409	18.23412	8.93778
15.38735	16.55434	11.63175
16.01584
17.1122
17.22961
13.779	7.841449	15.4632
1.892238	18.07691
13.18739	0.3506325

17.8153
15.80833	17.77343
17.89507	12.64164

17.14098
11.78795	15.06961
13.67729
12.10364	18.40429	16.93684
17.94696
16.79681	8.813104	15.80419
16.88546	12.5339
18.88622	17.74162	17.4823
17.99249	17.15928
12.64276
0.2614222

14.61186
18.01849	0.2990332
10.80741
17.75274	16.14536
16.7812	17.30078	0.2530885	8.973908
18.31306
0.5379362
18.48354	9.386486	16.19389	0.4568848
16.01093	16.93358	9.631667
10.16022	17.20582
18.06608	9.677445	17.25835

16.45622
16.96571	16.88764
16.35388
17.79723	14.39148
10.63854
18.43855	15.73061
16.97023
15.79973	9.813225
9.61053
9.505827	14.60749	9.803776
13.60702
15.46771	9.80687	1.292381


18.33061	15.50575	1.94055
15.64629
13.06045	16.28516
19.0294	17.89683
18.48904
17.8993
16.98738	18.26158
12.23247
15.45628
10.67624
18.33112	7.850774
18.06853	9.151972	1.538065
15.79305	17.21317	12.74604
18.34563	10.74992
18.32177	15.62536	8.898627	9.330587	16.4901
16.85019	18.28777	9.298763
17.87077	13.09581	18.47073
18.44625

18.17233	15.44915
18.00129	15.16856
16.84027	0.424311
18.13281
17.06745	11.60506	9.158495
17.35094
17.30088	10.89706
18.46798	11.04576
18.27814	12.35015
17.12566	9.004752
18.34934
11.01903	18.40874	10.62297
17.21481	10.95138
9.480643	18.38978
18.35124
17.95424	16.60025	3.432039

8.365274	16.89076
17.65558
17.89019	18.41641
17.55604
1.010921
17.84082
17.26502
18.06961
18.83322	17.29317	3.31605
15.57455	17.50007	9.728535	4.115956
18.38683	16.69711	9.133486
18.4699	12.55177	15.23644
17.66581	9.155861
18.37645	8.952201
18.69064	1.955483	11.39562
16.94416	16.2029	10.96169
15.6713	7.541896
17.33728	8.867781	14.34892
7.108406
18.12432
17.97041	6.874532
18.44335

16.87118	17.03517	7.779445
18.39357	8.651882
17.9362	15.76453
16.81891	15.90165	6.194885
17.69206	12.59319	3.488046
15.38171	18.35317	1.074679	14.82481
14.09743	16.95192	12.70415
18.15256
15.78818
17.02036	2.134976	16.41895
15.46099
17.4189	13.7293
18.43324	0.4725378
17.56962
16.15086	18.42705	9.312701
17.98035	14.51
17.85217	8.99131	3.623688	1.195274

10.64413	17.30385
17.08763
16.27295	9.866138
18.48601	0.1538296
14.54087
18.03822
17.48664
1.557547
14.30085	18.53995
18.2422
17.15572
3.770783
18.49831	6.626686
16.09733	11.24868
15.01248
3.093854
18.44445	17.66884
15.11717

17.47312
18.98362	6.338993	2.670451
17.9624	6.634473

17.2938	14.08213
17.33002	9.621759
18.45716	15.77368
17.9704
17.63995
18.12596
15.04997
18.40563	15.84991
16.46601	18.41803
15.50472	18.09384	4.336634
18.24408	0.2722492
18.30764	16.52558
18.08317	11.14689
18.44549
1.629326	18.14555
10.60036	6.025568	18.48468
18.44561
17.9927
18.0382	9.651952
15.73413	12.14642	3.106362
11.37872
16.73194

9.92592	15.03332

18.17222	13.77775
17.19595
15.10857

18.16731	8.891862
19.02652	16.79951
16.53789	8.819488
10.92963	18.27818	8.034254

17.1011	4.008978
18.30914	2.355291
13.82709	15.32529
18.30262	16.79756	3.775461
17.16026	18.78957
18.43952
12.12217	18.08508	4.558582
7.792481	18.28808	15.33726
17.34947	18.35516	12.53088
9.8858	16.43698	8.231263	1.809191
16.75075	12.42229	5.457851
17.77667	18.01442	7.575095
18.17457
9.841453
18.25574	16.91143
18.1879


18.42656
16.61123	11.21761
17.19048
0.4350616
18.45286
14.47916
9.535865	14.3496
18.47517	11.59482	4.188599

16.64572


15.15641	2.751768

15.51179
16.62165
17.84437	13.44957	2.244327
18.45808	15.78492	1.863186
16.95263	8.199342
18.41105
1.730452
12.31476	11.86228
18.12556	15.54371

8.883166
18.18651	16.58445
15.66508
18.80349	1.507866
14.38899	16.54107
18.3138
17.98372	10.92021
16.96034
14.75349	17.91359	0.236055
18.42057	12.40765	0.2586979
17.21781	18.19828
18.43063	17.34148	16.77197
18.14662
17.1097
18.2664	16.89772
18.56988	9.944782
17.60245	18.24383	14.09301
18.44947	14.52376
16.95385	7.834778	18.422	7.316622
13.42604	17.32412	0.3561298
18.47287	12.48614
17.89639	18.37029
17.06593	16.49313
17.70498	18.36459
17.71574	0.9574662

17.59589	8.286494	15.744
14.17278	9.679668
17.1745
16.81065
16.89358	8.486414	12.11001
18.45274	8.665327

18.38677	8.710496
18.003	13.92454	4.194736
18.46022	17.78023	9.694134

18.09812

14.4984	7.950285
15.65552	2.84426	18.19999
17.95352
15.59824
14.71407
17.16149
15.78379

18.30806
17.94697

15.09056
9.743091
16.85106	4.063755
18.28931
16.64951	10.45086	18.20518
0.2667031	8.869408

17.31323	14.95797	9.613805
7.107698	14.95847	12.43607
15.9631
18.25674
18.75289
15.84842	6.330811
10.25825
10.02551
10.55325
17.13247
18.00168
17.52789
18.11267
8.753036	16.59039
18.10478
18.10926	10.39133	14.45616
17.50038	6.964361
16.18747	9.396506	18.40343	5.026451
12.49119	17.97289	15.31895
18.39383	16.93522	7.533202
18.26303	10.80891
17.35124	3.702095
18.23219	10.1813
18.34228	17.53412	9.750367
17.5559
18.43066	17.94855	15.21108
15.63904	17.1825

18.45421	16.23117

18.13995	2.935953
18.36245	8.620468	15.48716
16.2323	17.41274	2.316254
17.27224	14.73882
18.26631

17.08721	10.77769
18.03573
18.02469
18.23014
18.36583	0.8744928
18.48671	12.19293
16.93335	18.47235	16.37162
17.30405	8.255626
15.03462
15.69858	18.38687	2.171682
19.00314	17.26003	8.343994	13.59531
10.79678	17.8976	14.54529
17.14026	9.740538
18.40106	10.90947
18.45056	15.14241	9.823484
15.71981	18.01924
17.2754	1.165456
8.921692
16.77923	9.443047
18.30904
9.288988
18.36321	14.2306
18.47542

8.181622

16.83261	16.46053
9.258633	14.7691
18.46096	11.56904
12.38472
13.9874
18.20732	10.81368	17.27911
15.00527	17.92638	16.30529	8.937981
13.74507	18.41731	9.15159
18.45392	11.41042	13.81603
9.709887	18.46134	4.262208	13.707
17.82382	15.10693	13.35405
17.46864
18.45615	8.340164
18.36292
18.4477	11.79592


16.88536	18.53468
14.41736	9.847144	17.60224
15.84951

18.11143
15.14718	10.94299
18.98361
9.452036	18.48429
18.19627
16.07334
18.3135
18.05388
18.13238	18.63078	16.41765

18.12326	15.54826	1.460501	0.06437784
17.41054	14.70281	8.157224
16.94906	18.36357
18.37323	9.658162
18.48635
16.73846	18.17629	7.847148	4.256418
12.33932	18.55168	17.92407	5.611109
17.03097
17.26232
18.44491
17.67095	0.5060429
15.12539	18.47788	9.386629
1.67158	13.36026
17.26978
17.06595	14.36019
10.6691	18.38061	18.22898
17.94236	15.99981
15.59211
15.74105	11.31225	0.4350112	0.6471187
18.42985	9.702141	16.79596
16.40607	12.68392
17.45299	4.147271	15.93636
18.22451	17.56766
11.90362
18.42354
9.694657	17.8234	18.99616
18.35765	17.32943
16.94505
14.56985
15.60324
18.07919
17.92536	8.180472
16.61419	17.35015	3.04484
14.7633	8.081649
16.04939
18.60169
18.26275	1.051479
18.13942
15.43602	17.68752
18.13022
15.07029	18.09368

18.42478
17.17073	11.30792
15.18161	10.60924
18.97899	18.55371
11.23218	3.535085

16.42499
18.33093
14.59696
6.044317
0.3195586
18.03985	15.51606
18.37741	8.117423
18.31439
17.04199	15.08918
18.07812	14.79204	4.249394
18.37314	18.23474
18.48263	8.628246
18.35421
15.25094
18.04704
17.51062	18.25807
16.4856

16.89719
18.27874	16.65809
15.09764	15.35852
7.829705
18.02967	11.69003	9.832601
17.25259


14.34613
18.34902	7.662658
18.40989
17.99627	0.3046092
15.21487
13.78409	19.08306
17.71052
2.862343	6.996934	16.60423
18.45502

15.81047	17.12378	1.540781	9.825096
13.35486


18.40094	0.0280779
18.24184	16.91598
18.06853

1.526909
18.20416	8.729563	17.92113
13.3833
12.46484	17.56961
17.77271
18.44895
16.88748
17.00803	10.95603
17.21456	9.171605
8.511136	17.74797	3.627922	15.54215
18.44732	9.715498	9.356062
18.42791	18.49108
18.43824	12.7281	10.5044
17.59495	16.38077	3.419459
17.17135	13.95571
18.27779
18.12114	10.28177
17.02967	13.74011	15.28662
18.435	15.77368
18.19387	17.39602
18.46079	11.57238
17.81413	18.0243	11.07007
18.17232
18.01791	15.41019
16.8091	14.59556

18.4292	3.41972


10.51872
16.82651	18.33392
18.46216	11.51305
16.90428	12.66884
16.50548
11.56663	1.755093
18.36398
17.40284	9.206073	17.83928	9.467738
18.23437
18.23062
18.36788	15.59411
18.41371	9.139128
17.4744	9.810283
