SpeciationRates
0.2353501	0.002969263	0.2021083	0.3364291
0.1938924	0.01306357	0.1939574	0.3664965
0.3665792	0.06074049	0.1516341	0.2335228
0.205601	0.06920881	0.4043449	0.1865314	0.1364368
0.2876692	0.1049596	0.3018553	0.1930881
0.239912	0.108729	0.349483	0.09335883
0.2258073	0.08879308	0.3378234	0.1244131	0.1076263
0.326999	0.4055426	0.04701716	0.1872394	0.2502349	0.1813877
0.2584298	0.4055426	0.1043895	0.16355
0.1056121	0.3696751	0.1302106	0.1367492
0.2750525	0.3036084	0.1094577	0.2304888	0.219115	0.1404008
0.1013987	0.32011	0.1044143
0.1302758	0.3405646	0.03853883	0.1348316	0.1367682
0.170297	0.008759871	0.1453882	0.3484544
0.1779212	0.1735246	0.3959708	0.06029302	0.07960448
0.257144	0.1848759	0.3711772	0.01625962	0.1272049	0.2962307	0.2308148
0.2637196	0.3753789	0.0272722	0.07210162	0.1790291
0.1676703	0.4278005	0.04170469	0.172993	0.1437583	0.135697	0.1042276
0.2002058	0.4361731	0.01191695	0.2215499	0.2249986
0.181137	0.4063838	0.003772152	0.1829194	0.1981101
0.09947147	0.3525018	0.01378158	0.2371939	0.1885928
0.17098	0.3349298	0.006544267	0.2167867	0.1334835
0.1098805	0.03935827	0.1405171	0.1544983	0.3812928
0.1822266	0.04527195	0.4062441	0.2014668	0.2013871
0.2375723	0.02367092	0.430511	0.1929286	0.2101781	0.1597937
0.1951843	0.00579252	0.1663585	0.3699911	0.196106
0.1594178	0.008727505	0.37143	0.1824456	0.1244133	0.178908	0.2337152
0.253462	0.01695701	0.1697836	0.4427819	0.1099251	0.2357396
0.2717637	0.04242773	0.3231568	0.0946072	0.1670206
0.226909	0.05991273	0.4578524	0.2320963	0.1362099	0.1178318
0.1789218	0.01350189	0.3652846	0.1678752
0.2730017	0.01283297	0.4004705	0.1612457	0.1060841	0.1690225	0.2032825	0.122786
0.1836139	0.01488854	0.444936	0.1431841	0.2042241	0.2089458
0.2280397	0.03793481	0.3875985	0.1992853	0.2104821	0.1037195
0.21596	0.01462223	0.3678361	0.1506494	0.1339029	0.2339879
0.0584829	0.001057971	0.3619093	0.1406393
0.176715	0.03387843	0.3334386	0.2165607
0.1388185	0.005084741	0.3841821	0.1917835
0.2135778	0.03081784	0.3561722	0.1351495	0.2103951	0.2516733
0.1703681	0.0054227	0.125156	0.2960076	0.1091213
0.2147767	0.01260269	0.1799969	0.3083364	0.243377	0.1643805
0.3741905	0.02124888	0.1386129	0.1955605
0.3846388	0.02162294	0.1580074
0.1624171	0.01867461	0.1364797	0.3299458	0.1384608
0.3233054	0.04098215	0.1851876	0.3081021	0.1202372
0.2958325	0.01397226	0.1797187	0.3492559	0.1946641	0.2124945	0.1764049
0.2575851	0.002238648	0.3315331	0.1830571
0.2034514	0.0005535352	0.4384801	0.1269401	0.150096
0.1883615	0.009673999	0.4831243	0.1520678	0.211027
0.05300376	0.006867925	0.3527341	0.1388229	0.254138
0.2019743	0.02070194	0.1199587	0.2817398	0.1829775
0.2770324	0.04834689	0.2018799	0.3153485	0.03253717	0.1042317
0.2314761	0.005899285	0.1553437	0.3814354	0.2108544
0.1865785	0.01355563	0.2410162	0.09506781
0.3544094	0.01252898	0.349835	0.1533425	0.1895157	0.185101
0.2769738	0.01630293	0.1089033	0.2483666	0.2948553
0.4010507	0.02201019	0.1941955	0.1941444
0.3928662	0.01778114	0.1520995
0.21265	0.001176933	0.2769455	0.2481628	0.177144
0.3065863	0.001601933	0.4425121	0.1437031	0.2642754	0.1933095	0.1475428	0.1302511
0.2657965	0.007823958	0.4232581	0.1718152
0.1059876	0.01365816	0.345387	0.1727841
0.309461	0.05819672	0.336908	0.1188237	0.1142945	0.1818895	0.05871393
0.1416139	0.3910537	0.1438496	0.05461431
0.2393185	0.09034858	0.03482786	0.3951648	0.2393232	0.1615906
0.4302162	0.03911721	0.1729372
0.4959973	0.1770517	0.05360724	0.2170151
0.2396168	0.148873	0.009416276	0.3287495	0.2131615
0.1078574	0.1745314	0.01271685	0.386058
0.3410502	0.2140813	0.003672122
0.2199762	0.1679552	0.005272578	0.3579496	0.3491318	0.1742909
0.1327504	0.1628227	0.003170841	0.4056023
0.15877	0.04863662	0.2865355	0.0976196	0.2259971
0.05624883	0.1049193	0.3531655	0.1802948	0.1515882	0.1933331	0.1301404
0.1396772	0.08526976	0.418718	0.2611266	0.1851839	0.08941795	0.1592004
0.194012	0.08929453	0.3743704	0.11502
0.1854399	0.05285828	0.379406
0.1966477	0.08908616	0.3509777	0.1857492
0.2370467	0.1081599	0.3407801	0.2014406	0.1059558	0.1285046
0.1981048	0.08701303	0.3410974	0.2280633	0.09388075
0.2693354	0.07401352	0.4189153	0.260694
0.3048076	0.131599	0.3176902	0.10351
0.1283602	0.05956062	0.3690598	0.1944682	0.2051117	0.2090395	0.1307287
0.2351553	0.05067924	0.3459803	0.150134
0.2008036	0.3440057	0.0991892	0.1733938	0.1554374	0.1986342
0.1889792	0.3756762	0.07602902
0.2037033	0.3093303	0.1081216	0.1369178	0.2362127	0.3755562
0.2448594	0.3895359	0.08833536	0.1745926	0.1911846
0.1252044	0.07828126	0.3713154	0.1429468	0.2592113	0.208326
0.1745662	0.4095312	0.1398486	0.09656878	0.1245666
0.119305	0.39131	0.1116189
0.2142749	0.3293561	0.1354332	0.01024703	0.1740129	0.2088577
0.1385776	0.3157925	0.004683896	0.2503142	0.3985664	0.2480581
0.1449748	0.02919401	0.1801124	0.3452434
0.1912015	0.004744252	0.2110548	0.3955666	0.2079741
0.1555082	0.006404386	0.4459734	0.2056772	0.2304997
0.1699754	0.02849018	0.3248561	0.09779471	0.07771979
0.2149744	0.03654851	0.4297266	0.1576237	0.2651663	0.1405965	0.05171963	0.2574739	0.1671393
0.1245549	0.01022801	0.2981825	0.1729456	0.1109948
0.2618352	0.0001275358	0.2810278	0.2051319	0.2888022	0.2451244	0.1037111
0.1991531	0.0006412244	0.2963878	0.1686174	0.2689286	0.1645798
0.1849293	0.001075439	0.1305315	0.272583	0.2008679
0.1661291	0.02419339	0.127058	0.1691639	0.3187016
0.1007031	0.01313278	0.1696479	0.3927289	0.1765624	0.0771477	0.1358722
0.2009096	0.027918	0.3845238	0.2030661	0.250019
0.1927925	0.02242645	0.2074488	0.4485696	0.099909	0.1732743	0.2133981
0.19946	0.01668456	0.3733552	0.1625035	0.1454734	0.2787198
0.1592255	0.008678768	0.4500441	0.1442222
0.305472	0.03858991	0.4192854	0.2006826	0.2465275
0.414724	0.09357845
0.4579481	0.1481698
0.2774325	0.1016933	0.2812491	0.3001926
0.3146601	0.1002807
0.3653868	0.1016223
0.4347765	0.03056989	0.1283853	0.3879099
0.3387644	0.01645519	0.1209033
0.2833036	0.006611811	0.1669017	0.3166746	0.1214057	0.3484299	0.3151839	0.2242469
0.3835157	0.007960862	0.1533256
0.3637598	0.0006073794	0.168123
0.3780425	0.01661213	0.1400932
0.3474503	0.04535819	0.1896451
0.2793949	0.01736236	0.3781669	0.07043026	0.1878215
0.2456337	0.0403472	0.3677481	0.140048	0.2140889	0.1944563
0.2308343	0.01180438	0.3677481	0.1187924
0.3607759	0.002346142	0.1400623	0.2190448
0.3434328	0.05879523
0.3441811	0.1423627	0.07742313
0.3861754	0.1837394	0.01522383
0.173033	0.2217146	0.02123167	0.3436905	0.1553738	0.1311878
0.1633618	0.005928815	0.3438354	0.1398767	0.1850509	0.1528108
0.1420181	0.02202344	0.3564293	0.1662872	0.1990216
0.1257863	0.101405	0.3341537	0.1345647
0.1822207	0.1117467	0.4313044
0.2599456	0.1386537	0.3543729	0.08157707
0.1422406	0.1142874	0.3522496	0.1999656	0.1355942
0.1595387	0.0650431	0.2972695	0.1603425	0.1237116
0.1659886	0.07786862	0.3770773	0.2221565	0.09399328	0.2429105
0.1190888	0.4008412	0.1613231	0.1292979
0.3593065	0.2864607	0.1041144	0.1344885
0.1250366	0.3683927	0.06739028	0.23665	0.1578183	0.3304578
0.2510749	0.1165271	0.364251	0.1143956	0.1515414	0.2149955	0.07732067
0.2642679	0.1012234	0.4025428	0.3365722
0.361062	0.07445025	0.3803302	0.1760959	0.1071743
0.1411128	0.0855135	0.3817808
0.3430943	0.1504439	0.009401127
0.3305777	0.2336109	0.00468012
0.2627456	0.1760552	0.02357457
0.348133	0.0129422	0.165277
0.2015052	0.1385807	0.3780828	0.2900664
0.2471192	0.1105581	0.3676391	0.09945979
0.2170062	0.105554	0.3284793
0.1440364	0.0937281	0.4247093	0.2032411	0.04998838	0.2670128
0.2484077	0.1415928	0.4469886	0.1430799	0.2479799	0.2079272
0.1152328	0.1074783	0.379763	0.05898163	0.1763072	0.1166994
0.1359236	0.1106843	0.3192032	0.2456639	0.02470729	0.1830925	0.2497589	0.159955
0.2630697	0.3638007	0.02354214	0.2507969	0.1021895
0.1951737	0.3778537	0.0124303	0.1872445	0.08946632	0.1342869
0.2230042	0.354041	0.00988267	0.1325775	0.1801603	0.2395307
0.2481043	0.3829213	0.02711465	0.1587371	0.2074743	0.1106283	0.1859523
0.1058266	0.3061594	0.05050532	0.1196426	0.09150915	0.1490349
0.2391898	0.3297736	0.01934341	0.1221922	0.06347077	0.1799833
0.2052649	0.02765015	0.1603142	0.3933882	0.1192152	0.1632852	0.1509307
0.2220468	0.0335143	0.4428655	0.136132	0.1993725
0.08203753	0.02465521	0.3898891	0.2472297
0.2784219	0.01748633	0.390065	0.152483
0.2253372	0.3456598	0.1158108	0.3528052	0.1343488	0.209192
0.2333407	0.3335278	0.1634269	0.007696468	0.1860696
0.2350566	0.27558	0.1647263	0.06187157	0.1782158	0.3143424	0.2147392
0.1724755	0.336651	0.09194334	0.3271916	0.09544196	0.06266093
0.2490875	0.01694697	0.3611264	0.1791905
0.2707309	0.01314922	0.3977993	0.1800982	0.2541302
0.1775355	0.003369623	0.3828023	0.127268
0.3460859	0.001142933	0.2072971	0.3863969	0.1300863
0.1677962	0.004710718	0.185409	0.4161408	0.1446327	0.09307643
0.2405142	0.00279722	0.1327335	0.4346876	0.1436311	0.177527	0.2109565
0.2277574	0.002311337	0.17922	0.4541769
0.2120188	0.01421363	0.3916284	0.116339	0.1778618	0.4040371	0.2753135
0.2200361	0.0361608	0.366435	0.1597781	0.3129046	0.16267
0.1832794	0.004906534	0.3817938	0.2084824	0.1423845
0.1651509	0.07554727	0.390123	0.1689085
0.1936942	0.005493418	0.4113095	0.1053297	0.1785952	0.1270403
0.1714456	0.08018652	0.3634888
0.2705519	0.07269098	0.1926015	0.3133983	0.1964988
0.2154031	0.08819861	0.3450943	0.1344262
0.2073276	0.1039654	0.3579489	0.1758472	0.1343169
0.1173367	0.3532118	0.07723127	0.1259316	0.1228718	0.05204008
0.2121689	0.3731469	0.1011908	0.1077293	0.1558983
0.231944	0.3830086	0.04098538	0.1786382
0.1124972	0.4109436	0.01178199	0.129367	0.2956463
0.2106801	0.3771664	0.001022479	0.1017855	0.05521388
0.225269	0.4015474	0.002186151	0.1507854	0.1526533
0.2806102	0.4234827	0.008718211	0.2269153
0.1826462	0.008766858	0.3884884	0.1349361	0.1900246	0.1521035	0.2880435
0.2116514	0.0002370403	0.4379788	0.1456766
0.3402411	0.02218636	0.1651953
0.3475045	0.006155244	0.1608177
0.3282763	0.005450924	0.1774285
0.2879948	0.03820948	0.4162634	0.2014601
0.2015947	0.02766198	0.102915	0.3534213
0.235944	0.0006722934	0.4461868	0.1785137	0.1338011
0.2225965	0.01434462	0.3310585	0.1509831	0.1362797	0.1273282
0.2505617	0.03214456	0.3927884	0.1932525	0.2241175	0.2703464
0.1757062	0.02869393	0.3075046	0.1379712
0.2986623	0.002122838	0.3219623	0.1800416	0.1435109	0.2153337
0.2272587	0.01708479	0.3861158	0.2287894	0.2131213
0.191763	0.0067263	0.4172389	0.1776043
0.2057965	0.001910699	0.1683582	0.405645	0.1105246
0.2412106	0.0009521687	0.1382931	0.3632016	0.1015732
0.1405795	0.01623862	0.1544617	0.3407379	0.1545504
0.2788265	0.003173215	0.1009741	0.3554459	0.1201654
0.3104259	0.009917524	0.1631249	0.4067312	0.2819239	0.3544715	0.24489	0.1450858	0.1524975
0.2183684	0.02913085	0.1861532	0.3465716
0.1726842	0.02495356	0.3648294	0.1267134
0.1695814	0.01352988	0.4252891	0.1780922	0.1818142	0.1962153	0.1797127
0.1562814	0.0151286	0.3466416	0.1865334	0.101762	0.205001	0.2353614
0.1405384	0.3681782	0.1072815	0.2022714	0.2362035
0.3190716	0.1049259	0.1805169
0.2062539	0.08042238	0.3828049
0.3278978	0.1667059	0.01948333	0.1763146	0.1738079
0.2788957	0.03280172	0.4414232	0.1104861	0.130496
0.3269067	0.001565821	0.1580235	0.3859483	0.1706381
0.2493661	0.04655788	0.2144302	0.3526504	0.2527526	0.1028177
0.1756722	0.03076088	0.4085803	0.1383872	0.1807482
0.1480526	0.02361224	0.3560571	0.1873955	0.161616	0.07924156	0.3047705
0.2291539	0.02513715	0.3339098	0.2087517
0.1421323	0.02869594	0.2103419	0.436832
0.1199902	0.06950046	0.3357632	0.2080129	0.06004032
0.2310781	0.02058288	0.3497612	0.2199369	0.1567985	0.185754
0.257787	0.0003843542	0.153318	0.3169152
0.3275581	0.00446961	0.1333981
0.2586982	0.01693616	0.1543775	0.3275879	0.226782
0.2177592	0.007225816	0.1447112	0.147415	0.3313709
0.3331595	0.02707436	0.1075021
0.2180378	0.01365304	0.1387675	0.342692	0.1739211	0.2270747
0.08923896	0.02638127	0.1250046	0.3086729
0.1163579	0.107882	0.3549107	0.1827784	0.222752
0.2728364	0.4096599	0.1301437	0.09119284
0.1637887	0.3612172	0.1268118	0.005111929	0.2210058
0.1448021	0.151177	0.008658569	0.3238791	0.1249416	0.1513395	0.2260428	0.1370384	0.3857986
0.2150338	0.1918174	0.314508	0.07937177	0.2314181
0.1774332	0.369514	0.09927248	0.3958844	0.1084067	0.402732
0.3069687	0.3382521	0.09148305	0.1495644
0.1983214	0.3949635	0.1125565	0.1832319	0.1312029	0.2294802
0.2342708	0.4003923	0.09147047
0.194722	0.3939005	0.08655876	0.09835166	0.1323178	0.2964673	0.1953565	0.2092749
0.1746555	0.3898204	0.1293934	0.1585331
0.2572333	0.07487142	0.3266447
0.1370043	0.06839574	0.2928066	0.1150741	0.311498
0.225624	0.317719	0.1203341	0.117799	0.03973708	0.2194772	0.1773567
0.2572671	0.3648744	0.02037971	0.08297961	0.1163937	0.1868301
0.2072222	0.3507924	0.009534947	0.1551568	0.07595365
0.2648468	0.3464629	0.05157686	0.146458	0.1272197
0.1896281	0.3464834	0.09654114	0.01346282	0.1701714	0.2623476	0.175074
0.1476339	0.1751676	0.04207862	0.3980432
0.2030071	0.164716	0.006612272	0.360769	0.05857085	0.2757773	0.2564083
0.1354741	0.138763	0.03012262	0.3172029
0.1499802	0.1704278	0.009380595	0.4285715	0.194285
0.1504796	0.1450639	0.02577565	0.4174803
0.2350831	0.1905198	0.04459067	0.3932892	0.1202726	0.1565357
0.2389638	0.01974317	0.4408269	0.1882962	0.340351
0.2624877	0.007279455	0.3961502	0.1406768
0.1987018	0.004850134	0.1464803	0.4305582	0.1653074	0.07600777	0.1722394	0.1538859	0.2144212
0.3168983	0.05322826	0.3146773	0.1458092	0.2588819	0.1709938
0.2547864	0.01291808	0.4288414	0.1934683	0.3344857	0.237696
0.05864808	0.004694771	0.3904418	0.1521447	0.2875159	0.1562659	0.1432204	0.2474898
0.1240982	0.02497638	0.3882218	0.1510603
0.2792398	0.06809185	0.3592157	0.1659611	0.2638341	0.08279289
0.3246051	0.01566409	0.1738351	0.4076716	0.3518722	0.08827394
0.3562104	0.01598751	0.1437552
0.3269095	0.02440218	0.1303535
0.3917978	0.05336075	0.2057547
0.318474	0.1197596
0.2299727	0.03565586	0.3207301	0.1611623	0.1261729	0.2559279	0.1958457	0.09436698
0.1280216	0.01765793	0.3041646	0.1441748
0.1907196	0.005324172	0.3163758	0.1800165
0.2230217	0.0004077499	0.3957642	0.190738	0.1803525
0.1730839	0.0003127625	0.3643836	0.06546929	0.09869388	0.1095538
0.2278097	0.002457294	0.2712993	0.1566311	0.1122483
0.2781264	0.02591588	0.4477175	0.2316841	0.2572536	0.2129786	0.2824649	0.133793
0.2653096	0.009866803	0.367301	0.231524	0.1550822	0.192329
0.2865524	0.007118312	0.3500852	0.1249815	0.251872	0.08324293	0.3247272
0.2657697	0.03198623	0.3500852	0.1927612
0.2168393	0.01868894	0.4405242	0.1504295
0.3510036	0.03054702	0.1667553
0.3777695	0.02041683	0.1598508
0.2917453	0.001056114	0.1397017
0.3095591	0.02804842	0.1411168
0.4100547	0.03015946	0.1679073
0.3085984	0.002429779	0.179399	0.3716401
0.1421887	0.01466907	0.1138165	0.3894399	0.3487465
0.348729	0.01005323	0.2028947
0.202799	0.05569893	0.1658177	0.3711232	0.1227944
0.3896459	0.05047152	0.2005356
0.3616662	0.03237015	0.191497
0.3621985	0.01901359	0.0862233	0.322843
0.3530839	0.01228623	0.181297
0.3991669	0.0503795	0.1865034
0.1980772	0.03054872	0.1803409	0.3800471	0.2122631	0.1112549
0.1687809	0.02903518	0.3855697	0.1584554	0.1487385	0.1646037	0.1703684
0.1803395	0.01023728	0.3961941	0.1689307	0.08222578
0.2356319	0.01033376	0.3890001	0.1476621	0.1606753	0.1714857
0.3748102	0.03511713	0.4268839	0.1569531	0.253485	0.06694458	0.2316122
0.07872608	0.02662764	0.3239201	0.1607786	0.1892055	0.1150098	0.1970508
0.1054613	0.02866316	0.3657061	0.1403649	0.1179775
0.1981499	0.00328234	0.3386528	0.1503718	0.1659938	0.1953309	0.1984193
0.1757285	0.4378136	0.1429258	0.03890791	0.1559439
0.1955548	0.3828155	0.1320978	0.0347912	0.1915532
0.1944112	0.3587165	0.1172548	0.01426404	0.1198964	0.304567	0.1211834
0.2942605	0.4381893	0.1832153	0.04039019
0.2478424	0.3773716	0.1390709	0.009619318	0.1459487	0.06344355
0.2181447	0.3656	0.1158289	0.0004290584	0.1974338
0.1746314	0.1261369	0.001527083	0.4084504
0.2045071	0.1191404	0.3942719	0.181627
0.3115419	0.09525772
0.1706627	0.1105897	0.322586
0.3466569	0.05256585	0.1183966
0.3405204	0.02158018	0.1508042	0.4047069	0.2278818	0.1277896
0.2090885	0.01100962	0.289236	0.2069257	0.1619887	0.1400519	0.1465657
0.2234406	0.01899541	0.4245656	0.1369265	0.04377599	0.2115731	0.2396573
0.1559636	0.03160533	0.4523806	0.1617731
0.2747303	0.02563463	0.1761896	0.4138585	0.2237735	0.114468	0.1837087	0.2237918
0.130441	0.001034908	0.1915779	0.345108	0.1896099
0.2344058	0.01856027	0.2170196	0.3873597
0.260322	0.05187484	0.2195365	0.2989164
0.2038762	0.06938978	0.3970032	0.1634292	0.2972142	0.161484	0.1088573	0.1957669
0.1416608	0.01406433	0.391321	0.12257	0.08772473	0.136834
0.2954663	0.01144005	0.4171573	0.1308268	0.1420583	0.2191089	0.1369051	0.2521153	0.1632742	0.3077057
0.1774956	0.01498175	0.4844575	0.1669446	0.2144448	0.3298306
0.2158086	0.004025475	0.3478024	0.2038424	0.09586066
0.3096587	0.05114744	0.3557187	0.1457443	0.1201559
0.1701736	0.01908168	0.435128	0.1494115
0.2556513	0.01388814	0.350176	0.1822433	0.1077467	0.1133701	0.06444893	0.1964679
0.1502849	0.005988888	0.1547931	0.3827345	0.1813085	0.1682621	0.2352998
0.2592142	0.01167925	0.3827345	0.1781123	0.3525837	0.1288263	0.111695	0.1727044
0.1878184	0.001973144	0.3202882	0.1694625
0.2367997	0.00333153	0.3169392	0.1570201	0.191855	0.2067142	0.1954338
0.1818845	0.02259894	0.3975942	0.1965639	0.1597876	0.163001	0.2332548
0.2092504	0.005706336	0.3857042	0.1935408	0.2930325	0.2604107
0.1927024	0.009693125	0.3458081	0.1524798	0.278696	0.1803408	0.1507792
0.1501972	0.03400606	0.3256049	0.1628645	0.1996528	0.1329421
0.1685776	0.09712389	0.3782237	0.1396374	0.2084351	0.1879438
0.185572	0.01416544	0.4558772	0.2023484	0.1270889	0.1810866	0.0778154
0.1516027	0.001228769	0.4160767	0.1919073	0.2051818	0.09789006
0.1644904	0.015248	0.4303629	0.2185664
0.2010908	0.1132219	0.4362883	0.1838165
0.2146272	0.05625447	0.3702857	0.1304283	0.2210102
0.1613388	0.08170161	0.2838735	0.194152
0.3103171	0.08678888
0.2457979	0.09415914	0.3517105
0.2515959	0.1229634	0.3682341	0.1370831
0.202188	0.08167426	0.3882584	0.1955076	0.2657856	0.2128231
0.200428	0.05231543	0.395708	0.3534353	0.1456784
0.2088249	0.282146	0.09621839	0.04462199	0.1634422
0.2896026	0.445438	0.0898505	0.1684192	0.1471662	0.2339565
0.2137869	0.4594831	0.190809	0.08683864
0.1990527	0.1228338	0.3607622	0.1180646
0.2009551	0.1086554	0.3995385	0.2877678	0.2159742
0.1703239	0.1310821	0.3212602	0.1657717	0.1731205	0.2199305
0.2033984	0.1116974	0.330316	0.3037822
0.05738463	0.3389857	0.1447765
0.1963307	0.3533365	0.07411598
0.2751361	0.07873337	0.3950583	0.2364786
0.2240897	0.08356699	0.2800432	0.09306966
0.289563	0.3660707	0.1386383	0.3013143	0.2253625	0.1528375
0.235477	0.3472688	0.07663445	0.1094405	0.06351476	0.3631394
0.3713116	0.03762931	0.1636802	0.2024262
0.3367507	0.03873939	0.152093	0.2499247
0.3734073	0.01216465	0.1780133
0.3486836	0.01839084	0.08595424	0.3138242	0.2801525
0.3873274	0.0002971069	0.1825482
0.4116529	0.001744307	0.1671024
0.225066	0.003452574	0.1239661	0.4122541
0.2968479	0.01858679	0.09748004
0.2974135	0.02553962	0.1684352	0.1436276	0.1028822	0.2946573
0.1297216	0.02282881	0.3723789	0.1585893	0.2385765	0.2072731	0.1442368	0.1241271
0.1706692	0.01347891	0.3590884	0.1489915	0.1346212
0.2646061	0.005021807	0.1230466	0.2584134	0.1831723
0.2166007	0.0001098804	0.1297477	0.3362312	0.1532049
0.2774965	0.0005867035	0.1889805	0.3985487	0.09423984	0.1681471
0.3735758	0.00327886	0.1725975
0.2891921	0.01011427	0.205348
0.3410454	0.02007866	0.1822445	0.3467546
0.3601403	0.02268073	0.1762402	0.468066	0.1578709	0.1286323	0.1717511
0.1834917	0.02156876	0.3251187	0.1526729	0.07081309
0.2657767	0.01058496	0.1173816	0.3994191	0.2177951	0.2213171
0.2859598	0.008069722	0.1200013	0.3576481	0.1928463	0.06745509
0.1961787	0.0213597	0.201283	0.3565292	0.2013877
0.1723375	0.03872316	0.1513052	0.3151082	0.294414
0.2679622	0.02313691	0.2690675	0.2221119	0.1441181	0.2305847
0.1751725	0.03696196	0.1927423	0.2951101
0.1979465	0.03255168	0.1941196	0.3510873
0.1927874	0.06922616	0.2218925	0.3375487	0.1014	0.1071372
0.06249676	0.03728348	0.1145715	0.3881153
0.2275595	0.02417221	0.1076987	0.045545	0.3165915	0.1507352	0.2532664
0.2151443	0.04800297	0.3931379	0.0867824	0.1607971
0.1362576	0.01280688	0.3829167	0.1951837
0.2120168	0.02384636	0.3749311	0.1756348	0.103362
0.140005	0.01288551	0.3892725	0.1795241	0.2779013
0.2423991	0.01037374	0.1349237	0.2011682	0.2537916	0.2523692	0.08933017
0.1374979	0.01150717	0.3117773	0.2794382	0.07404993	0.137543
0.09763958	0.002064382	0.3628747	0.2138441	0.2151612	0.1590764	0.1858011
0.2368371	0.007315238	0.1939292	0.3515701	0.1987899	0.1067885	0.2045746
0.1444077	0.01448012	0.1127663	0.3805424	0.2825956	0.2578888	0.2537645
0.260177	0.02060658	0.2061875	0.3341077	0.2199514
0.09109025	0.004747172	0.345974	0.1861286
0.1596506	0.006166835	0.1861286	0.4390822	0.2521575
0.09800611	0.001522598	0.3730342	0.1552218
0.1726205	0.0737328	0.4031606	0.108467	0.2287514	0.2628865	0.1575081
0.1344655	0.006500506	0.3517203	0.1165437
0.1872575	0.005933829	0.4240345	0.1334706	0.1274402
0.1629655	0.03938307	0.3215304	0.2157984	0.2937283
0.1444922	0.01524839	0.3308751	0.1823608	0.2371342
0.09410636	0.3913813	0.1111123
0.1510844	0.4663641	0.1597235	0.03611324	0.1340128	0.1741649
0.2465912	0.3606539	0.01874546	0.1851138	0.2014862
0.1102867	0.3941252	0.005031199	0.1565582	0.2022952	0.2592403	0.1411057	0.1908117
0.1742085	0.3764272	0.01272288	0.1294825	0.0873819	0.1652519	0.04685912
0.2603246	0.3207551	0.1086008	0.2771132
0.1847352	0.1702687	0.3276736	0.07461445	0.1859232
0.2275115	0.3805395	0.0870643
0.1790436	0.1412798	0.3489955
0.2664939	0.07209898	0.3819912	0.1089483
0.2339097	0.1197532	0.3944647
0.1681838	0.4287463	0.07467484
0.1225506	0.4483025	0.08680012	0.235506
0.280648	0.4225516	0.1077735	0.2412433	0.1756019
0.06536848	0.375146	0.1063715
0.19698	0.4067697	0.07709904	0.1277148	0.08176192
0.3286406	0.3976638	0.1690487	0.197234
0.1803804	0.3834378	0.1133801
0.3216056	0.3816432	0.0884406	0.1720439	0.1057063
0.1990737	0.3190843	0.1488245
0.2058272	0.383513	0.1960815	0.00299299
0.1947423	0.04510754	0.166474	0.4893355	0.13155	0.254612
0.2727439	0.0709559	0.212936	0.3732337	0.1094539
0.2737659	0.08521346	0.3260421	0.3223322	0.2269943	0.125468	0.1883242	0.1322072
0.1864877	0.001810924	0.3387937	0.2001299	0.186575	0.1848223	0.255822
0.1903192	0.0004122667	0.3791974	0.1597763	0.1850453	0.2477274	0.1450753	0.2033665	0.2173665
0.233536	0.01119094	0.3374197	0.1139898	0.1875503	0.1905719
0.2359478	0.03263169	0.4296065	0.04818925	0.1730687	0.2336453	0.2074075
0.1661027	0.002733024	0.3404444	0.2071162
0.1923248	0.001074336	0.282756	0.1973323	0.2422217	0.1278631
0.115811	0.00580512	0.420396	0.2398307	0.1296873
0.1749671	0.04177263	0.3182714	0.1529305	0.1427183	0.2442087	0.1383779
0.2062216	0.1010187	0.3725883
0.1059195	0.3774804	0.1162474	0.2123325
0.2906624	0.3405542	0.1152515	0.09165881
0.22356	0.3111127	0.08977662	0.04017457	0.1242575
0.2395138	0.05728336	0.4237061	0.1468782	0.1312145	0.2037703
0.2302467	0.00490949	0.3743529	0.2283718
0.141101	0.02348982	0.368118	0.1668661
0.2477431	0.01171807	0.3766178	0.1911443	0.1375635	0.170033	0.195345
0.1244749	0.01627571	0.3857902	0.1434974	0.1154516	0.1920863	0.303381	0.1469233
0.179305	0.09664697	0.3451445	0.27537	0.1524633
0.08449069	0.01974097	0.3999069	0.1986035	0.004813413	0.1500119
0.07719029	0.01594083	0.3768701	0.09150135
0.1948555	0.02193788	0.3803684	0.1899939	0.1101328	0.1981945	0.2895495
0.1713845	0.01249964	0.4174648	0.1614667	0.1318069	0.1036517
0.2454745	0.01584551	0.3270285	0.2417112	0.1672935	0.1504849	0.1345188
0.2306696	0.01165385	0.3799373	0.1645738	0.2083794	0.1514659	0.2084266	0.2028285	0.1602159	0.1528291
0.2557944	0.01033287	0.0511461	0.2601451	0.1210741	0.1861129
0.2776184	0.02946513	0.1870185	0.3885844	0.1432371
0.257983	0.001520018	0.3391484	0.2324341	0.07068112	0.1874509
0.1596877	0.02010328	0.3583906	0.1192768	0.179395	0.1457385
0.1880053	0.03120481	0.3198031	0.1979854
0.1795504	0.005882491	0.4097903	0.1828115	0.270778
0.2776716	0.03810906	0.4097903	0.1446693	0.121308	0.2895903
0.1598848	0.00117922	0.3771475	0.1841926	0.3013904	0.1071932	0.1698812
0.1315948	0.02071584	0.3466764	0.2140485	0.1533812
0.243422	0.04537692	0.3805559	0.275445	0.1189153
0.2008499	0.0487035	0.3092465	0.1713106	0.07639382	0.08845063
0.3430099	0.07841163	0.4255751	0.162581	0.1777059	0.2229422	0.2140543	0.3433632
0.1879187	0.05347608	0.3688653	0.1987783	0.1514865	0.1695746	0.2319165
0.2337394	0.02210624	0.433583	0.1276764	0.1860552	0.1500432
0.2412746	0.1033143	0.4195036
0.2608106	0.4180271	0.1423177	0.1160578	0.06985647	0.2706149
0.1092285	0.3849736	0.004897944	0.1687239	0.2272991	0.1735653	0.1541227
0.2788132	0.4007902	0.01384167	0.1667393	0.1935158	0.2585583	0.192615
0.2825668	0.4442412	0.01593781	0.08195342	0.2032763	0.2761403	0.2058996	0.2157993
0.3003601	0.01130162	0.2087706	0.4840965	0.1433486
0.2446607	0.007713923	0.4385725	0.2017975	0.1647861	0.2819706
0.1420106	0.004266338	0.4411384	0.2060006	0.2915376	0.2504535	0.267976	0.1493818
0.0932275	0.00397042	0.3333685	0.2219224
0.3104234	0.03097531	0.3893728	0.1636444	0.2476712	0.003029649
0.1883504	0.02336384	0.4193114	0.100976	0.2069137	0.1666572
0.2497797	0.0293252	0.4193114	0.08793484	0.1285068	0.1357282	0.1433456
0.1390574	0.01943343	0.3325219	0.2235118
0.2125397	0.02692149	0.3945278	0.1321195
0.2899478	0.0137474	0.3729491	0.1604757	0.08203781
0.2825729	0.006362646	0.3675941	0.131326	0.1608652	0.09279195
0.3426686	0.003945552	0.1574764
0.3214038	0.0009147999	0.1211197	0.3192112
0.2550178	0.0005193931	0.1648274	0.0762379	0.3763406
0.07292542	2.427463e-05	0.09806569	0.3763406	0.09602569
0.1712419	0.0001811937	0.1835843	0.3536876
0.2218333	0.003987239	0.4788689	0.1867482	0.06166882	0.2186263	0.1608225
0.303077	0.006598261	0.356109	0.1354809	0.1907862
0.1620266	0.005997626	0.3765174	0.15879
0.1379194	0.05144386	0.4095369	0.1871121	0.2494353	0.2406927
0.28209	0.08961562	0.2802863	0.1072296
0.2770837	0.1513222	0.3385968	0.04264858	0.2755313	0.1667031
0.216038	0.4585884	0.00995991	0.2139382	0.1875519	0.2096935	0.06230681
0.1945496	0.01394616	0.1454182	0.3929482	0.255208	0.1847608
0.3109262	0.009817484	0.2288408	0.4168335	0.09205558
0.1442126	0.02173868	0.1224761	0.3550331	0.222982	0.1413485
0.1525983	0.01973187	0.1759584	0.497569	0.2678336	0.2028401	0.1952153
0.08376399	0.002690642	0.1691879	0.3328881
0.2071429	0.02443817	0.1572259	0.3744667	0.03468377	0.3325035	0.2818095
0.2630362	0.00580454	0.3913861	0.19445	0.1529169	0.2270195	0.05090858
0.175212	0.005905127	0.3961636	0.1596888	0.1968626
0.1314441	0.004559994	0.414151	0.2035703	0.1761367
0.1528218	0.02276344	0.4256211	0.1491893
0.2403131	0.0265725	0.3227892	0.08180768	0.07790113	0.3452829	0.1440816	0.1580263	0.1622131	0.1971305
0.1617925	0.09304275	0.3499384	0.1472891	0.151391	0.2011214
0.3141093	0.02640767	0.1471743
0.3716867	0.02157948	0.1240759
0.3791193	0.0003910013	0.133409
0.3054778	0.002392208	0.1257795	0.2657234
0.3143468	0.08118595	0.1983616	0.1658398
0.3565481	0.01320127	0.175281	0.414814	0.1271908
0.2266168	0.001943914	0.1848988	0.2681366
0.2927733	0.0002079384	0.1647628	0.386141	0.3459468
0.2755236	0.005309139	0.1831336
0.171463	0.04604786	0.1597494	0.3729771	0.3115439	0.1244663
0.230583	0.01368054	0.2007631	0.4593585
0.1640571	0.3529366	0.08503764	0.2156799
0.1914165	0.06926335	0.2996083	0.2439063	0.3046671
0.3395038	0.1266965
0.3490041	0.016417	0.1034777
0.2647344	0.01224995	0.2291482	0.3097368
0.1499996	0.04027966	0.1604286	0.4906808	0.2012873	0.1151958
0.1771053	0.002380217	0.2141916	0.4099971	0.1931563
0.2265891	0.01294571	0.183299	0.3737238	0.1622671	0.145823
0.2163803	0.02491393	0.3829532	0.1464167	0.1486605	0.1422722
0.2218534	0.005768096	0.4593331	0.184144
0.2590247	0.02394291	0.394286	0.2100629
0.2928192	0.01889238	0.3519595	0.1752307	0.1462113
0.1670294	0.03578003	0.4383839	0.1437657
0.1137487	0.01011826	0.3071434	0.1199414
0.2196398	0.005797786	0.4073914	0.1118423	0.2727806	0.1563015	0.2298137
0.2960313	0.0002319015	0.3154143	0.1116896	0.06582239	0.1682239
0.2998393	0.003800596	0.177761	0.3741458
0.1767396	0.0445417	0.1445344	0.3969062
0.1391233	0.009186843	0.1108676	0.3187206	0.141367
0.3579731	0.02014819	0.1853611
0.4102604	0.0444996	0.1373787
0.4131482	0.009845951	0.1954963
0.2346574	0.00713888	0.3494271	0.1790755	0.2170922
0.09868156	0.002366717	0.4324147	0.1779618
0.1720525	0.01680533	0.3706074	0.1333742	0.1332777	0.1290712	0.2464008
0.3130167	0.05872312	0.3572133	0.181755	0.1644567
0.28393	0.02476961	0.1149751	0.2641484
0.3529601	0.03073443	0.1463255
0.2946956	0.01206153	0.1711419	0.3801259	0.09030396	0.0772296
0.2251278	0.007846917	0.2006422	0.3575506	0.1522767
0.2705991	0.0366949	0.1854989	0.4154715	0.1884963	0.1912788
0.0961562	0.006719839	0.3956512	0.22673	0.198485
0.1851051	0.004342568	0.3947969	0.1676673	0.2852146
0.2066953	0.01957845	0.4000166	0.1987743	0.1567579
0.2040477	0.002452023	0.1243499	0.3754239	0.1718409
0.1477618	0.004410021	0.3150066	0.406586	0.1547803	0.2916168
0.2512353	0.01653998	0.1368043	0.3373784	0.2705399
0.1029058	0.005718676	0.1635639	0.455737	0.1590882	0.1136891
0.1885015	0.0008536572	0.09287095	0.4354256	0.1203331	0.3443576
0.1700494	0.006755237	0.1461594	0.3996509	0.1539697	0.3116167	0.07280994	0.1581547
0.3005672	0.05825855	0.1734367	0.4020919	0.1316183
0.2150571	0.01373826	0.1691892	0.3827397	0.09061479
0.08780817	0.003070993	0.2016401	0.4712761	0.06087962	0.03072716
0.2016843	0.03310998	0.144979	0.3853049	0.1075288	0.1877119	0.297859
0.2043456	0.0005652714	0.1424785	0.3867071	0.1127676	0.1753063	0.08518389	0.1138461
0.3021944	0.004186928	0.3432559	0.1579765	0.2724466	0.2115774	0.1667372
0.2263807	0.001635161	0.402903	0.1820962	0.1008684	0.2599716	0.04499553	0.1480361
0.1281939	0.0008063281	0.3843007	0.1714303	0.09983096	0.2351356	0.1645857	0.3850379	0.1148986
0.2934125	0.04058548	0.3337226	0.1666994	0.1965975
0.1916211	0.01097685	0.3314182	0.1233539
0.1006492	0.01332541	0.3769722	0.2484328	0.1530921	0.1432804
0.04981623	0.009698581	0.3778799	0.1720894	0.1021214	0.1739578
0.124121	0.003185064	0.3421743	0.1550597	0.1078372
0.2369187	0.01005818	0.4053789	0.1229678	0.2119641	0.1753219	0.2779581
0.3257953	0.02027414	0.3536525	0.2085924	0.1895227
0.2490092	0.4024592	0.1756915	0.04472956	0.005121777	0.1435976
0.1824915	0.3360369	0.1117244	0.004059166	0.1434213
0.3164594	0.4456243	0.153372	0.01312028	0.1125188	0.05803277	0.08836715	0.2003995
0.3351781	0.3568893	0.1997581	0.02966326	0.1196902
0.1460216	0.4377079	0.005012555	0.1976591
0.2253	0.4508823	0.002726513	0.1639667	0.2263235	0.1891346
0.161665	0.3549245	0.00787503	0.1623669
0.137881	0.008949026	0.3096003	0.1294033
0.2257361	0.01330125	0.3209062	0.1218336	0.1843641	0.2321481	0.1266312	0.1114944	0.2995099	0.2684212
0.1649233	0.001043318	0.2967794	0.1658595	0.3073029
0.2660967	0.008974291	0.3272294	0.1307143	0.2682257	0.1779421
0.2560718	0.01339725	0.3980766	0.1532537	0.1565278
0.1805324	0.04535523	0.3979697	0.1230603	0.11371
0.2286006	0.03717474	0.3115566	0.2487653	0.1584247	0.186998	0.2832999
0.3257852	0.009551957	0.3548477	0.1017097	0.1575286
0.1720495	0.1134188	0.4583186	0.1205906
0.3051077	0.07964743	0.4175046	0.2250374	0.2197252	0.2193398
0.1177732	0.07230507	0.3590461	0.2765103
0.09143817	0.1085178	0.3438414	0.2444739
0.1526574	0.1464723	0.3438414	0.2175066
0.332386	0.08494086	0.4183256	0.1427762	0.1026289
0.2391935	0.0866431	0.3421062	0.1411842	0.3215303	0.3106501	0.04852966
0.2700144	0.3367897	0.0945127	0.1243601	0.07798274	0.2151909
0.3444827	0.07267054	0.3178459
0.2188543	0.1392309	0.3367154	0.06473119	0.06751507
0.2369186	0.1410139	0.00791925	0.4065193	0.1782144	0.2755515
0.2237371	0.1508223	0.00812642	0.3441829	0.180505
0.1615937	0.149611	0.01106457	0.3526708	0.07838771
0.2191999	0.06848045	0.4057408	0.1110108
0.1701455	0.1418895	0.3481955	0.2394467	0.144718
0.1879346	0.1378551	0.4005312	0.06344111	0.09264097	0.02804064
0.2032996	0.09203357	0.3818048
0.2183254	0.1137807	0.3799368	0.2377764
0.3218984	0.1113761	0.4228816	0.07285646	0.2241651	0.07098141
0.2046171	0.5037564	0.02421531	0.1796277	0.09474284
0.1377594	0.3877062	0.03385705	0.1738748	0.1412411	0.2067556	0.1932197	0.3030711	0.1313966
0.2269827	0.3710368	0.003151401	0.1253551	0.401723	0.1572805
0.2740321	0.03804163	0.1555061	0.4515147	0.1387423
0.184576	0.01840212	0.1598306	0.4338874
0.3309137	0.007424433	0.3634991	0.1675189	0.1917046
0.1997713	0.01346357	0.3718861	0.08569192
0.2519303	0.01570477	0.3724263	0.1766028	0.10088
0.2863788	0.02084172	0.163043
0.3212278	0.019747	0.1639101	0.4473645	0.1850211	0.2753835
0.100979	0.01162886	0.1329704	0.3408992
0.1602483	0.00421493	0.3297575	0.124899	0.07906207	0.1577367
0.2125693	0.009860492	0.1465242	0.3200047	0.1967535	0.2611807
0.09393435	0.04376711	0.3952408	0.1270936
0.2424507	0.387147	0.1113925	0.1132594	0.1573543
0.3231773	0.3375525	0.009096818	0.1789373
0.1559041	0.2935554	0.05055608	0.2364744	0.1915756
0.1126633	0.006696738	0.3940904	0.1332753
0.202467	0.01464223	0.3105114	0.06167642	0.1511618	0.1316396	0.1741543
0.1587735	0.001138442	0.3218172	0.09032545	0.158712
0.1696683	0.005911767	0.381178	0.1766474	0.1351683
0.2032148	0.0421889	0.388763	0.1943538	0.05787884
0.1741003	0.06838462	0.3524926	0.1891065	0.1640376	0.04937046	0.09151567
0.2563438	0.00811807	0.3771803	0.2016743	0.1252275
0.4099172	0.007008872	0.1190111	0.3504149	0.3564703
0.2246074	0.0003630096	0.1836929	0.3340838	0.2673964
0.2339669	0.02546282	0.1640788	0.4061016	0.2102092	0.0586238
0.1787217	0.03283094	0.118735	0.3280794
0.1851556	0.04860776	0.4081085	0.1716474	0.2153373
0.2214369	0.002086153	0.3631654	0.09987582	0.304381	0.1353383	0.295005	0.2424575
0.221875	0.03818867	0.3900408	0.1714854	0.1601472	0.2815414
0.195074	0.01184124	0.2913999	0.1154054	0.1420212
0.1806447	0.01906765	0.4647355	0.1435501	0.242373	0.2707864	0.2873008	0.2778574
0.1876627	0.05020225	0.3766598	0.1593648	0.03630796
0.2804336	0.4345479	0.110339	0.173472	0.1383439
0.1374468	0.1268754	0.3680221
0.3228317	0.129751	0.3299152	0.2305511
0.235144	0.131844	0.3470377
0.3612164	0.02019469	0.1408545	0.2163724
0.413938	0.1146889	0.07114905
0.304605	0.03422307	0.1812329	0.4033694	0.2000147
0.1766344	0.03493844	0.1628911	0.4182398
0.2224741	0.002804163	0.09620981	0.3379108
0.3224498	0.01610838	0.1485321	0.3294858	0.2684674	0.1175607	0.2128004
0.2148156	0.01743002	0.1752498	0.3359876	0.2610266	0.1714319	0.1119957
0.2633553	0.01176098	0.3418163	0.1067216	0.2037583	0.2181042	0.1693817	0.1690529
0.1548112	0.0008104736	0.1804487	0.390349	0.09349406
0.1959833	0.0005506288	0.172702	0.4101169	0.2425757
0.1976924	0.02841724	0.2005325	0.3478834
0.2696969	0.009965678	0.135987	0.3573278	0.2347518
0.1793139	0.006358366	0.1576793	0.4041877	0.1460721
0.2904858	0.05966191	0.2005001	0.4041877	0.1262591	0.125876
0.06557284	0.02369538	0.185854	0.4115142	0.131851	0.1240338	0.2294931
0.1375119	0.02387739	0.3282119	0.1758242	0.0979783
0.2582232	0.0372815	0.4236775	0.2086663	0.3543393	0.07070581	0.3446783
0.2754619	0.0135423	0.3717384	0.1374133	0.1380505	0.2653484	0.1942604	0.2197389
0.2487346	0.01691777	0.3654194	0.1875793	0.1720213
0.2018195	0.02655673	0.3619317	0.1937271	0.1604931	0.1931845	0.2591026
0.2629258	0.01218797	0.4219019	0.2310336
0.1609246	0.02734301	0.3478321	0.159262
0.2329842	0.01908168	0.3342439	0.1419361	0.1951635	0.1370412
0.1213549	0.04523269	0.4079553	0.1205352	0.1915311
0.1119201	0.08478649	0.3944865	0.3154119	0.1331918	0.2900775
0.2770041	0.1074583	0.3392118	0.156023
0.08964777	0.01529145	0.2004461	0.3193791
0.177983	0.01305397	0.3971196	0.1819803	0.09927152
0.2871314	0.003237172	0.4319089	0.1546199	0.2191014
0.2395828	0.01802371	0.340245	0.1817608	0.1808294	0.2449787	0.1894801
0.2607343	0.02760156	0.3705543	0.1393778	0.2156228	0.2182429
0.1711972	0.007023111	0.3801067	0.2698718	0.2572295
0.1220694	0.02175116	0.1888423	0.4048721	0.23372
0.3043235	0.001164506	0.3599141	0.09332745	0.1073541	0.308959	0.1784869
0.2385042	0.006847286	0.3658535	0.1675776	0.08002265
0.2069743	0.03205275	0.4208694	0.1070346	0.1228808	0.05906841	0.2657342	0.232454
0.2011214	0.03118339	0.4069485	0.1667919	0.09920772	0.2786765	0.09531795	0.2388687
0.1343018	0.01000532	0.1220143	0.3956705	0.2425262
0.07733964	0.0513702	0.1652471	0.1719453	0.2905938	0.1776205
0.1118873	0.1115252	0.3134901	0.2813693	0.224439	0.2153293	0.1746636	0.2270161
0.3321216	0.2078856	0.05414811	0.3578349	0.2141062
0.2966737	0.146319
0.1986451	0.1136675	0.3437465
0.1993383	0.08958781	0.3098314	0.1903814	0.06797409	0.08258044	0.2943926
0.2208008	0.08243299	0.3194778
0.1909296	0.07625368	0.3050504	0.1887439
0.1329947	0.06388677	0.4320525	0.2171284	0.2841677	0.2473039
0.1609626	0.06588333	0.3734298	0.1031612
0.27428	0.4174783	0.1049379
0.1649502	0.3752568	0.09455309
0.2346935	0.1267322	0.3502018	0.03293348	0.1321862	0.244454	0.2751809	0.1915363
0.2420562	0.3597372	0.008635583	0.1999428	0.2347807	0.1381884
0.1494838	0.3083193	0.01251958	0.1861542	0.1957461
0.147902	0.4511975	0.0004749652	0.1554863	0.204039
0.1563813	0.433144	8.413128e-05	0.1825437	0.1506286	0.1445554	0.2024398	0.1038184	0.3373935
0.263439	0.005260711	0.1782868	0.1515338	0.373087	0.08158256
0.0788051	0.01489816	0.3200075	0.1522231	0.1452819
0.1622345	0.01671689	0.3820727	0.1764567	0.1735548	0.1991761
0.1426811	0.006901947	0.3831367	0.1772156	0.1551278
0.3423234	0.006994563	0.3633969	0.117358	0.257921	0.04628271
0.1366959	0.03054634	0.4301095	0.06767879	0.153427	0.205241
0.2306894	0.02679336	0.1428006	0.1469768	0.3328878	0.1779593	0.218368
0.2578332	0.01223799	0.1965401	0.3328878	0.2450445
0.2147697	0.03369506	0.3944866	0.1878807	0.2142143
0.2828691	0.00804087	0.3214787	0.1774236	0.1417928	0.2202229
0.3094834	0.001739684	0.4423206	0.1835553	0.1068454
0.2148021	0.02264141	0.4027134	0.1931094	0.1673818	0.1396181	0.06717944
0.1499534	0.01280763	0.365277	0.1679686	0.1780695
0.2288762	0.007044744	0.4301092	0.1686971	0.1146448	0.1438066	0.1670034
0.1616751	0.03190944	0.3986698	0.2304984	0.2512985
0.1691154	0.008015073	0.3903884	0.1055722
0.2018285	0.03598071	0.409106	0.183008	0.1267365	0.2490026
0.2098079	0.03586986	0.1707043	0.4248663
0.2087993	0.01361462	0.1486931	0.4078991	0.3334599
0.235012	0.06074453	0.134073	0.3627854
0.2006693	0.001589351	0.3936368	0.2601925
0.2960252	0.02378966	0.3467584	0.09974081	0.1928496	0.1840259
0.2647571	0.01212313	0.166249	0.2662641
0.3435075	0.02258918	0.117168
0.308003	0.01143799	0.1408732
0.19304	0.001646022	0.1502656	0.3343554
0.2908298	0.03965262	0.1944667
0.2944147	0.0458649	0.3940579	0.1891065	0.100158
0.1414135	0.02246858	0.1749732	0.3582976
0.1746951	0.008197239	0.140313	0.3360407	0.06045023
0.2101131	0.006507067	0.08489678	0.3067921
0.1764867	0.06469625	0.1470982	0.3780765	0.2508511	0.3151197	0.1771426
0.2409469	0.01235434	0.3917952	0.1992832	0.1815404
0.1941477	0.02502978	0.4083051	0.2086251	0.2577967	0.2973682
0.2129859	0.007456866	0.1907313	0.443174	0.12249
0.1745506	0.02106528	0.1382391	0.3271309
0.242817	0.01592983	0.4176934	0.1744154
0.1382996	0.01642437	0.3339569	0.2786851	0.2215068	0.2980828	0.1679231	0.1215215
0.1759639	0.01209183	0.3823194	0.1786084	0.183001
0.1629398	0.02012574	0.428654	0.1359281
0.295118	0.009806515	0.5247768	0.158688	0.1024535	0.3318465
0.3284762	0.04643855	0.4152758	0.1673585	0.09257561
0.2368056	0.04211783	0.3696029	0.1566606
0.1612212	0.0243782	0.4336243	0.152915
0.2423887	0.002144427	0.3794552	0.216894	0.2240885	0.2425127	0.1218221	0.2961544
0.2114016	0.03759587	0.3726256	0.1726685	0.2092546
0.1128453	0.02320827	0.3988982	0.1822579	0.2079065	0.1418433	0.2580894
0.1784413	0.0301301	0.3302917	0.1727524	0.2540484
0.2927428	0.007697609	0.4392048	0.2403255	0.1217279
0.1273136	0.01616191	0.3870091	0.2010838
0.1602346	0.002332759	0.329582	0.2249635
0.06382231	0.01579958	0.329582	0.1927584	0.1624284	0.09712507	0.2176688
0.1821998	0.002370054	0.329582	0.1176371	0.1363203	0.3254656
0.1073529	0.0009355423	0.3616106	0.1408833	0.315304
0.2965238	0.01957216	0.3413188	0.2146389	0.1798813
0.1132775	0.006922171	0.1137607	0.1452448	0.1003753	0.3270709
0.2115323	0.006035232	0.1508569	0.4179783	0.1250999
0.2481777	0.03006758	0.3408542	0.1568792	0.2293245
0.215041	0.05735856	0.1401217	0.2643808	0.1213483
0.1825695	0.04000718	0.3919674	0.2589673	0.1981072	0.1983586
0.214863	0.03854834	0.3349699	0.1800202	0.1352487
0.1273343	0.05018897	0.1704804	0.3634445	0.2898837
0.3355195	0.01805792	0.1460665	0.4274509	0.2978698	0.09555693
0.1229764	0.02704228	0.3426399	0.1124959	0.04253063	0.2711855
0.219119	0.01603411	0.3246589	0.1435106	0.1071846	0.2152493	0.1835348
0.2341435	0.01444632	0.4128874	0.1738035	0.1089631
0.3040707	0.0197764	0.4268825	0.1704499	0.1405595	0.1991882	0.1290689
0.1900385	0.4023277	0.1702365	0.01045502	0.2245323
0.0760289	0.3865039	0.1788188	0.02359977
0.1248123	0.3919101	0.02849818	0.1105186
0.2277477	0.4392392	0.01963874	0.1193801	0.2689014	0.1891303	0.2946129
0.3463147	0.01623232	0.1973675
0.3633654	0.01036589	0.08630242	0.1834128
0.3933073	0.01636728	0.1881731
0.1346124	0.06189533	0.1890257	0.2371478	0.3735969
0.3626329	0.112702	0.2823027	0.1628084	0.1827333	0.1345663	0.3835548
0.2464547	0.08530058	0.352762	0.1582028
0.2567685	0.04257213	0.4296268	0.1142878	0.08498575
0.1916824	0.02636581	0.3598683	0.1547105	0.03650633	0.187503
0.2561092	0.4038139	0.006045149	0.1728186	0.1558417	0.244045	0.3404991
0.1611657	0.4149464	0.006749804	0.05720301	0.1346219
0.1683814	0.4105667	0.04937492	0.1285365	0.1846254
0.1770513	0.4772257	0.05957347	0.304273
0.1510853	0.09821397	0.3401467	0.2182787
0.200305	0.1230061	0.4137545	0.1607967	0.1562303
0.1754602	0.1004473	0.3012271	0.1797942
0.201752	0.1380155	0.3979588	0.07134969	0.3384534
0.1314843	0.08941706	0.3151713	0.1824825	0.1759952
0.2609284	0.09505818	0.378995
0.2270815	0.08695976	0.3769387	0.2068764
0.2321564	0.0218096	0.3940344	0.1591877	0.2337923
0.2276839	0.01469376	0.4126698	0.1208495	0.1353438	0.2719929
0.3520224	0.04578565	0.1780374
0.2849358	0.01750242	0.1633444	0.3521359	0.07636111
0.2047593	0.04037206	0.1559567	0.3862963	0.1224002
0.2190234	0.03304584	0.189022	0.3412685	0.05426977	0.2156013
0.2726602	0.01289961	0.0978015	0.4344798	0.1039371	0.1812071
0.2364751	0.002589682	0.4077135	0.09614601	0.1066088
0.1190978	0.001794449	0.4163612	0.1765598	0.1418072	0.1696829	0.1488472
0.2491427	0.01099883	0.3252259	0.1423304	0.161509	0.3117179
0.2046039	0.02097267	0.3735553	0.1437107	0.147	0.1658331	0.2985522
0.3480085	0.002099947	0.4396059	0.2037175	0.2425357	0.08004015
0.1762099	0.01862737	0.3572256	0.1873572
0.2288504	0.03243056	0.439236	0.1977119	0.1037332	0.2295621	0.1524858
0.3608554	0.01833517	0.1464925	0.1856399
0.3927014	0.03209135	0.1306938
0.3567327	0.01031561	0.2157544
0.1880934	0.0157937	0.1711516	0.3630773	0.3093444
0.1277161	0.003375153	0.2080197	0.3873649	0.2108901
0.2324343	0.01039641	0.2099054	0.4143553	0.2400317	0.1354014
0.1642266	0.02632118	0.1291525	0.3612798
0.1904641	0.0278746	0.1342687	0.2922782	0.2045049	0.3234744	0.1756846	0.207679
0.1762776	0.0185113	0.1425109	0.4112408	0.2508432	0.09896556
0.2236133	0.03936747	0.1213943	0.3422071	0.2036116	0.1972825	0.1813273	0.2161732
0.1974152	0.05532437	0.1379626	0.4194587	0.1894922
0.2510525	0.04212291	0.3758104	0.1317757	0.1544558
0.198285	0.002526746	0.4309422	0.1415763	0.1856041
0.3056012	0.02717594	0.3578634	0.1977342	0.1958256	0.06142084	0.1342802	0.1639178
0.2263978	0.04422124	0.3303876	0.1039412	0.1244924
0.1402779	0.001945222	0.3245	0.1724574	0.1907628	0.2597434
0.07963937	0.00568715	0.4076317	0.1975786	0.1829616	0.2059859	0.2156856	0.3747198
0.0794162	0.01354721	0.4003787	0.1709461	0.2412635	0.1536764
0.1650426	0.007434182	0.3978708	0.106562	0.2419941	0.2408799	0.1683281	0.2947544	0.1821791
0.264915	0.004610254	0.3168213	0.1498135
0.1864359	0.01067064	0.280248	0.2233101
0.2582309	0.09163719	0.355341	0.1743157	0.2055173
0.2717716	0.02768249	0.3101477	0.1267988	0.1205081
0.1923648	0.009072079	0.331106	0.1918202	0.1588292
0.1951293	0.02369358	0.3934772	0.1515985	0.1898674
0.1671188	0.1144581	0.3924236
0.2431375	0.3924236	0.08737857	0.2392774	0.1674989	0.1510519
0.2809428	0.4038098	0.0133518	0.13673	0.111907	0.2851037
0.3392526	0.3122097	0.05022441	0.08864427	0.07904222
0.3356892	0.382336	0.09261228	0.2103064	0.2058867	0.2142689
0.1877877	0.3129845	0.0793619	0.1497303	0.209428	0.2932964	0.1334291
0.2882977	0.3846816	0.1051317
0.2473406	0.3714743	0.09653163	0.2369434
0.3842749	0.03018708	0.2154664	0.1568004	0.176668
0.2966688	0.005676344	0.2221309
0.2954424	0.02947733	0.1366319
0.2752777	0.01086279	0.3964662	0.1038021	0.1505874	0.2458354
0.1702874	0.12522	0.1401877	0.2734045
0.1813911	0.1218976	0.3779276	0.2230777	0.06936927
0.2014889	0.1617406	0.3389789	0.03894054	0.08636079
0.2228386	0.0705037	0.38333	0.3696548
0.121378	0.06663336	0.33806	0.1854796
0.1619223	0.08099982	0.3370955	0.1884526
0.2214779	0.3283322	0.09711024	0.3182894
0.2664543	0.3063105	0.09447687	0.1820779	0.2405027
0.2419747	0.3344611	0.1170027	0.1508106	0.1689693
0.09575352	0.1225593	0.2829681	0.05182739	0.3183276	0.2918282
0.2704196	0.1548578	0.01020066	0.3538933
0.1614403	0.3824139	0.0914567
0.1404899	0.3746874	0.1008792	0.1772259
0.264873	0.3760735	0.09005334
0.2861448	0.3382715	0.09534754	0.1863115
0.1477959	0.3470062	0.0229928	0.1443681	0.1495583	0.1993583	0.1139859	0.1722419
0.2291699	0.3111403	0.01349688	0.1781861	0.08210152	0.2154988	0.2076681	0.2034327
0.1106313	0.003330869	0.1580263	0.3854278
0.2214747	0.002410314	0.1462486	0.4466894	0.2757517	0.2322219	0.2142776	0.03967162	0.239062
0.1933741	0.002585879	0.1578416	0.3306498	0.11079	0.1795887
0.181929	0.004736969	0.3868923	0.1757766
0.2166236	0.01382954	0.3266003	0.1192352	0.2451133	0.1654834
0.1455191	0.006757386	0.3694159	0.173812	0.04261612	0.1530656
0.1809608	0.008036579	0.4193023	0.09728958	0.1711778	0.08778383	0.09999103
0.1079061	0.02444565	0.3746676	0.222926	0.2175962	0.3313371	0.2012971	0.2393945	0.1486107
0.2416424	0.004836626	0.1087714	0.2960152
0.2166932	0.02866457	0.3500772	0.1371988	0.3077127
0.1930496	0.06187731	0.2117899	0.301983
0.3481914	0.02864431	0.1885642	0.3911648	0.2176835
0.3691299	0.07286379	0.1718015
0.3930245	0.08723785	0.2978157	0.1491606
0.2142908	0.1035666	0.4097547	0.2246493
0.1054904	0.1447938	0.3561172	0.1068397	0.145306
0.2226458	0.08853157	0.3299588	0.287761
0.2540855	0.2216865	0.4751291	0.08545117	0.1795458
0.1770972	0.002214611	0.3447857	0.2561281	0.2159982	0.1580815
0.1497	0.03172594	0.2098955	0.2143856	0.3310163	0.06860142
0.2617888	0.02333204	0.3578173	0.1352062	0.176116
0.3676915	0.05256723	0.3955823	0.1366268	0.1233655	0.1957308
0.1109172	0.05554232	0.3235735	0.2202654	0.1803021
0.2706341	0.02210621	0.3996245	0.1767992	0.1147801	0.1340766	0.06888526
0.2454225	0.01580713	0.3821881	0.1655072
0.2722082	0.02513215	0.4701967	0.2288162	0.254307	0.2284368	0.1918771	0.01645132	0.3421672	0.1358719
0.2771018	0.005730112	0.3605933	0.1075385
0.2433075	0.002320202	0.3870015	0.2021206	0.1691548
0.2584713	0.007580056	0.3025531	0.1431377	0.0853411
0.3213108	0.003767427	0.2313034
0.3206197	0.02659745	0.08353597
0.06982966	0.01607841	0.2317289	0.1966761	0.1264353
0.1620179	0.3310444	0.1595885	0.0349115
0.2097512	0.4470652	0.2139591	0.01617923	0.2170946	0.1866457
0.1732699	0.4381996	0.153666	0.01307518
0.2245851	0.3602498	0.1673828	0.0101544	0.2322666	0.1994103
0.1234541	0.3728174	0.06054346	0.1199516
0.2205692	0.03635042	0.3157186	0.1519034	0.07513294	0.122429	0.2680326	0.1273561
0.2854093	0.05580372	0.1499085	0.3081227	0.1732046
0.2547371	0.01857989	0.1341828	0.2447777	0.3047733	0.02820708
0.1649104	0.002122276	0.1639029	0.4362098	0.1327191	0.2029892	0.2057666
0.2029961	0.03300328	0.3671453	0.1797962	0.0991668
0.2735861	0.01476677	0.3503813	0.2063328
0.195792	0.01135886	0.4205091	0.1635511
0.2619506	0.0244256	0.1018226	0.2170385	0.3484983	0.2592728
0.1808459	0.09387651	0.3625391
0.2209691	0.4545512	0.08629183	0.1394883
0.1731876	0.423939	0.09729342
0.2070838	0.07612929	0.3038859	0.1611352	0.1122281	0.1952139
0.1899023	0.08204914	0.3762409	0.04171791	0.07607511	0.05752703
0.2145424	0.003343094	0.3027236	0.1021531	0.2388371
0.215671	0.02674154	0.3875766	0.1461664
0.2099991	0.0023137	0.2937253	0.1563232	0.1461219	0.1735566
0.2555684	0.003076327	0.4135047	0.1751662	0.1583866	0.01767006	0.1626406
0.2309491	0.02149947	0.1345164	0.334531	0.1922162	0.1060144
0.2903839	0.003391453	0.137407	0.4051123	0.1990038
0.18333	0.005149124	0.4400752	0.2757113	0.2354681	0.1566638
0.2494962	0.05271806	0.4759895	0.239142	0.1800353	0.1221395	0.157982
0.3460197	0.0157855	0.4449991	0.1533881	0.1777949	0.1026184	0.2050998
0.1391589	0.0132123	0.3436091	0.09911621
0.1080702	0.002337651	0.402821	0.09264509
0.2543017	0.01195142	0.364213	0.1217388	0.1532154	0.1120059
0.2388752	0.01174281	0.2120169	0.3326927	0.2028009
0.324188	0.02822665	0.4108717	0.1345428	0.1814782	0.1536181	0.2284337	0.257202
0.1027318	0.002684651	0.2039823	0.3623309
0.2786341	0.01243705	0.3045628	0.3090433	0.1881796	0.2558405	0.1580458
0.1243744	0.0008668386	0.161152	0.4637224	0.1856183	0.2539368
0.2389462	0.04262764	0.1792679	0.3957339	0.1582618
0.1904435	0.3785272	0.006462196	0.1615388	0.2221116	0.1581422	0.2399445
0.1360707	0.03136095	0.2073451	0.3082809	0.1719834
0.2149553	0.03408069	0.1854446	0.3714651	0.1847337	0.1285469	0.3176336	0.06946289	0.1511272
0.1581513	0.01172323	0.1381637	0.3873413	0.1585415	0.1686794	0.09912087	0.2255065	0.165229	0.1896107	0.1398501
0.1908367	0.0139537	0.4036428	0.1754068
0.2265872	0.0301283	0.3723646	0.2006755
0.1602661	0.1047755	0.3404571	0.2675072
0.1674612	0.1107955	0.3020068	0.1128935
0.2975812	0.1058513	0.3603598
0.2075191	0.1446335	0.4602621	0.1019037
0.1786698	0.09346439	0.4253355	0.1837892
0.2754762	0.1715664	0.3860593	0.01038337	0.04623273	0.3016262
0.2092473	0.1683923	0.3977923	0.03713823	0.2607955	0.1152317
0.1869915	0.1730705	0.415932	0.009484746	0.1983628	0.2956455	0.1043828	0.184866	0.1916797
0.2019172	0.1687578	0.4464731	0.01827781
0.1898053	0.3648744	0.06080727	0.1638775	0.256077
0.3088571	0.0253122	0.1198051	0.3820794	0.242125
0.2116111	0.001955804	0.1402348	0.3824336	0.09667663	0.2295951	0.1504206
0.1986956	0.01581413	0.1319102	0.3500564	0.130245
0.2317714	0.01658175	0.3549959	0.03039536	0.2801557	0.238152
0.1540534	0.002941611	0.4160093	0.162532
0.1422896	0.01140015	0.3247479	0.1871545	0.103154
0.1820744	0.03678899	0.3992092	0.1884029	0.1682125	0.1590162
0.2898595	0.03298268	0.4337316	0.1509725	0.1811296	0.1129905
0.2869419	0.01628879	0.4165473	0.2165842	0.2451574	0.234605	0.1887801
0.1924767	0.004982514	0.3351739	0.1686017
0.2991597	0.01731599	0.3894312	0.2057879	0.2379786	0.1728184
0.1505836	0.007445656	0.3385062	0.1463132	0.1214787	0.1950057	0.1286015
0.2947324	0.01331339	0.2737965
0.3206602	0.108066	0.3681816
0.1145774	0.09325864	0.2893547	0.05563027
0.2761089	0.04414755	0.2618027	0.1638014	0.2168145	0.2255411	0.2317003
0.2554034	0.1202447	0.3341194	0.1557826
0.2203649	0.09268156	0.3128003	0.2516617	0.2024601
0.1556409	0.1857335	0.438059	0.01555698	0.1942307
0.1854339	0.2579033	0.482692	0.003289115	0.1416427	0.28877
0.2440132	0.179019	0.06132273	0.3146328	0.1848452
0.2087695	0.03036529	0.3269575	0.1717915
0.3474716	0.1620981
0.1995896	0.1041538	0.3026799	0.1798093
0.1892959	0.09695937	0.1092827	0.3508539
0.3971601	0.08483559
0.3553032	0.0771825	0.01872608
0.2103238	0.1138808	0.4098148
0.195085	0.1985645	0.324985	0.01879538	0.2541802	0.07562074	0.1445906
0.2332681	0.4153229	0.01646954	0.1159548	0.1375829
0.2153045	0.007615248	0.1353048	0.3001705	0.2918231
0.1959	0.02250105	0.4375286	0.130028	0.1021947
0.2082414	0.02625841	0.4294827	0.2047416	0.08926119
0.2267679	0.01632316	0.188726	0.3726724	0.198616
0.1898614	0.04306178	0.1761994	0.4061603	0.0893096	0.2450769	0.2302808	0.2954258
0.2566269	0.03674587	0.3622732	0.1698358	0.1498094	0.1999205
0.1738171	0.01486481	0.3943235	0.1799177	0.1596681	0.2598555
0.1806181	0.001904796	0.4405983	0.1506715	0.1187692	0.1576725
0.1954313	0.008420395	0.3254865	0.1386429	0.1666204
0.3037314	0.03257703	0.373271	0.1134104	0.09698667
0.2669119	0.02499738	0.4007409	0.1948428	0.1724527
0.1290146	0.002846219	0.400914	0.2235117	0.117654
0.3230198	0.002693365	0.4037939	0.1553371	0.144342
0.1454176	0.02819505	0.4134846	0.1636601	0.05674494
0.1326078	0.01797075	0.3699147	0.1627523
0.2829875	0.008139303	0.3699147	0.1471298	0.1714182
0.3015589	0.02181252	0.3004477	0.1654259	0.1562262	0.1423255
0.1903711	0.01241323	0.4386158	0.157692	0.2187089	0.1699269	0.137298	0.2462337
0.1256119	0.01197239	0.3954585	0.1488968	0.2809052
0.2470501	0.04811293	0.3308101	0.167564	0.2357655	0.1961324
0.1825498	0.005019876	0.3047683	0.242377	0.18215
0.1486517	0.0009361694	0.383777	0.174167	0.1941881	0.2318007
0.123672	0.002254922	0.2639131	0.2188646
0.1580089	0.002093584	0.1634912	0.1644573	0.4585132
0.2355466	0.0008040394	0.1948434	0.3874619	0.1261456	0.2891085	0.136775	0.3139255	0.1668473
0.2153043	0.001523327	0.3848228	0.13203	0.2385606
0.09276899	0.002141496	0.4267786	0.1151699	0.07772866	0.2061408
0.2269057	0.09798355	0.2956221	0.05002047	0.2163429
0.2189688	0.01714545	0.3446103	0.2216062	0.2567537	0.1379354
0.2047266	0.02763572	0.3797617	0.1856164	0.3472856	0.1530521
0.1541597	0.005974548	0.3863241	0.1570998
0.384297	0.01957204	0.4045166	0.1455156	0.2081439
0.1275194	0.0225543	0.331099	0.2007856
0.2604819	0.04584523	0.3335276	0.1633349	0.175866	0.1661509	0.1562977	0.2374816
0.1284006	0.01477207	0.3122308	0.1266302	0.09812237	0.2645019
0.2293016	0.006557886	0.4084577	0.1806153
0.2334263	0.003856816	0.3499553	0.2196513	0.2181837
0.263793	0.3377232	0.103632	0.1860295	0.2019037
0.1910517	0.390359	0.1143526
0.2025464	0.3706967	0.1216903	0.1137013	0.2609746	0.2532692	0.2473648
0.1708801	0.3664121	0.1022182	0.1372958	0.1670915
0.2832382	0.0872433	0.4207295	0.01271986
0.266482	0.08600788	0.3370697	0.2392067
0.338143	0.1253283
0.3085473	0.08913452	0.3142589
0.3705701	0.08693895
0.2576113	0.1001644	0.2388758	0.2939108
0.2369849	0.09830039	0.317251	0.1835191	0.2909008
0.1889488	0.1115577	0.3788041	0.2201486
0.08813516	0.003015114	0.1836068	0.3850652	0.2691017
0.2217037	0.004876713	0.1842811	0.3202659	0.1251417	0.201421
0.1933297	0.005241542	0.1319542	0.384781	0.1380173
0.2249425	0.006936349	0.3664986	0.08820162	0.2295817	0.3539158
0.2021824	0.01947843	0.317017	0.2506291	0.1145255	0.2424391
0.302169	0.03332259	0.361239	0.1284835	0.206936
0.2252679	0.02826525	0.375057	0.2040554	0.128769	0.1243898
0.1321913	0.08170146	0.3888374	0.1391564	0.210675
0.2899596	0.09681549	0.2357646	0.04681918	0.3056446	0.2261723	0.2836831
0.1869611	0.2914973	0.07636598	0.1631743
0.2130221	0.3472272	0.1395144	0.07950157
0.2236704	0.4039275	0.1178972	0.2835637	0.3506063
0.1546243	0.3552122	0.09155936
0.1864882	0.1233436	0.462604	0.1117109	0.1553036
0.1280415	0.08130378	0.3801834
0.1351428	0.1324521	0.3644093	0.3121761
0.105929	0.1140239	0.3501188	0.1469317
0.2024096	0.1175358	0.3836757	0.1461786
0.2749308	0.1277114	0.3871358
0.1736927	0.08649657	0.3220415	0.2827422
0.125847	0.09193625	0.2116505	0.371651	0.1187527
0.0875676	0.08106161	0.3583615	0.2926574	0.132547	0.3073882	0.09621676
0.2009289	0.009306742	0.3223466	0.1462883	0.1176341
0.2175869	0.03134235	0.3342506	0.1031459	0.1271446	0.1957714
0.1646237	0.008050053	0.338236	0.1166731	0.07053799
0.1292608	0.002216989	0.4701098	0.2358202
0.08494554	0.009691016	0.3710519	0.1883104
0.1430831	0.01353047	0.2939293	0.1183577
0.1930308	0.003413507	0.4082081	0.189201	0.1206006
0.2393158	0.03470087	0.3733597	0.1077089	0.1360064	0.1747242	0.1858089
0.1519262	0.01777079	0.4374297	0.1722628	0.1099459	0.2977532	0.06826612	0.1559
0.160118	0.003129383	0.3079545	0.1789033	0.1054601
0.2994826	0.002090834	0.3656612	0.144036
0.2094869	0.004833287	0.1420263	0.4049557	0.1111582	0.1734194	0.1158409	0.2911525
0.1599795	0.04402522	0.1753206	0.3023963	0.2470462
0.2832609	0.06402145	0.3922547	0.2435098
0.3107	0.07976482	0.3304003	0.1869532	0.05323297	0.3266238
0.1825132	0.4038612	0.07796098	0.2328334	0.1278919
0.2368448	0.343357	0.003843388	0.1910115
0.1575736	0.449158	0.000720968	0.1686651	0.151968	0.2213676	0.113955	0.1942408
0.2475179	0.00216943	0.2580945	0.1379804	0.258677	0.3478956
0.2671912	0.0268502	0.1739009	0.4428356	0.08336929	0.02985865	0.3171222
0.330873	0.02635356	0.1184308	0.3791772	0.1589099	0.0675363	0.172694
0.1356567	0.000195519	0.3697777	0.1587067	0.1725955	0.004407981
0.1813838	0.0002890129	0.4067018	0.1546458
0.2249499	0.01602918	0.3719931	0.03288666	0.1373142
0.2459744	0.05551577	0.33004	0.1699889	0.1533213
0.1830818	0.01639741	0.3418075	0.1592624	0.1562145
0.1626192	0.002677833	0.3803248	0.2101456	0.162928	0.17966	0.1374973
0.1893475	0.01692055	0.3295088	0.202511	0.08430661	0.1299183	0.3180478
0.3437012	0.01379911	0.253867
0.2014821	0.02898111	0.152469	0.318828	0.1271215	0.1163091	0.267826
0.3746499	0.01091863	0.185372
0.389846	0.006993724	0.1658816
0.1988896	0.002057881	0.1445644	0.4890204	0.187274	0.2514666
0.1754948	0.04118696	0.190123	0.3246038
0.1554442	0.02816555	0.1122947	0.390055	0.2241678	0.07657925	0.2307971
0.211228	0.006227206	0.1266763	0.4470986
0.2014236	0.009469062	0.2986578	0.1549877	0.1957939	0.2150853
0.1891824	0.01942271	0.4186972	0.1686361	0.2027533	0.1726147
0.2510628	0.01601823	0.4301211	0.1999882
0.04587395	0.02149171	0.3770705	0.1715784	0.1384856	0.240617	0.161638
0.1381963	0.07994485	0.384336	0.1234304
0.3149491	0.05895215	0.4742298	0.1859125	0.2020143	0.1634129
0.1267199	0.0146663	0.3350724	0.1765508	0.07838158	0.1854052	0.06730734	0.2081086	0.1631847
0.05955068	0.02603131	0.4495591	0.1324311	0.1606123	0.1296532
0.2730576	0.02958615	0.3650085	0.1220121	0.3011275
0.2032615	0.01449877	0.1824265	0.3714534	0.2051463
0.2828179	0.006830008	0.1235838	0.3419482
0.1367077	0.003147594	0.202535	0.3848522	0.1862069	0.1327444	0.2045253
0.09670661	0.002366066	0.1735886	0.3258301
0.2877798	0.003196847	0.3620607	0.2062296
0.1086503	0.03497405	0.3703253	0.1719638	0.25244
0.160617	0.01248991	0.3937655	0.1802701	0.2717006
0.2193759	0.005161743	0.3667196	0.1430612	0.1720314
0.21132	0.01533621	0.4386954	0.2058858	0.1325756	0.2543154	0.1916754	0.1524442
0.2092287	0.006498286	0.1880285	0.4153716	0.1993642
0.2255503	0.0004443235	0.3866194	0.156255
0.1736759	8.793311e-05	0.3464845	0.1347733
0.1148635	0.0003202753	0.3359598	0.1932704
0.3121199	0.0004863864	0.1533129
0.3830018	0.013685	0.1494157
0.3251756	0.01821045	0.1256374	0.1976131
0.2883634	0.001995625	0.286941	0.1797043	0.129829
0.2184445	0.01613105	0.1451701	0.3380734
0.1543098	0.004148926	0.2421929	0.3567967	0.1760488
0.290446	0.007634492	0.1758317	0.3849533
0.2257635	0.02894916	0.1910503	0.3096443	0.2155044	0.2496819
0.1340153	0.004937895	0.3590669	0.221406
0.2963146	0.03722952	0.4303269	0.2066167	0.1466224
0.2827723	0.05656876	0.3894482	0.1295135	0.1752433	0.216279	0.1695421
0.1503722	0.0008280544	0.3818534	0.1553314
0.2502712	0.002530406	0.3101624	0.1960003
0.2018093	0.03984782	0.3620604	0.1701162	0.2459061	0.1094195
0.2690233	0.01051149	0.3336869	0.06499401	0.1465937
0.3137478	0.0211833	0.4101043	0.2227639	0.133245
0.1429145	0.06893602	0.3859046	0.2129975	0.3066509
0.2753411	0.1418481	0.3751407	0.2449753
0.2562929	0.3762624	0.02266715	0.1990805	0.1304297
0.1212101	0.01408667	0.1444069	0.3662927	0.2097209
0.1368473	0.03315288	0.2144202	0.3393373	0.1634052
0.3089693	0.001746076	0.179946	0.3286557	0.1379873	0.1517103	0.1818244	0.1213345
0.2426847	0.001460329	0.4141729	0.2048606
0.2985442	0.02146063	0.3917364	0.1719827
0.3549176	0.1545236	0.17067
0.2986344	0.1290784	0.006640485
0.3968634	0.006492063	0.1263597	0.1968884	0.09315055
0.3674218	0.0008095392	0.1800792	0.2304934
0.2225807	0.005863754	0.1669642	0.4009414
0.2170537	0.001012415	0.1728776	0.3001682	0.2221428	0.2008036
0.1978665	0.0007087161	0.165113	0.3431506	0.09614474
0.3453697	0.02362825	0.1196152	0.3718855	0.1860282	0.1164016	0.2293371
0.2141708	0.04157807	0.1261381	0.3569616	0.1232704	0.1372884
0.1028636	0.05941946	0.3724097	0.2116141	0.2586211
0.2323276	0.04215322	0.3687134	0.1552161	0.3250717	0.2539067	0.1161903
0.3263884	0.004798362	0.370353	0.1949415	0.1827634	0.2400172	0.2247781
0.1895196	0.006645876	0.3658231	0.162967
0.2008235	0.01358392	0.3658231	0.1901516	0.1028394	0.07656622
0.1634664	0.2343239	0.3567691	0.05442897
0.1686489	0.1090637	0.3664258	0.2803884	0.1949078	0.2231585
0.1823086	0.08755585	0.3708883	0.1316733
0.136783	0.1502441	0.4560214	0.186377	0.117462
0.1197411	0.3882121	0.007470174	0.1574836	0.2648815
0.1852405	0.3661883	0.008393024	0.1285043
0.1685611	0.4259542	0.007389473	0.1666883	0.2022772	0.1522533
0.2154361	0.3680105	0.03248898	0.159596	0.1138148
0.2267733	0.5925823	0.0168061	0.1510228	0.2377694	0.1911234	0.3664823
0.108881	0.01106536	0.1728532	0.3423047
0.3379221	0.1212378
0.4006647	0.03031628	0.1193336
0.1790708	0.05706455	0.3140572	0.2122735
0.2093591	0.1184625	0.3759734	0.1903065	0.2069376	0.1577243
0.1599376	0.07793821	0.3476996
0.1419255	0.1090327	0.3671728
0.3040346	0.1020808	0.3308794	0.02831704
0.1969951	0.165994	0.01385616	0.3437877	0.2352497	0.1099872
0.2271054	0.01239791	0.3580483	0.1294809	0.1736011
0.23704	0.008992813	0.1495094	0.3658644	0.1416342	0.2256656
0.2041588	0.005446884	0.2065129	0.3313208
0.09377183	0.02995828	0.1321202	0.4361913	0.3569293
0.2221361	0.01293937	0.1268422	0.3127372	0.1233258	0.1543093	0.3485362	0.2061796
0.1747232	0.02410677	0.3698573	0.1586061	0.1887553
0.3129775	0.0008949929	0.3292872	0.1508558	0.2080919	0.1443032
0.1803152	0.0003632898	0.4239358	0.1839565
0.2697605	0.04753941	0.202714	0.4363419
0.2477118	0.004301643	0.07247836	0.3656111	0.2095057	0.1321586	0.2850893	0.2335603	0.225012	0.1977634
0.2050384	0.001985659	0.2158222	0.3867389	0.194941
0.08569117	0.0002207076	0.1478819	0.3980714	0.2511518
0.2882258	0.001309779	0.1682183	0.3880313	0.1700409
0.2122874	0.008131625	0.164259	0.2937132	0.1870501
0.2460914	0.01034725	0.2035924	0.4132871	0.1947588	0.1861601
0.1416144	0.014386	0.4366254	0.1758036	0.311291
0.2371756	0.02405242	0.4708608	0.1556863	0.2109666
0.2853876	0.01794708	0.4792239	0.1808228
0.2129671	0.02272275	0.3984007	0.2007632	0.175466	0.1574438
0.1519256	0.02804483	0.4056729	0.1701463	0.1432275	0.179541	0.2241881
0.2373151	0.004320401	0.3772886	0.171573	0.1411003	0.2471665
0.1729062	0.0136983	0.4173931	0.1264227	0.1464245	0.1541327
0.1167547	0.005403658	0.368216	0.1642938
0.2392507	0.01649857	0.3612177	0.1731582	0.2640667	0.06196678
0.2741675	0.3365975	0.1396134	0.1607296	0.0808826	0.2389919
0.3780303	0.07152349	0.3348413	0.1483013
0.1933618	0.1121142	0.1131423	0.02021025	0.2918806	0.2006297
0.2430086	0.224393	0.01316296	0.4443243	0.1454294
0.1994557	0.02592644	0.4233865	0.1712577	0.05262953	0.2317993	0.2253739
0.1611486	0.0262904	0.4251648	0.1647249	0.1212315
0.2618577	0.4109507	0.1582552	0.01211223	0.2109521
0.1461855	0.01306034	0.1582861	0.3912867
0.3673891	0.04318219	0.169898	0.166996	0.3767864	0.09812297
0.1377925	0.0722073	0.1183263	0.3684989
0.1957625	0.04013289	0.1366787	0.357962	0.1609043
0.2001834	0.0191606	0.239015	0.4073352
0.235416	0.09616169	0.3793816	0.2396736	0.1836465	0.2314892
0.1928751	0.02317544	0.3852194	0.1759318	0.205935
0.2572847	0.003114139	0.4304763	0.1621849	0.1137506
0.1252069	0.01172495	0.3601886	0.1502342	0.1095667
0.1825958	0.008871735	0.3213748	0.1520404	0.1515084
0.2168954	0.01444493	0.3619714	0.2502473	0.2047729
0.184469	0.0167529	0.3893084	0.1200285	0.302478	0.2227071	0.1441599	0.2488606
0.2503369	0.02161609	0.329534	0.1711415	0.2007092
0.2556354	0.07823097	0.3485299	0.07696236	0.1690666	0.1387609
0.2231951	0.3622032	0.1853867	0.009988031
0.1881304	0.1764671	0.05667394	0.2934391	0.1166753
0.1185807	0.1198179	0.003056173	0.3014548	0.2435251
0.1372756	0.09541366	0.2656098	0.3779797	0.2459695
0.2836137	0.0862915	0.3527169	0.1207047	0.2450811
0.2056851	0.3529403	0.1133317	0.2567338
0.1533108	0.3405631	0.05812938	0.2262442	0.06059017	0.16339
0.159877	0.3778527	0.08218734
0.1651417	0.3658224	0.09381118	0.1687761
0.2300079	0.3551711	0.07002673	0.01896794	0.1094871
0.201626	0.1124283	0.3620622	0.1232989
0.1636849	0.09096231	0.3061621	0.1833777	0.2038403
0.1512474	0.3425765	0.08192315	0.1596754	0.1649199	0.05925276
0.1178741	0.4080732	0.06254784	0.1906866	0.1938456
0.1659216	0.3942534	0.0718269
0.3693183	0.07886138
0.2639194	0.09503131	0.3380488	0.1424927	0.07256044	0.1652575
0.3162152	0.1052161	0.1677446	0.4885852	0.2078855
0.1786678	0.01270395	0.3537543	0.211139	0.1898172
0.2306112	0.02085234	0.3060227	0.1317197	0.2733037	0.1253269	0.07428769	0.3213711
0.2181781	0.001502821	0.3612387	0.2291846	0.2060899	0.09361056	0.263722
0.1532902	0.02345378	0.3991611	0.1173574	0.203686	0.1315678
0.3062232	0.006416555	0.4108648	0.2810482	0.1501671	0.261802
0.1645283	0.006404723	0.4453965	0.1928677	0.1373336	0.1584798
0.1725792	0.04398149	0.1582373	0.3967241	0.1643095
0.3636289	0.05058512	0.1678804	0.2229288	0.1653034	0.297559	0.151382	0.2146759	0.3167022	0.2040708
0.2323473	0.05657314	0.1361721	0.402328
0.2836443	0.05703106	0.1588216	0.3486286	0.1609434
0.2022273	0.0339352	0.1414574	0.3130781	0.1587611
0.1641525	0.03179618	0.1841834	0.3837745	0.1320069	0.08642372
0.2198822	0.0003731437	0.425328	0.2039733	0.06369645
0.1327816	0.006572514	0.3078652	0.3238404	0.2577026	0.1514001
0.1668745	0.04427268	0.3569825	0.1216032	0.1191534	0.134836
0.2207735	0.07828529	0.4524526	0.2096528	0.1061223	0.2196356
0.1185972	0.06339416	0.3686692	0.1504646	0.2314097
0.2286966	0.01573643	0.3667122	0.1923564	0.2354827	0.23683	0.1810592
0.1567059	0.02015471	0.3226689	0.1538882	0.1697872
0.2074354	0.009804414	0.3400727	0.2192777	0.1473406	0.1085956
0.1835808	0.01758961	0.3299383	0.1578952	0.1532263
0.1041435	0.07088146	0.3877306	0.1546838
0.2737382	0.02260165	0.3848544	0.1686081	0.2628348	0.09589566
0.2543299	0.006233568	0.179162
0.2917973	0.002154953	0.1384166	0.3771018	0.1974992	0.07985355	0.2832558	0.2469896	0.231472
0.1529701	0.01024382	0.3208559	0.1495119
0.2510339	0.01613126	0.1534929	0.3666775	0.09709096	0.2588212
0.2059528	0.008388505	0.4032117	0.1693072	0.07647667
0.3102047	0.00688036	0.134935
0.3087489	0.01195585	0.1565827
0.3720399	0.1793172	0.0261681
0.2830621	0.09952601	0.311546	0.246653
0.1477471	0.1836766	0.366834	0.0280548
0.1607589	0.1296353	0.2785668	0.02295205	0.1968981	0.4015721
0.1390169	0.02059712	0.3862376	0.2623885	0.1149641
0.2341589	0.002156687	0.1568445	0.3012647
0.2852595	0.0005125354	0.1428255	0.3443459	0.0984606
0.1811975	0.02701863	0.1786439	0.3397711	0.1872289
0.2108748	0.02115983	0.1467593	0.4646937
0.2321847	0.001224429	0.1088185	0.3845422	0.1395767
0.2496654	0.05070432	0.1791759	0.3406398
0.3661294	0.02320112	0.1422001
0.3379068	0.005088243	0.3614512	0.1272686	0.1747447	0.1438908
0.2323645	0.0009229789	0.1633342	0.3690938	0.2211909
0.3000442	0.004425579	0.2285711	0.3620184	0.1952162
0.1938242	0.0034307	0.09121726	0.3869424	0.1792756
0.1709654	0.01615609	0.1793815	0.3902383	0.05636156
0.1492339	0.001065086	0.1699664	0.4353999	0.245396
0.1165459	0.006593247	0.3865611	0.166985	0.09921385
0.08329912	0.004748931	0.4016576	0.1911617
0.2722824	0.05699701	0.4159323	0.1895125	0.1062033
0.2465207	0.1015199	0.4212427	0.1458158
0.2326946	0.08092123	0.3546035	0.1378862	0.2382038
0.1826086	0.3114631	0.1147883	0.1105242	0.2069779	0.2567348
0.1877407	0.380817	0.09668649	0.1906296
0.270201	0.293532	0.08588413	0.1761882	0.08935866
0.1379807	0.3130541	0.04948997	0.1790687
0.2845933	0.3660725	0.02839937	0.1610462	0.3174384	0.3291762
0.2623273	0.2950257	0.00581949	0.1451711	0.1844146	0.1635539
0.1217474	0.3100314	0.01609997	0.2058727	0.1377551	0.4089963	0.1311452
0.2445148	0.01634724	0.1659556	0.3765871
0.224392	0.08195619	0.3426192	0.2284384
0.202497	0.07863656	0.3083461	0.2243595	0.1834655	0.2134153	0.2338189	0.1822371
