SpeciationRateChanges
24.12399	21.95589	3.916583
24.10171	22.19118	2.007661
24.05474	1.192564	18.35969
22.53901	18.74811	21.07776	12.30462
22.27969	18.97572	10.48518
22.09958	18.02903	3.486944
21.63477	18.32744	4.032959	15.07971
17.80803	22.66072	21.70037	8.208691	5.324037
18.97898	22.22749	1.017768
17.05197	21.33608	12.08158
14.93825	21.72518	5.732649	3.283449	3.104163
18.30701	22.53052
17.46726	24.0295	22.06197	7.200052
24.0295	21.78895	17.18461
20.99589	18.33122	24.02673	18.29371
20.99156	18.96275	23.96932	14.6136	6.439765	16.74406
18.31582	23.96932	4.842315	20.86135
18.88879	23.96932	20.74257	5.137247	22.3608	13.52474
18.02665	23.96932	21.0685	15.76865
12.9194	23.96423	20.97742	6.636648
15.76398	24.02298	21.17997	5.024658
9.997177	24.02298	21.365	4.2483
24.42577	21.77625	0.1739209	8.186999
23.98241	18.12895	20.80302	5.177582
23.98241	18.23663	20.82691	0.7905034	8.091797
23.98241	21.1196	19.57468	3.478286
23.98481	13.05294	22.30974	8.505434	7.098389	5.734486
23.98481	22.09662	16.65537	1.061085	21.07908
23.94585	17.58965	22.26358	4.051201
24.0224	18.1067	20.76781	13.83865	22.15174
23.95194	18.49513	22.30648
24.10971	18.60007	22.1093	14.33157	11.53114	23.87676	8.560838
24.0845	18.38346	22.89585	20.81925	11.38861
24.0845	18.75176	21.18266	16.4435	15.2031
24.01385	17.54642	22.38433	12.86424	1.133697
23.94342	19.01718	22.38761
23.94342	17.84389	20.93458
23.94342	18.16236	21.03531
23.94342	17.83969	21.53357	2.744373	13.92565
23.94342	21.76196	17.28686	7.168503
23.94342	22.3481	12.92878	3.761861	10.20408
23.94342	22.49109	22.24682
24.12216	21.73687
24.05423	21.61493	18.58098	16.78039
23.98128	21.7086	17.28456	3.03957
23.98128	21.57652	18.37161	10.78827	16.72657	9.579955
23.97948	11.0293	21.68815
23.97948	13.84678	21.68815	1.512075
23.95308	19.11618	21.30453	13.16189
24.18347	15.21859	21.54211	0.08272153
23.96447	22.08779	12.33259	3.040236
23.97254	22.02425	15.69414	13.67461	9.216893
24.10989	22.06638	12.91332	3.57119
23.94546	7.173551	2.258715
23.94546	16.98805	10.40977	2.445874	21.18209
23.94546	22.44671	23.29336	1.530527
23.96981	21.01777	21.39254
23.94463	22.30287
23.94463	17.04527	21.1835	8.366443
24.10509	18.38688	21.74418	7.830547	22.83897	10.51171	6.196678
23.97426	17.92125	21.31548
24.0581	17.935	21.1251
23.85446	18.30937	22.23247	5.88746	5.102162	11.59929
17.8664	22.29838	23.04546
21.1695	24.05091	15.25787	0.5710943	9.194801
24.00031	21.6948
22.12105	23.96983	23.87146
22.39523	23.96983	13.48676	8.974128
21.70595	23.96983	0.3108888
21.83695	23.98608
22.05285	23.96636	15.52443	21.87622	21.51345
22.05661	23.96636	9.448696
24.20465	0.5337718	22.30783	0.2840511
22.23952	17.75317	16.4115	13.56062	0.1276172	9.799922
22.2686	16.85542	3.068125	21.07977	16.84061	6.857034
21.68505	17.54748	9.219687
21.71186	14.06481
22.27662	17.16159	13.25289
22.22319	18.15472	7.317337	16.90177	7.633336
22.04076	18.32173	2.944385	10.1005
22.06193	10.74816	5.393812
22.12303	14.4571	22.27334
23.87186	17.33276	20.81525	3.307806	2.600542	3.969773
24.5014	17.25606	22.10181
16.58566	22.38516	13.94156	14.26983	7.517979
17.38236	22.084
12.31608	22.46074	2.747435	9.188674	7.137893
13.5642	22.07846	12.73927	2.909064
23.79618	18.18445	22.08639	0.4082555	12.17872
18.8775	22.33626	13.75702	2.526951
18.16581	22.02044
18.45548	21.91812	23.94261	14.7519	9.305511
17.92702	24.10335	19.90063	20.37192	20.76913
24.07842	21.96202	18.50176
24.06502	21.95473	17.65863	21.6289
24.06502	9.939237	21.13161	5.655891
23.97328	17.96911	21.65685	14.6651
23.99211	18.30591	21.03086	0.9341646	9.003796	7.199677	12.46688	15.45597
23.99211	17.93864	22.61257	16.55896
23.99211	19.4632	21.38122	11.11923	23.6647	23.20149
23.96574	11.72987	22.34928	11.71611	23.77463
23.97063	22.21296	10.14545	4.811987
23.96597	21.68468	16.87626	18.7265
23.96597	21.32608	15.48757	11.68415	9.193007	12.28172
24.01209	16.94061	21.718	15.66425
24.01209	20.91821	18.13858	17.08528	0.8710869	1.013011
24.04575	17.93003	21.77338	16.30597	7.704575
23.99085	16.91578	22.21398
24.41223	19.12332	20.80048	0.7328677
22.25959
21.08951
21.79634	10.5437	15.1636
22.01962
22.3506
24.01024	22.0449	7.345961
24.0004	22.56827
24.18056	21.6963	17.48115	8.286641	5.212271	9.665564	21.19467
23.98789	22.30293
24.07412	21.37158
24.01887	22.29957
23.92986	21.10476
23.97878	10.36168	22.17191	6.907644
23.97925	17.9995	22.39895	21.72469	15.69414
23.98324	15.58064	22.17662
23.94684	22.22757	21.71047
22.06291
21.72123	24.11144
21.66359	24.0811
21.63366	24.07281	16.33836	12.19274	1.303584
24.07281	18.33815	21.4781	3.147998	8.297182
24.07162	11.72428	21.44907	2.336905
23.72764	8.681561	22.45666
21.37914	11.22721
22.17722	17.96607	6.22665
22.08954	18.32281	7.862919	2.058369
22.42341	18.01613	3.856272	17.94152
22.08202	18.48561	16.71175	15.05673	2.98071
15.36973	21.69842	23.49998
18.95204	22.12137	0.1159678
15.23562	22.1969	8.438437	9.680856	8.305796
22.22506	17.55583	2.36045	16.11124	21.64342	24.79012
22.32309	9.864234	4.126996
22.04107	17.72702	5.143196	17.51138
22.00688	18.06939
21.7247	23.95288
21.21672	24.08618
21.09061	23.96308
23.97955	22.19737
21.54479	5.995626	21.00006
21.72362	13.87157	6.24073
21.65269	18.61726
21.76674	18.69193	17.98472	14.81256	2.961325
21.68909	18.41381	2.311484	1.401951	1.385219
22.06986	18.00088	12.29699	24.94795	3.891371
22.75465	11.06922	7.919351	24.11834	9.656453	2.144784	21.2412
18.1091	24.03677	21.64382	14.41719
18.05485	24.03677	22.17824	11.1149	6.086617
18.14563	23.98274	21.12186	13.8851	12.79596
18.93607	24.05867	21.05477	18.27243	6.028899	24.9751
17.92325	24.06657	21.94842	13.40056	10.81274
18.42361	24.17251	21.69464	5.61243	1.990686
24.17251	22.07357	18.4445	17.75882	2.290438	11.52977
24.2957	18.972	21.42044	11.83603
24.02907	18.16541	21.1991
24.02803	19.64175	21.4127
17.86301	22.11512	20.2739	10.20427	17.22916
17.60294	21.33444	24.03893	4.563137
16.36207	22.15198	23.91034	14.60497	1.465408	21.83658
14.32211	22.06204	6.051635	6.283934	23.96442
24.05322	14.40492	21.80117
23.93669	11.50122	21.31122	23.46188
23.93001	12.31443	22.22317
24.124	21.38437	3.963272	23.05291
23.98346	21.35095	15.68324	8.718904	8.21381
23.9579	22.06911	18.95333	6.725404	12.86964	5.312808
23.9579	22.23781	17.64009
23.9579	18.31398	22.32729	10.30531	2.092715	7.968685
23.94434	15.35476	21.08813	9.65548	2.461727
23.94434	15.80337	21.2525	11.01793
22.67552	18.38421	21.87175
24.06912	14.66691	21.71329	12.13217	7.063125
21.91314	10.22862
22.22852	8.9348	11.84737	3.124801
22.38768	18.18247	14.11007
24.05365	13.77542	21.78965	5.399213
15.32831	21.70397	4.177119	12.5934	1.985048
18.04063	21.70397	13.43426	6.592851
15.36859	24.00543	22.28011
17.16938	24.00543	22.08624	20.97855
18.19989	23.94947	22.0589	5.661235
17.80809	23.94947	21.68751	14.33162
7.224207	23.94947	21.77155
23.94947	14.9523	21.91011	4.32406	10.92422	11.04586
23.98191	19.5702	21.64928
23.98191	21.19566
23.9625	21.60794
23.9625	20.80616
24.01153	12.61557	20.99568
23.96243	22.26946	9.950342
23.96243	11.62334	21.38465	7.421108
23.96243	15.51471	22.259	2.265714	1.387312
23.96243	14.20011	21.64866	23.03905	23.36071
23.95104	17.05784	22.33215
23.95104	17.25005	22.05382	6.644454	4.578234
23.95104	15.20336	21.8301	6.753492
23.9749	14.48622	21.37844
23.9749	22.3509	16.8199	10.56558
23.9619	22.09216	17.49275	7.603692
23.96231	21.68388	16.88275	11.37118
23.98013	21.74829	15.25645	5.461315
24.12501	22.43392	16.62162	5.297459	0.03885798	21.65132	4.770759	8.011874
23.95727	22.03394	17.08296
23.99654	15.67018	21.38719
23.99654	17.98017	22.5728	1.421599	20.63323	9.475367
24.0207	19.2358	21.83451	12.03511	16.03421	3.877537
17.18429	22.23352	16.48354	2.967376
22.87778	21.20424
21.71407	9.98668
23.42754	24.08637	21.98469	22.01572
24.08637	18.95322	22.04622	8.006802
24.11756	21.16566	15.03458	0.1731544
24.15705	21.10921	17.56525	15.621	12.83196
24.15705	17.80559	21.73199	9.883922
24.09307	11.48563	21.89842	8.133247	3.039973	11.13657
23.9628	8.329638	22.32617
24.0686	21.39873	17.07473
23.95445	18.13917	22.09866	5.356924
23.94791	19.57331	21.37531	7.043796	18.01065
24.09323	22.06988	0.09903305
24.01103	22.50066
24.01103	21.78309	12.16937	9.596923
24.01103	22.5968	23.66809	10.30532
24.13308	22.70104
24.13308	21.71119	19.36096	6.903256	0.7658687
24.13308	22.22569	18.48613
23.04274	17.9674	20.98169	16.9861
17.97992	21.76112	7.328409
11.80677	21.71289	24.45588	11.69164
21.81582	24.04659	12.81488	3.437324	0.6509241	10.70754	2.65147	9.844453
9.405473	18.31686	21.73178	9.016156
11.3939	21.70122	19.96255	9.468939	18.46288
18.31783	22.34027	16.06462
18.16433	21.72684	17.20607	15.94889	5.379674
16.67812	21.68738
18.38158	22.22783	13.3762	9.743349	6.277215	8.514841	12.94894
17.54441	22.0564	4.701127
21.72693	3.415984
22.24469	11.04217	9.18933	21.42287
17.70113	13.22661	22.40606	24.03161	2.754529	22.23527
18.1355	24.03161	22.23231	4.406019	23.27321
18.38982	24.23159	21.71154	6.38613
18.44048	23.94296	21.51602	0.5240204
18.28615	22.0266	24.02144	13.54188	14.53421	15.37636
21.45209	23.96455	18.42395
21.91251	23.96455	17.30966	7.751128	23.70825	0.2103528
22.0097	24.15406	16.72884
22.04812	24.27418	18.69474	4.888343
21.94068	24.07303	18.38012
20.87233	24.07303	16.75708	11.90958	10.9301
23.92232	12.15737	21.70296	9.894308
24.01543	15.61566	21.89158
24.10779	21.08866	14.25472	6.009272	6.279195	3.641144	9.073595	9.33245
24.10779	18.70006	22.37487	9.097698	12.69812
24.27091	15.90543	21.38083	2.647752	3.884351
24.078	18.27813	20.99135	0.7005336	4.607674	17.48424	0.5509864
24.13249	16.93713	22.11064
24.06746	14.10059	21.61404	7.165259	5.602458
23.93895	21.19633	15.56827	13.34507	24.97789
23.93895	21.69533
23.94342	21.96375
23.974	22.05908
21.82515
23.9234	18.50178	21.71507	12.20047	9.794509	2.424056	8.268341
24.20715	18.68794	21.70341
23.97028	17.69893	21.68273
23.97028	16.67222	21.12293	16.28041
23.99334	18.45228	21.715	22.31195	11.37352
23.95631	16.69229	21.69207	9.502889
23.95631	17.92158	20.82409	14.25975	0.9769363	16.6134	22.61733
23.95631	18.33696	21.99014	6.161597	13.18466
23.95631	18.19094	22.21641	6.605215	12.14295	5.136683
23.95631	12.704	21.77826
23.94267	3.810097	21.72523
24.02806	22.20256
23.94347	22.34688
23.94347	22.25083
23.94347	21.41418
23.99103	21.80449
24.0194	20.91041	3.349167
24.53843	22.0679	2.473143	17.38063
23.94443	21.61768
23.97678	22.058	11.07215	4.79525
22.5549	21.19065
24.03744	22.06527
24.17946	22.07549	3.149408
24.14117	21.2
23.99376	20.99347
24.04414	23.74992	18.30483	21.05439	0.5246729
24.07628	18.49791	21.21224	14.6889	11.09724	11.70622
24.01419	18.11518	21.68568	5.133639
24.07863	18.06167	20.86555	6.381542	11.87169
24.07863	17.04252	21.71462	0.6821692	13.66311	9.580005
23.96624	19.12107	21.78162	1.747214	6.431996	18.77282
23.96624	18.36525	22.20349	17.61803
24.19373	19.193	22.09357	1.120207	16.76668	15.81195
17.79624	21.31097	23.81138	17.38491
16.4004	22.36551	23.95409	22.97848
18.511	21.73003	23.99357	12.81153	11.74655	1.160148
19.04629	21.73003	24.00037
18.44345	21.17593	24.01722	6.747825	9.165933
16.04318	22.44465	24.01722	7.520165
21.88102	24.01722	16.75546
22.06199	16.35171	14.12608
22.35679
22.06015	2.98851
24.40739	21.54092
23.92412	21.71911	18.67554	15.59327	8.052324
23.9566	16.83065	21.70194	6.585352	14.36626	5.08733
24.00451	18.39156	20.80999	13.08164	5.619674	3.020641
24.05145	18.88843	21.45463
24.05145	21.17481	18.57412	5.366694	12.73143	17.18747	1.563241
24.04588	21.72724	18.26706	9.901162
24.0532	21.39119	16.01682
24.06238	21.03294	5.695004
24.0838	16.92995	21.63313	8.684202	10.75541	1.220155	15.36298
24.00424	18.20554	21.79551	10.2096	22.21939
24.00292	18.43087	21.70726	11.51526	5.86291	7.634005	2.325724	0.5484196	4.226727
24.00292	15.80683	21.70726	23.63226	1.771549
24.01058	18.1017	21.53846	0.3915313
24.08025	18.31684	21.66359	3.360678
23.95806	16.8066	21.64158
23.95806	18.4781	21.87073	5.446445	15.26649	4.967494	21.06212
23.94549	21.70021	18.28342	17.88035	8.945337	2.502967
23.94549	18.37096	21.72426	2.331514	6.972696	10.08377	6.791503
23.94549	17.709	22.03528
23.94056	15.45885	22.12607	12.35094	12.33374	4.715541
23.96721	18.37649	21.39011	2.643525	11.04962	7.547076
23.96721	18.48718	21.21534	17.24802	17.99003
24.09844	17.95541	22.05709	15.72829	1.924294	16.33746
23.95485	18.34374	21.2701	23.92459	4.343442
23.91972	18.14156	21.63813	13.91981	9.06168
23.95889	18.37997	21.08383	8.951542	21.86916	9.460148
23.95889	18.38952	21.70628	0.6020399	1.274723
24.0135	19.11276	21.31558
21.77583	14.77955	4.848299
21.95015	16.98	7.792056	4.84262
22.38384	14.89647	4.537176
22.24186
21.70348	17.06236
22.1046	17.84488	2.109018
22.17469	17.20908	8.625905	16.90209	21.65309
22.25689	17.19475	21.55745	21.30663
14.45183	22.33566	12.03733	23.5934
16.27777	22.88262	21.1927	10.38743	10.96278
19.11596	22.08308	23.48948
21.76324	18.50735	13.53722
21.76144	18.49405	13.91031	7.421659
21.19785	18.52157	4.550174	16.6563	12.74897
21.90218	5.909862	4.007068
0.8764981	22.11042
1.36962	22.03525
22.29676	2.615003	20.9131
22.53517	10.06649	24.83613
15.74199	21.69857	4.105407	4.683675	14.03091
17.28215	22.22559	5.111507	15.77071	1.202206
23.96689	21.69414	21.39783
23.96689	21.61932	23.56851
24.07039	21.63917
23.94527	21.4041	23.39011	25.0326
23.94527	22.11891
24.0096	21.71947
24.04755	22.47615	10.31731
23.94373	22.342
23.98441	21.04582	4.591477	0.7268966	17.52888
23.98441	18.29787	21.68401	13.62282	9.654792	4.187809	17.44529
23.98441	17.93649	21.71346	8.219162
23.98441	21.81182	11.94401	11.63413
23.98441	22.11325	18.21383	9.241166
23.9834	21.23471	17.61957	13.56795	3.127513
23.95256	20.97994
24.01195	21.65865
23.9808	21.10981	8.473496
23.99372	21.70962	18.80002	2.047623	7.350598	18.66333
23.99372	18.14766	22.21078	17.20933
24.03215	22.26385	15.37039	7.226814	12.42303
24.19797	22.2457	15.42559	6.022877	13.75706
24.13355	21.79908	18.21924	8.375997
23.99058	21.38367	18.16586	18.31545
23.94442	16.28678	6.587704	21.36952	7.683086
24.01827	20.78951	1.160975
23.95102	21.60016	3.112152
24.06126	22.01798	17.91345	5.070783	22.45406
24.06126	21.32575	18.38463
24.21476	22.13824	6.276686	15.6341	1.834098	9.595113
24.04112	18.59813	4.8563	22.10631
23.9716	17.90792	21.69953
23.95139	18.47612	21.70057	9.264759
23.97449	17.87236	20.58869	15.19443
23.97449	22.59088	3.286267	9.17003	21.04681	6.174764
23.97449	23.342	17.34882	22.24302	21.73473
23.97449	18.3674	21.69724	9.107882	14.11512	9.497424
23.97449	22.16809	17.5692	1.47887	13.53551	16.30152
23.97449	21.71523	17.90655	0.3534457	12.49698	23.83366
23.98201	21.45781	17.05498	1.508092
23.98201	17.70215	21.90035
23.97266	20.85815	16.92245	5.396233
23.97266	10.38128	22.12789
23.97971	12.37651	22.32481	6.75064	23.38675	21.45612
23.97971	18.17588	22.13064
23.95672	15.45766	21.71231	9.83857
24.13731	18.38621	21.88391	13.14809
24.0635	18.99497	22.23952	3.00872
18.95085	21.46562
19.01697	21.78722	23.96286	17.77505	14.5594
18.40634	23.9678	22.00164	14.60717
16.70549	23.94634	21.80031	22.56072	11.33881	6.167476	22.5761
17.7383	24.25506	22.11796	5.006506	4.913156	17.47134
16.00296	22.11135	6.386749
22.10504	14.53404	24.10831	23.06382
9.238463	22.22903
21.72353	16.99421
22.09234	18.55632	5.478011
21.74172	17.41391
18.12331	22.35783
18.00726	21.74582	16.06958
16.48809	22.05523	6.299931	13.3629
18.4578	22.41326
18.7852	22.08745	11.41557	3.314476
18.55622	20.66786	6.050322
17.11134	22.07107
18.20812	22.26103	4.425249	16.62904
18.37233	21.95621
19.79276	21.19168	23.95136
24.06828	20.65676	17.59506	16.29819	8.60906
24.01836	21.64519	18.37696	3.629315
22.36385	17.56292	7.920722	16.03365	11.65761	11.08198	21.50191
23.93231	18.30602	21.70839	0.5368158	22.73795	2.99376
24.00331	17.28146	21.82763	0.8665107	11.84953	6.52601	10.54478	10.46529
23.99618	18.10718	22.20541	3.599479	7.498342
23.95235	18.96816	5.143954	11.71735	21.99796	20.9156
23.95235	12.44547	22.30621
23.95235	18.92745	20.95554	18.87152	5.855047
24.01611	16.48551	21.0836	0.6591148
23.92588	17.9825	21.75235	8.361535	3.756225	6.910216
21.72295	12.67178
18.74079	21.75274	4.358173
18.50565	22.39229	6.685198
18.32855	21.79446	12.23824	4.426309
23.71069	19.01506	18.34077	21.63235	11.67979
23.94942	18.33486	20.72978
23.94942	16.31922	20.87918
23.9929	17.50948	21.22096	4.829611	23.57076	10.51971
23.9929	15.15642	22.17791	1.985739	3.753768	11.98476	12.01064
22.5601	18.01083	20.95922	14.97609
24.24372	18.92442	21.33507	18.76521	18.0613
23.97442	18.47624	22.22698
23.97442	17.73568	20.87339	12.81245	6.781522	1.456817
23.97442	18.38788	21.30788	5.925602	18.2262
23.97442	18.38956	1.851419	20.99134	23.82837	8.988391
24.01449	17.23544	22.23057	13.65605	22.49365	15.70342	11.20702	8.160085	3.157603
24.14807	22.33246	8.271218	3.660267	23.15161
24.05152	21.01163	10.72153	7.775013
23.95162	10.03436	21.62357	5.470103	9.844046
23.95162	16.89282	22.06288	23.24852	7.383119
23.94273	18.43029	21.63876
23.94273	16.83321	21.88762	21.1041
23.94273	16.51342	21.00055	22.42973	10.47958
23.94273	14.47761	21.42843	2.272197	11.79035	4.7626
23.97841	19.00577	20.92505	21.37726
23.97841	18.63114	21.04092	22.44124
23.97841	18.87553	22.01188	4.730103	18.53169
24.05827	17.16008	22.10658	5.093011	5.703713	1.845166	15.20295
24.06458	18.95448	21.73142	11.23685	1.718744	18.07059
23.9908	15.10002	21.1215	23.39099	0.7861515
21.70059	17.07778
18.16882	5.53058	22.03997	24.46276	3.480925
17.72569	24.01892	22.12882	11.33141	11.49979	3.836433
15.04764	23.99099	22.24855	6.362241	23.60692	13.06947
16.78075	23.99099	22.24855	23.62369	21.38934	11.79867	23.53974
23.98672	21.00383	15.40163	9.236439
23.95647	18.43667	21.61158	2.801527	20.331
23.95647	18.68918	21.07583	17.20101	18.45697	16.80843	15.55288
23.94475	18.45997	21.65785
23.94475	17.21275	22.31495	9.70235	7.749546
23.96279	18.03288	22.65849	0.2643101	21.40685
24.0203	18.16147	22.10688	0.8407527	23.46974	14.41788
24.00218	18.80735	21.21476
24.04316	16.26933	21.69432
24.04316	18.39105	21.69432	4.777889
24.04316	18.36659	2.264245	21.75128	23.89419
24.04316	21.68095
24.1756	22.36546	9.863087
24.08584	22.60812	22.31671	16.96524
24.30393	22.2323	16.46693	4.633347
23.96536	21.61016	18.4888
23.97274	14.58625	20.73061	6.01371	5.083901	10.5638
24.02633	18.75635	21.33615	12.22492
23.98956	17.92522	22.06901
23.88731	14.57792	20.80783	23.68011	23.29029
22.3746	17.10831	9.372089
22.81747	16.37342	24.03355	16.12884	21.81973
18.48152	23.98657	21.08427	9.402313	14.62235	12.39272
23.98657	21.08706	18.47661	13.95438	1.606363
23.98657	21.53807	18.47946	9.941697
23.98657	21.28887	18.28567	8.140033	21.31972
23.99017	21.64457	18.41676	2.534794	9.810228	11.97782
23.942	22.24873	15.12663
23.942	22.16402	17.36991	5.550002	0.526156	17.21355
23.942	16.32201	21.54815	12.77024	12.60166	13.37399
23.942	17.56673	21.21448	22.75853
23.942	17.8638	20.68466	15.10723
23.942	18.11372	21.70365
23.942	18.48748	22.14685	8.329066	0.03987304	7.178391	11.54414	5.051728	2.925908
23.91066	18.39331	21.46251	6.084385	0.5038997
24.02072	21.64212
24.16925	22.11234
23.96484	22.30051
23.9554	22.7418	21.00624
23.93318	21.7316	23.56187
24.14773	21.71601	11.56121	5.244843
23.98227	21.45648	9.603331
23.98227	20.68818	12.57926	11.30819
23.98352	22.38978
24.10822	22.13568	17.89251	2.558176	14.28936
24.16006	22.24516	18.97998
14.87567	22.05007	14.8711
22.39922	4.764565	3.746137	1.920484
22.07504
24.1078	21.80069
24.03352	22.38013	16.67855
23.98181	21.60368	17.8901	23.58679	8.645338
23.98181	21.05582	15.25957	10.35143
23.98181	21.37538	16.36435	1.010555	21.86201
24.0157	17.34217	21.68973	14.28507	4.654459
24.00421	14.3549	21.68973
24.00421	19.4669	21.87534
23.95598	16.31769	21.3919	8.411521
23.95598	18.41895	22.1115
23.95598	18.4863	4.543555
23.94583	18.47619	21.68627	23.82823	16.11029	18.31688
23.98263	8.994561	21.77503	7.971247	5.349317
24.06494	21.12466	19.49593
24.06349	21.89521	18.82459
23.97346	22.2475	18.4095	17.87544
23.97346	21.06095
23.96202	22.19728
23.99207	22.0558
23.99207	19.36703	21.6304	13.78715
23.99207	18.92054	21.69665
24.28261	16.13986	22.07249	6.440407	24.01039	3.896479
24.14726	17.50595	21.38379	3.430381
23.97286	22.062	0.1687666
24.05967	21.71602
24.2018	22.02237	18.22649	12.07682	9.03608
23.94596	21.82657	18.65198	3.355788
23.94596	21.72492	19.03462	13.2004	0.1557385
23.94596	15.28536	20.66425	22.68096
23.94596	18.47194	21.36276	23.47397
23.99661	15.96712	20.87428	4.775239
23.99121	22.08676	15.37558	23.47587
24.01895	21.69494	10.03594	22.12163	2.143543
24.08212	22.40488	9.52736	21.23678
24.17033	22.05215	15.06953	9.411349	14.02007
24.16805	21.6979	18.42763	5.693829	3.725135
24.16805	21.69029	18.99232	2.494306	18.47889	12.07567	18.38
24.29459	21.50833	18.14231	6.889731
23.9815	21.1037	18.04889	12.282
24.10198	20.78521	18.35257	12.22517	13.85734
23.95046	21.57239	18.27073	6.32303	3.668796	3.78143
23.96431	22.40096	17.64874	6.562213	3.783196	9.123414	7.214141
23.96431	17.80085	21.81129	2.845845	13.24693	7.041805
23.96431	18.41446	23.35571	22.33002	21.23643	23.2026	11.27505
23.96431	18.10804	21.76465	18.09415	1.354954	13.18616	18.09182	15.94245
23.96431	17.98312	21.21639	13.73084
23.96431	16.86083	22.11922
23.95545	18.27962	22.09994	13.0062	1.597634
24.00655	18.32392	21.69542	22.94211	23.23573
24.00655	18.08302	22.32458	2.149837
24.03004	17.35051	22.04827	3.081933	10.06821	7.606017
24.03004	18.17728	21.20209	8.590023
18.49899	21.72622	7.623306	24.05979	22.57024
18.35532	22.07927	23.97894	11.05833
18.61267	21.70236	23.97353	9.437638	5.993959	13.07055	18.50636
19.02628	21.78932	23.95279	6.110355
18.96923	23.9479	21.72693
16.60016	24.06619	22.1507	21.05912	6.560569
9.536722	24.00497	21.92018
24.00497	18.44563	21.62774
24.00497	16.28472	1.08243	22.29228	15.15197	10.53954	8.347474	12.52497	13.42126
24.02929	15.21957	22.10746	8.835569
23.95089	17.22379	22.11827	0.09645169	8.971458
23.95089	17.45863	21.74308	5.060059
24.03351	18.36507	21.69192	9.649497
24.03351	16.17882	2.558599	22.23197	7.120471	21.40684
24.19053	13.99948	10.59805	21.70244
22.08721	14.91513	8.645929
22.33871	10.71104	21.099	20.83159	1.223388
22.39579	13.82546	21.15162
21.87059	16.34347	8.889782
22.56147	18.34744	21.01976
22.07349	17.19413	2.82508	13.50069
24.1487	18.13545	21.87211	16.05974	14.42541	17.38964
15.62752	21.79468	10.21851	6.549798	6.455654
22.08017	9.715218
21.78047	8.776579	24.15744	0.6980559
22.18703	24.05586	8.01783	23.41213	3.151989
22.06912	24.02907	3.202828	2.958919
22.45588	24.13573	7.453206	4.566566
24.13901	6.179072	21.70201
21.3188	17.82973	7.03403	23.27096
21.70418	15.84514	24.14102	5.822565	24.51933
22.07944	17.84277
22.24016	18.89664	17.36072
22.20347	19.46844	7.369446	18.30023	24.32666
18.98866	24.20235	21.37121	15.13182
17.68123	23.92335	21.80018	14.64206	9.523551	8.436028	1.506223	1.868839
18.3005	24.05079	22.07453	1.419424	1.76375
24.10994	21.77187	18.39447	13.74517
24.10994	20.83679	16.80058
23.94167	16.72232	21.34304	5.281008
23.94167	15.42439	22.20487
23.96543	17.15022	21.33318	10.36605
23.9835	21.92615
23.96916	21.67479	19.55905	2.470568	16.32442
23.96916	21.72235	18.44299
24.15267	18.97562	21.71393	4.657265	15.14144
24.03277	20.88391	17.06222	6.733404	6.47181
23.89538	16.59957	22.2154
10.34918	22.31257	4.76215	1.718527
17.37342	24.16991	21.76511
18.2795	24.16991	22.79958	20.84319
24.13054	17.85993	22.07939
23.95485	18.2661	5.374093	21.03808	16.38321	4.797603
24.05959	18.92389	0.9096627	21.81222
24.1841	18.36491	21.08471	1.294513
23.92584	18.44937	21.30253	2.253632
23.93379	18.319	21.6931	13.26963	7.666344	17.3302
23.94398	17.33174	22.42846	2.212368
23.94398	22.0657	6.100747	17.53313
24.05859	21.00812	15.61454	13.9338
23.96568	21.3534	15.84217	0.4273246	11.84704
23.95129	22.16917	14.70445
24.101	17.67289	21.6033	11.66983
23.96203	18.35331	22.2489	23.36244	12.20593	22.0175	21.0142
23.98532	18.23221	22.10407	8.604314	21.44243
24.10685	15.41654	22.26808	12.14254
24.10685	13.20135	21.46786	1.302832	10.96964	5.361733	5.37511
24.29111	9.480796	21.79401	6.070564
11.30299	22.05951	4.901518	9.892379
22.07374	1.274555
22.43819	5.2261	5.040079
21.76189	7.576295
24.18976	21.71504	21.41373
21.70137	23.08462
23.91917	21.28475	13.02394	5.141209
23.9637	21.45799	15.12036
24.21034	22.41242	14.22506
23.98509	21.70766	10.44752	8.830809	6.429168	23.41236
23.95845	22.26274	18.32487	23.67553	1.983816	2.958703
23.95845	11.92855	4.325891	20.67865	11.53049	9.296317	7.603879
23.94701	21.90451	16.83777	16.49659
23.94701	21.34328	15.63411	11.31765
23.94701	22.25703	11.32502
23.98592	22.06154	6.177886	20.97813
23.98592	21.27219	18.41716	16.4238
23.97364	21.13943	18.34905	10.94312	18.11647
23.95362	21.21542	17.23167	12.4279	5.060236	3.920313
24.00724	16.28741	22.09	22.40327
23.99303	17.89338	21.79234	7.571629	5.352429	3.65155
24.02001	18.11022	21.18137	14.12294	16.29438	4.081584	14.1756
24.02001	18.59759	20.93215	8.667063
23.93902	12.58548	22.36448	3.694381	6.45423	23.42394
23.93902	9.469755	21.31214
23.93902	9.11531	22.33269
23.93902	19.01671	22.06654	1.619	5.756031
24.06336	18.19509	0.02652234	21.21565
22.11356	17.97711	2.971719	12.95502	12.44231
22.09645	17.93267	2.163273
24.04996	21.37452	14.41569
23.97306	18.30702	21.1835	11.7723
23.97306	18.28425	21.72381	4.133
24.04982	18.29628	22.07137	1.344507	10.01044	15.56448
24.00624	17.93408	22.16952	15.49245	10.13379
24.00352	18.1358	22.26532	9.185114
24.01565	22.06732	18.34176	16.9612
24.10539	18.45435	21.70026	3.788247	2.533928	23.51912
23.97647	18.11863	21.70026	4.722489
24.01277	18.70203	21.72343	0.9247229	11.06294	1.868485	23.89065
24.01174	15.68918	21.59242	4.887181	15.05156	4.906533	3.924695
24.04064	22.0913	17.22831	13.09098
24.09678	21.70536	0.7105004	10.84212	21.87566
22.472	19.30987	22.27457	5.345355	21.91693	22.11366	1.903757
21.05714	24.0314	15.54914	6.245987
21.79409
22.26074	10.12708
22.03753	15.76421	9.368702	7.486393	23.42804	13.19094
22.05319	16.15208
22.67114	18.63709	22.07669
22.06722	14.79989	21.17932	7.273668	1.298487
22.4977	18.19846	1.976663
17.59543	21.325
18.87294	22.23377
22.23377	17.95712	24.04391	17.91011	9.567666	10.10419	10.97605
18.3437	23.9597	22.53772	20.54674	4.499807
17.82246	23.9597	21.27238	1.451984
19.33171	23.9597	20.87092	16.21061
18.30419	23.9597	20.82878	22.28051	1.912696	1.526021	4.568472	1.219783
23.96942	22.24335	6.817437	18.48868	12.75867
23.96942	16.63849	22.23557	2.351079
24.14463	14.89976	21.87175	6.698142	23.7339
23.95917	18.09337	22.10733	0.2661066
23.9829	18.29915	21.70317	23.92208	5.442296
24.07288	18.09068	6.908935	21.73312	4.233344
24.01585	21.73488	22.05042	9.096664	21.90187	6.801783
23.95483	21.33802	9.621377	5.826072
24.03031	19.14587	21.2033	15.04541
23.95382	18.01074	22.68615	6.282188	17.5106
24.00194	18.37808	21.26758	5.854011
24.01839	17.8534	21.69634	15.45352	6.982148	3.291884
24.01991	18.35806	21.84261	2.790136
23.96637	18.47535	21.68385	6.096989	16.1677	2.85884
23.96637	16.95162	21.54235	12.93696
23.96637	16.59622	22.24641
23.99906	17.3782	21.36163	8.399347	11.39813
24.02889	21.34676	15.22423
24.02889	22.33547	10.00036	9.684848
24.08639	21.34343	0.7460433
24.03354	0.7432893	21.80238
23.97652	14.09088	10.1548	22.09738	8.057991
23.97652	21.24974	23.60193
23.94269	21.47895
23.94269	21.6567
23.94269	21.74938	0.766676
23.94269	22.25493
23.94269	16.77782	21.2009	9.043048
23.94269	21.58564	18.47342
23.94539	22.0069	17.91492	5.292582
24.05916	22.23244	16.05705
24.05895	21.67757	12.31992	9.875738	21.22152	0.3801754
24.00447	10.86971	21.37337	0.3073417
23.95972	18.3694	21.24561	9.141863	4.089679
23.96914	21.2104	16.47287	7.454048
23.98146	21.73442	17.8987
23.98146	15.27793	21.4465
23.98146	14.6306	11.84967	21.74043	2.328195	0.9708506	12.52352
23.98146	17.60238	21.07992	9.674088
23.98146	17.55795	22.11503
23.96751	17.85498	21.014	2.863347	23.0995
24.05118	11.71709	21.74651	4.823802
24.03528	8.594309	22.60261
23.94465	6.800816	21.69978
23.94465	16.62659	20.91815	8.536528	4.624539	12.20636	4.771232
23.92465	18.51306	22.19777	6.381572
24.01118	16.82543	21.35214	3.243512	7.560009	4.654338
23.94	19.02168	20.93023	11.05609
24.02946	17.10386	21.70775	22.14401
23.97852	18.38532	21.39756
23.97852	18.3374	21.72396
23.97852	18.41812	21.61448	1.114273	4.388914	21.58634
23.97852	18.47365	22.35882	14.70396	10.22444
23.98874	16.35079	21.86887	21.12799
24.11872	14.04136	20.85934	23.08362
24.05685	22.37268	0.1352102	9.594652	13.12742
24.05685	20.81674	18.28589	5.952747
24.19204	19.15745	20.93396	23.39001
24.14729	21.31078	10.84422	5.751233
23.98378	18.88425	15.32299	20.97618	15.03223
24.01247	18.37319	21.69568	23.2746
23.93889	21.73397	18.12482	23.62778
24.18907	21.12903	15.68847	5.404354	5.91602
24.10305	18.33931	21.87047	2.507563	23.65909
24.04363	18.05173	22.14761	5.395696	0.1237634	14.34608
24.00718	18.53563	20.92028	9.420951
24.00718	17.73526	21.69004	2.770271	12.12471	12.63256
17.81702	21.04498	24.19897	3.45992
18.22478	20.8417	24.08107
18.38853	23.94094	21.62891
18.26808	23.94094	22.73507	20.80541	13.5344	17.27035
23.94094	21.32812
23.94094	22.07777	23.21746
23.94094	22.06208
23.9552	21.60697	4.865764	11.77539
21.78823	15.73033	10.76494	6.891025	13.20287	17.17067
21.68378	17.31263	5.673519
24.1212	18.18446	21.73836	17.65077
23.89036	18.10753	22.03105	17.27222	0.9308845
18.26643	24.11893	21.57809	10.63706	5.531875	4.911538
17.68032	24.0319	5.459941	21.09045
18.44837	24.0319	8.048444	21.75265
18.24913	22.05139	11.6954
22.08592	15.28318	4.789054
22.23687	17.81828	4.57469	6.973174
22.29919	17.50619	16.56282
21.52423	18.23365	13.29266	11.03825
22.26391	18.60491	0.2194657	14.38839
21.71773	4.906402
22.36816	14.61408	7.78474
24.00992	19.22183	21.19365	10.04753
24.00992	18.26305	21.32916	16.15272	2.437096
24.0871	22.09836
24.11175	22.36763	18.43716	24.97733
23.92404	21.07783	18.17999	6.595777
24.12692	21.88254	18.07891	5.346175	3.848017
24.1115	22.22998	18.85798	2.056754	16.45268
24.00024	18.20841	22.27431	13.88308
24.06515	18.03764	20.73352	0.6878915	9.663198	9.350869
24.09983	13.95633	22.12672	11.49554	10.65759
24.0058	10.2628	21.51203	2.348349	4.159467	8.042251
23.99493	12.38786	21.72623	5.92423	22.6897
24.09847	16.45266	22.7381
23.97849	18.45049	21.11248	7.536804	4.371092	0.5289946
24.06169	21.8825	21.09713
24.11193	21.88054
24.01412	21.2207
23.98971	20.57515	8.75972	3.127501
23.98971	21.27576	17.62918	14.11296
24.06218	20.94428	17.39886	9.031846	22.24457
23.94349	22.22707	14.20988
23.94368	22.34935	18.19441	7.946053	1.470591	2.389227	23.77961
24.36415	21.73279	15.90717	3.304701	6.273545
24.20145	22.06395	18.22639	14.84735	17.23758	0.9100303	2.910785
23.9823	21.84931	18.44058	4.330478
24.07158	18.50338	21.64933	2.03358
24.0725	18.21848	21.67122	2.003679
23.93231	18.2661	22.33131	6.865843	12.90823	23.55485	7.300617
23.93231	18.37171	21.84627	16.41559
24.01545	17.70749	22.49572	5.119233	22.0825
24.01545	18.52158	21.75056	8.476838	3.813844	1.894767	21.01494
24.07616	18.13651	20.82079	23.91687	8.079544
23.94816	18.885	6.555567	21.36949	4.655755	17.15927	18.63224	21.64199
23.94816	16.65792	22.08931
24.14472	16.75625	21.42697
23.94022	10.96857	21.30213	23.63576
24.14326	12.0534	22.13844	4.21954
24.08197	16.51183	3.985497	21.75027
24.08197	15.64393	22.22904	12.14586
22.34728	10.22417
18.14238	24.01654	21.3974	13.85724	22.70464
18.3824	24.28996	22.11349	2.300188	0.5852083
17.89243	24.28996	22.07513	5.275682
17.27088	22.2316	10.23731	17.14201	16.77765
16.69104	22.07171	2.132442	6.779508	9.939514	7.837921
13.45977	22.10542
4.230509	22.04914	1.780195
23.95083	21.38921	22.80027	21.08761
23.97763	21.43696
24.14776	22.29377
23.93121	17.16555	21.74934	0.3468392	21.13048
23.274	22.27031	17.54004
22.33386	17.05669	6.350011	2.793998
21.69198	9.737893	24.4313	3.150838
21.99903	15.19279	20.70834
22.1106	13.8875	11.95086
22.54364	8.057491	1.439986
11.47012	22.45154	15.13878
18.66459	22.13311	0.1527468	7.863069
17.7049	22.08452	5.847519	15.49217
22.12677	0.1520443	24.08239	18.1294	6.070803
21.57434	23.92204	17.78702
16.74774	21.71003
17.95399	21.72554	16.90607
17.15661	21.75344
17.92734	21.70514	14.009
17.66971	24.38582	21.62658	2.019324	12.6841	7.637835	17.15435
16.37294	23.99049	21.4791	3.009191	15.69895	12.41876	22.99085
23.99608	22.12879	18.44452
23.99608	21.963	16.25737	4.487729	8.872405	11.33984	10.09189	22.51673
24.04569	21.80614	13.23277	1.251034	10.63343
23.95661	9.630198	21.68529
23.97671	13.31076	21.38416	23.39003	9.230469
23.98223	18.25845	22.21544	5.325509	1.472879
24.13268	18.01097	22.09869	5.922879	4.597436	15.00895
23.98198	16.15706	21.74094	20.80721	21.57318	13.77887	21.86007	4.601858
23.98196	3.00838	16.14509
23.99967	15.77943	22.10329	0.5712297
23.99967	21.33614	1.67422
24.00973	20.59571	11.72347	5.616424
22.40891	21.07576
22.55627	17.16858	5.408152
22.12515	17.33128	6.405903
22.07403	17.27008	24.8541	3.54324
22.09565	17.54652	5.061838
21.55893	17.8794	22.68215	7.960723
24.00545	6.312574	4.108043	21.77407	3.751945
23.97709	5.309721	21.1569	17.30828	12.51335
23.95428	18.01008	22.24979	1.360096
24.23969	15.90499	22.01922	4.515224	9.069187
24.14004	16.75372	21.06155	7.728478
23.93165	18.27114	21.01732	10.56939	2.649788	11.65063
23.9964	17.09117	21.7426
24.02328	18.46349	2.21505	14.33949	16.94035	21.07172	16.59638	14.6414	12.97829
24.12378	12.77862	22.05467
24.00447	7.086314	20.97129	4.748554
24.12376	9.201679	22.48602	5.67676
24.06035	21.1245
24.44539	22.33391
24.00128	18.60187	5.824087	22.15915
17.8457	21.73771	23.91555
17.91857	21.27067	24.00454	13.82235	6.730379
16.67512	21.39588	24.30191
17.59733	22.98022	23.9683	21.30473	4.790253
15.0545	24.15685	21.3667
23.9934	7.853998	22.24687	1.774018	3.802563	21.31771	6.490062
23.99612	22.0661	0.6890388	23.86117
24.00715	22.10936	7.866249	9.74062	8.693728
24.00715	21.10692	17.18202	6.051684	3.640956	12.73977
24.01313	16.48029	21.14261	6.649409
23.95846	18.23392	21.38234
24.08765	18.70851	20.84539
24.20974	22.07831	6.319365	18.35676	3.20107
22.21173	14.77023
18.97621	21.93199	12.73897
16.02405	22.01294
22.29698	15.08009	4.665175	13.4644	4.77303
22.06133	18.30643	16.20548	3.093282	13.25602
24.10405	16.22472	21.7566	0.5735761
24.08551	17.9735	21.43716
23.99424	15.19326	20.71974	7.332195	9.828085
24.02807	19.32235	21.1935	18.15407	17.37448	5.906477
23.96712	21.78942	17.76715	16.02087	15.05682
23.94184	21.79198	17.58124	12.34838
23.94184	18.36592	20.6171	9.67315	21.69745
23.94184	18.24029	20.9341	22.15548	5.105102	16.54037
24.0863	15.53564	21.98745	1.215455	11.1577	15.31223
24.13722	18.07804	22.18116
24.05863	17.99653	22.2418
24.03371	14.76181	22.0983	6.477316	2.071212
23.99313	21.10494	17.23287	13.29566
23.99494	17.07191	21.77274	11.91616	10.06234	8.016387	20.60547
23.99494	21.82508	18.34018
23.99494	21.7929	12.89381	2.303948	11.52485	22.0929
23.94333	21.38515	18.83475	3.307548	13.59573
23.94333	22.06798	18.06989	17.79746
16.84466	23.97501	12.50106	20.90485	2.825536	2.159073
23.94032	22.2628	15.12239	11.3857
23.94082	21.30847	14.58082	10.43896	5.414775	4.755227	13.9495	22.36266
23.94082	22.18654	18.04838	3.882173	4.685654	8.92643	6.865695	5.812623	0.3656661	22.55738
23.96962	13.45862	21.7275
23.96962	12.51106	21.72325
22.05592	11.53886	6.808188
21.70569	13.60417	7.236243
21.75733	12.14869
22.24776	16.89655	22.70901
22.22797	15.66078	7.685786
21.68852	17.78913	23.98941	6.543103	11.07614
21.13993	18.3957	23.98941	1.398939	11.75308
21.38467	19.54411	24.22395	3.980575	16.6314	5.689008	1.754153	5.769188
21.7324	19.21718	24.04791
14.51363	24.04791	22.51974	9.457419
23.85874	22.06911	18.58566	0.8383743
24.18798	21.71059	18.45616	7.146755	4.489039	2.839886
23.99332	22.6529	18.18741	16.27387
24.05489	18.41905	5.209289	16.81691	21.05959
24.05459	18.19645	21.00644
24.00191	18.46845	21.43155	13.90341
24.02126	18.38647	21.712	18.25612	17.6759
24.129	18.47913	21.19511	0.7172919	13.49261
24.129	18.09663	21.54045	7.149069	5.12172	10.83674
23.97521	19.26429	21.2012
23.94434	17.79986	21.63797	1.066831	13.26903
23.94749	13.72258	21.81178	0.9322078	1.145235	3.591531
23.94138	3.781666
22.24119	7.055969
22.09969	18.40542	6.762237
23.37187	19.70892	5.303327	21.74104	15.3109	10.54864
21.68655	15.84223	6.818451
21.72251	17.7822	2.755534	11.86812
21.94817	15.91036	23.99632	8.208127
21.08838	15.13299	24.01502	21.84809	10.67964
21.97483	23.98852	14.74432	7.911202
24.12193	9.30116	21.79966
22.24714
22.22607	7.525472	6.686328
23.53032	22.27806	0.01338752
22.06574
21.79792	24.70233
21.86632	17.91975
21.12215	17.78053	23.93494	2.236014	13.03555	6.776358
17.78562	24.1939	21.80871	14.75887
23.98457	22.1422	18.30918	11.64835
24.00029	19.53187	21.70911	8.777605
24.00029	18.1889	21.17594	3.519958
24.00029	22.37109	15.68082	6.33409
24.00029	21.38028	19.65495	8.643215	12.28071	6.27984	11.59649
23.97231	16.99472	22.16686	1.230551	6.673353
23.96782	18.98579	22.34536	2.242306	1.25704
23.96782	16.89843	21.7778	16.85201	11.50005
23.96782	18.28455	22.24646	12.39392
23.99108	18.25358	22.05684	13.07142
24.02774	17.1386	21.65016	12.17581
24.06112	17.30748	21.77364	1.760856
23.99039	19.20883	21.88826	2.796716
23.99039	18.23137	20.7822	8.52396
23.9491	18.41491	21.75508
23.9491	18.18308	21.6354	5.354116
24.02099	18.27335	1.008568	22.5416	9.261305
23.97401	19.54791	20.81275	15.34191	17.79136	12.64286	17.32346
23.97401	18.42939	21.74925	12.04929
24.11754	17.52637	21.68353	24.90662	9.52122
24.03625	19.31049	12.57224	21.42402
23.95635	18.73726	22.07798	14.43217	0.1392664
23.95635	10.89551	6.707845
23.95635	22.07312	0.8509318	15.47191
23.95635	21.23651	18.64255	10.78667	2.660158	12.53377	18.4098	1.249933
23.97937	15.18115	21.79088	4.730833
23.95674	17.29179	21.68374	4.572755	0.1037339
23.95674	18.348	6.350312	20.57606
23.95674	17.53376	21.58684	14.38761	7.410973
24.11537	17.83616	21.32048	5.117747	6.866039
24.11537	15.4244	21.45562
23.96174	17.87557	21.36558	1.057163
23.95051	15.71824	21.54248
23.85669	17.98073	21.91968	14.23821	2.621783	3.052918	20.62483
23.93916	19.13885	21.6414	7.522297	17.94577
24.25995	19.2734	21.41666
24.01788	17.51881	21.37356	13.65275
18.88093	22.07374	5.019638	10.34742
9.943497	22.06567
16.18748	22.34546	5.333519	14.05182	1.459305	4.269472
18.51005	21.91096	3.063391	4.822387
22.07948	11.39423	6.018239
22.39446	14.9602	6.58666
22.22785
22.00524	7.273442
22.33604
21.43133	1.368838	1.656275
22.37384	18.49964	4.490599	12.21149
22.47649	9.191153	21.86087
23.97585	21.77043	11.90714	11.60609
23.97027	22.4095	14.81711	21.78554	22.38054
23.97027	21.73707	14.72201	8.463518
23.97027	18.0849	3.157226	22.2019	22.14779
23.97027	14.4834	3.863672	22.33232	23.38594
24.00176	18.97877	21.94903	5.382413
23.94819	19.00516	21.69545	11.56383	7.282543
24.27827	18.84142	22.89922	21.58706
22.25265	5.640953	23.89628	19.86705	22.91551	13.56178
16.72579	22.25249	1.700025
18.48329	21.11488	6.19581
16.86456	22.39044	14.09878	15.19822
9.812435	22.20113
21.69488	18.80854	21.82677	18.5673
22.11499	18.51632
21.89526	15.19402	20.97754
22.94804	18.26525	22.13916
22.26727	18.37227	12.85816
21.68629	18.94695
22.19518	14.7151	14.451
21.88989	21.67115	17.75448	10.98921
22.63718	17.16012	7.37518	12.15187	0.3882734	5.138804
23.94179	15.30075	22.42174	6.038302
24.03249	17.61577	21.75454	5.271832	23.98188
24.09096	17.93231	22.3156	7.703735
23.94972	16.2396	20.90556
23.94972	17.8365	21.14156
23.94972	17.99519	9.499312
23.94972	19.00952	21.70361	14.61063
23.9454	17.90759	3.904665	21.73606	0.9481313	2.267018
24.05952	18.40478	22.0611	9.130374	9.470992	8.105732	12.52579
24.05952	16.70597	21.71056	16.0892
23.97566	9.230532	21.10591
24.01871	21.20953	16.2748	5.219684	0.3643878	9.234279	8.312193
23.83264	21.54244	19.20496	17.4331
22.15502	15.83579	22.06571
22.38378	18.31249	7.484448	16.11066	21.34994
18.8969	22.14987	18.03782	15.69058
15.51007	24.09302	22.43175
18.12354	24.0213	20.82979	16.84044	13.77457	15.75156	13.84972
24.0213	23.38679	22.23597	17.3093	18.27218
24.0213	21.74543	18.33443	7.377447	10.68991	5.010668
23.95074	22.34582	18.33443	3.239373	13.28186	21.71469
24.04383	17.31588	20.79268	4.342983	16.97486
23.96874	18.25255	22.02917
24.03462	18.28216	15.09432	22.24034
23.9562	18.06025	9.634397	21.76058
23.94948	15.80353	21.69915	22.80852
24.02415	18.08116	21.39761	17.75923	0.5634947	11.39969
24.02415	15.73112	22.06841	3.167631	14.78317	14.05056
23.94951	20.92533
23.97725	21.38956	11.73021	7.564736	7.608045	7.569545
24.07589	22.12336
24.04918	22.11015
24.17806	20.81646	13.74708	13.23269	13.44987
23.96937	21.06906	7.097374
24.15004	21.7234	18.43343	9.314857	3.195409	3.149832
24.10246	21.25516	17.58986
24.02832	14.73079	22.12732	4.604845	1.459482
23.97841	17.20932	21.65312	11.41709	3.951542
23.9738	10.60344	20.84753
23.9738	15.72812	21.24509	15.06523	1.66543	23.25228
23.9122	18.04027	22.23841
23.98796	17.03289	21.61332	2.256752	13.08113
23.98796	17.2707	22.38695	5.62796	12.48282	13.05584	0.2450262	11.97272
23.98048	15.35624	21.8557	1.237692	8.293053
23.94022	18.73837	21.89342	9.74925
23.94022	21.69577	14.02733	5.204672
23.94022	21.88496	19.29147
23.94022	22.31824	17.09163	15.75594	4.107025	22.14058
24.11187	21.7918	18.18438
23.95187	19.35321	21.01041
24.02505	19.28662	22.01051	10.1455
24.04147	17.74391	21.37302	16.0472
24.02471	18.26999	3.564733	20.92375
24.02362	19.03329	21.29264	7.655442	9.145455	16.69552	22.01399
24.07426	20.85109	13.45322	12.04566
24.00831	12.39426	21.72742
24.00831	18.54086	21.12892
23.9723	18.9622	21.37534
23.9723	21.79149
23.9723	22.41322
23.94211	21.41493	23.63538
23.96983	18.83362	22.36023	12.83425
23.96543	22.67866	7.629103
23.99048	20.67151	7.5441	21.6909
23.94129	21.69541	23.72236
23.95082	21.51701	17.88126	3.211794	5.145084
23.994	19.19868	21.21972
24.22635	17.68505	21.71514	10.28953
23.95326	18.33609	21.71514	4.152929	2.215208	13.32756
23.95326	18.33161	21.06849
23.95326	18.83344	22.07462
23.95326	17.49945	23.28139	21.35736	22.11515
23.95326	17.19065	8.219119	22.57334
23.95326	17.90223	21.61347	10.06451
22.37657	17.8503	22.25007	15.90086
22.28384	18.60117	2.247217
19.37922	24.31598	5.8668	21.76251
23.96666	22.27403	19.2773	3.777377
23.96666	21.86271	18.42734	23.40517
23.96666	21.44119	17.03306	6.303587	9.03807	22.69163	25.01549
23.96666	0.3171737	20.84478
23.97506	2.772435	21.71856
24.34722	21.74771
22.06579	24.25118
24.01284	22.2353	23.49572	22.48964
23.9543	22.01453	20.94477
23.9543	22.18928	12.83472
23.9543	21.90755	17.97285	2.316514	12.38719
23.9543	21.81436	15.32514	5.797723
24.00492	21.68471	16.90477	5.191213	23.342	21.32141
23.93303	22.27522	18.88265	7.457981	0.8954169
23.95504	19.11166	16.25522	20.84074
23.95504	18.41218	22.03423	8.022777	10.77642	17.75808
23.95504	18.50383	21.64984	9.802001	11.45685	6.42609
23.95504	18.36795	21.69889
23.95504	18.3741	21.41996	2.109459	17.1958
21.87019	17.29353	23.99538
22.23846	17.84225	5.095395	16.1973	1.958112
22.4368	15.50223	4.473813
21.15451	15.45417	1.344565	23.96342
20.21747	23.97314	21.86991	14.15481
17.98177	24.06036	21.85506
17.23445	24.06036	21.65407	10.10209	12.79453
16.41092	24.12073	22.24664	0.6989841
18.61843	23.94548	20.83132	16.85131	13.2513	17.78247
24.03454	21.42743	17.29786
22.28289
23.76555	22.23909
22.21043	16.60187	0.6616445
22.33195	18.85429	18.77195	7.747683	6.131157
22.24359	18.21248
21.61161	4.203242
22.19763	10.70388	24.00557
21.6447	23.94922	15.28837	10.61705	2.713333
24.05393	17.17469	22.22355	3.532296
24.23508	21.9506	17.61576	10.98527	3.037974
24.05988	21.501	18.08501
23.94251	21.70324	16.75086	0.5516071
24.10149	22.22834	17.16087	7.621995	15.35338	8.909564	7.408914
24.08115	18.12531	22.04152	13.68501
24.05407	17.10221	21.49908	6.782161	16.47221
24.03023	6.76502	21.05828
24.03023	20.55864	19.64304
24.07962	22.0566	18.33389	6.108238	6.690945	18.32054	2.454984	3.727896	0.008908121
24.04643	20.98073	16.31196	22.83719
23.9886	22.03088	14.74932	2.940044
23.9886	20.97874	18.75049	13.18659
23.94782	21.03296	16.0186	23.09269
23.95264	21.0331	18.75468	16.93191	0.8192438
24.06562	17.67688	22.0597	21.43977
23.981	18.12838	21.64601	3.304567
24.06185	16.30161	20.80923
24.10015	18.22443	20.78552	23.90844	22.9814
24.06267	18.21727	21.08404	2.885787	1.111316	0.5108481
24.19547	18.28255	21.71176	4.962339	23.54499
24.09679	18.1679	21.69914	5.453566	13.52167
23.99906	15.72557	21.86627
23.94932	14.76145	22.14171	14.04204	9.53789
15.42163	22.00341	14.7559	23.87623	4.482511
22.03514	16.45494	7.340248
21.71142	6.312992	24.28555	19.25533	18.85167
21.69068	23.9507	17.34129	4.640744
23.9507	17.16847	21.74917	5.104501	16.86002	15.8981
24.14227	15.67013	21.20949	7.904544
18.38546	21.63078	24.04002	4.709388
24.33943	21.96879	15.78522
24.09691	21.08236	6.599231	7.493877	2.534649
24.05838	22.05827	17.48647
23.98812	22.16359	17.75431	1.399473
23.97996	21.23674	19.29632
23.97996	17.5928	21.6353	7.062442	23.11523
24.18839	18.46359	22.05937	3.587299
24.1203	18.43134	21.7186	5.424515
24.1741	17.84066	22.07489	5.108399
23.95652	18.93926	22.05998	15.86774
23.95652	19.5246	21.6445	10.77646
24.00875	19.256	21.71365	21.30884	17.04318	22.45633	1.865305
24.00875	18.28229	6.657921	0.431848
23.10597	18.10899	22.23066	6.599837	0.7962766
13.14618	22.20633	24.01761
21.81965	24.24126	8.071031	22.652
22.15193	24.14784	13.13228	10.92964
22.05438	3.792753	9.187798	8.961801
22.22703	9.222551	6.365267	7.157635
10.07497	22.23096	8.903611
17.8664	22.24133	11.39612	5.467475	9.884423
18.65733	22.19951
18.09089	22.10007	6.670152
17.10872	22.23049	15.26892	5.431498
22.00019	9.95282	5.696011
22.59819	18.35822	15.73561	22.24795
18.94782	22.07215	14.34032	2.882981	24.95364
19.00805	23.84721	21.33685	2.652378
7.876233	22.0663
22.26713
22.46918	18.15159	5.203534	15.1521	14.11147
22.38217	21.4789	14.97436	10.43301
24.19871	19.08269	22.1615	7.07646
23.94193	18.43667	21.69049	9.569627	12.92875	2.716015	9.346394
23.94193	18.27264	21.78257	15.74473	4.224772	23.85815
23.94193	18.47146	21.70622	6.793168	7.721689
24.02231	16.96975	0.4373365	21.38876	5.862541
24.15659	19.39579	21.81005	10.57444	14.06695
24.26357	22.05418	16.60796	9.042847
24.09167	22.2022	9.534615	23.43156	19.88769	16.68289	19.34435	18.23209	4.885032
24.19597	21.00739	16.18829
24.23887	22.03419	18.51211	0.5590567
23.98243	22.33229	17.3124	16.16883
24.12063	21.72878	15.06905	4.20051	13.93245
23.97035	18.5039	20.84978	2.377159
24.0931	18.82165	22.09764	5.803708	22.46015
24.02798	17.4609	21.97902	12.46298	8.387001
24.06615	19.09541	20.91274	5.337762	16.96975
24.00249	18.47267	21.38351	23.48306
24.08898	16.16618	22.15355	11.16263	21.11545	8.033829
23.92141	12.05844	22.25755	8.107375
24.02272	15.61022	20.9847	21.94118	12.47439
24.09144	18.35624	21.76918	6.426818
24.02228	18.257	21.8635
24.04233	18.48209	21.21798	11.43837	24.00816
24.00782	21.69549
24.00782	22.59327	17.19088	21.58352	12.96553	1.874056	7.073698	4.338419
24.00782	14.4529	21.70924
23.99234	21.7468	17.28204	6.027216	23.95516
23.99234	18.40445	21.06956	17.8919
23.97099	22.39642
24.11186	21.33649
21.74527	24.00996
21.55617	11.8745	1.035125
21.69913	10.789	24.07467
22.34969	5.981727	24.04667	22.81235	2.351324
23.94962	0.2151816	21.25434	22.64551
23.97365	22.17505	11.40064
24.03036	21.7212	15.45354	1.606656
24.00178	20.78689	15.86586	4.018183
23.95722	21.2335	9.470649
23.95722	22.55825	10.91634	7.790982
24.39652	21.17986	16.8102
23.96419	22.29073
23.95128	14.95097	21.69493	8.644756	10.45551
23.95551	21.64428	14.77093	23.77274
24.00289	21.6882	18.99686	14.3588
23.9773	21.6882	17.86117	9.583466
23.9773	21.6882	18.33967	12.90364
23.94508	21.80502	17.11573	13.86977
23.94275	18.40863	21.79216	1.356992
23.94275	18.02643	21.72386
23.99353	18.00312	21.12363	8.545327
24.21709	14.16059	21.7083
23.32696	18.44789	22.21144	2.472114
18.17789	22.52732	16.38371	4.460569	5.569851
19.06078	22.00674	2.568289
17.95906	22.21049	5.72237	15.72465
14.29648	23.89926	21.60417
17.20382	24.16992	21.32029	3.473274	5.884656
18.03749	23.97266	22.54712	0.7968317	9.601575
12.57786	24.00987	8.055454	22.09582	17.53323	13.60651
24.01359	21.69029	7.105587
22.23533	16.9027	11.031
22.26644	18.46438	17.58255	9.704881	0.007486033	6.025239	15.66661
