SurvivalProbabilities
0.2284442	0.2341011	0.2024532
0.3012587	0.2223833	0.2151295
0.3280091
0.225115	0.2433041
0.2885067	0.2555726
0.2900323	0.3451462

0.230876	0.2078953
0.2827561	0.2916187
0.2158158
0.2335199	0.1815881	0.2744249	0.2374277


0.2648662
0.260387	0.274624
0.223672	0.34056

0.2779299
0.2734859
0.256969	0.2605282

0.2004035	0.2737728
0.2206843	0.2371329	0.3438709
0.215229

0.2300799
0.2269101
0.2290978

0.3322294
0.2625991	0.1989743	0.2923163
0.2456299
0.2267619
0.2767942	0.2571938
0.2621758	0.2642715

0.2670226
0.230874
0.1958392	0.2761909
0.2317221
0.2944319	0.2569753
0.2193765	0.3410593	0.2575998	0.2389562
0.2022559	0.252511	0.2931264	0.2369195	0.2882954
0.2041287
0.2678838
0.3258729
0.2381425	0.2481709	0.2744244
0.2132019	0.2397091
0.1603639
0.2387431	0.241152	0.2579311
0.2039351
0.2425697	0.2807977
0.2428833	0.2191619
0.2381684	0.2447771
0.2959628	0.2407419
0.2342928	0.2751613
0.1896427	0.2730604	0.2199087
0.2699621	0.243453	0.250002	0.2796932
0.2262625	0.2745494
0.2414226
0.2707495
0.2959103
0.227556
0.203025
0.2065752
0.2385366	0.266052	0.1881237	0.3098702
0.2002914	0.195197	0.2212194	0.2618453	0.2841835
0.251732	0.23408
0.2293855	0.2202162	0.1938811
0.2487357	0.2350532	0.2349571	0.230164
0.2314936	0.2756786	0.2835725
0.2622125	0.1924603
0.2071162
0.2067765
0.3059461	0.287604
0.318998
0.2109542	0.2479809
0.2453855
0.2284268
0.2737908	0.2806846	0.3001433
0.2211261	0.2110168	0.2643205
0.1723696	0.2648314	0.2960423
0.2585426
0.2919853	0.1773319
0.2052753	0.2279084
0.2786973
0.2767926	0.2032311
0.2838026	0.2605243
0.1886746	0.2732125


0.2632655
0.3077238	0.2889614
0.3069752

0.265135	0.228389
0.244625
0.2093967

0.2526542	0.3104011
0.1836989	0.308275
0.201005
0.2641518	0.1642
0.2818617	0.272976
0.2258517	0.2774472
0.2817005	0.2500942
0.1849544	0.240153
0.223501
0.2845653	0.2322929	0.2475902
0.1993506	0.2155103	0.2771852	0.23727	0.2844003
0.2464774	0.2552515	0.2460277	0.266821
0.2761537	0.245419
0.2640124	0.2475729	0.2026053	0.3318829
0.2450067	0.2487645	0.2427028	0.2451332
0.3548186	0.3177398	0.2459493
0.2512496	0.2019261	0.2309114
0.2376449	0.2319681	0.2195139
0.2081302	0.2535689	0.2476458	0.2731524
0.1681648	0.2140348	0.2646164
0.2600863	0.3565126	0.3032114	0.266838	0.2812812
0.2665141	0.1864299	0.2586723
0.217276	0.2853472	0.1979405	0.2906989
0.2401593	0.275733
0.199572	0.2394847
0.2438647	0.1909791
0.3047173	0.280764	0.2626317
0.324205	0.2364362
0.2586506	0.2183768	0.2103188	0.237395
0.2660003
0.2597712
0.2625026	0.2506798	0.3071249	0.3186362
0.2283855	0.1568623
0.2595453	0.3015218
0.2936883
0.2238793
0.244467
0.22498	0.2060648
0.2795373	0.2495176
0.3761071
0.2532194
0.2457635
0.2212043	0.3147148	0.225141
0.2476032
0.2914899
0.2536267	0.2649204	0.258234
0.2161919	0.2029277
0.3107869	0.2248088
0.2418048	0.2282632	0.1910555
0.2699292	0.2733129	0.211378
0.2186729	0.2650286	0.2600386
0.2379392	0.1916483
0.2519386
0.2419178

0.2917098	0.227193	0.2650735
0.2079627	0.2648886

0.3004629	0.2336573

0.241852

0.2239524
0.2786138	0.2929232

0.2889777	0.1775542
0.2347536	0.250305
0.2781633
0.2125392
0.2454157
0.2202396	0.3045522	0.1871911	0.2361341
0.1885659	0.2456354
0.2399456	0.2109352
0.2268298	0.1884011	0.2552484	0.2456451
0.1904589	0.246878
0.274394	0.2988113
0.3351775	0.190449	0.2408433
0.2090917
0.2179777	0.2704977
0.1487736
0.2465906
0.2432478	0.2471722
0.2606787	0.2239414	0.3463313
0.269795	0.2822857
0.2476704
0.2688406	0.2656781
0.2048464	0.2572428
0.2557147
0.2029689	0.2498849


0.2497568
0.2892125	0.183413	0.2716005
0.2360067	0.2038161
0.1924746
0.2564985	0.2697758	0.1997147
0.2295928	0.3028158	0.2392959	0.2938557
0.2415555	0.2063273	0.2209754
0.2321596	0.1885662	0.2792542
0.2642512	0.235156	0.2454815
0.1524545	0.1914375
0.2142255
0.2901653	0.2368481
0.3216122
0.3111651	0.2476573
0.2322715	0.2538695
0.2367327	0.2643032
0.3015254	0.3036599
0.2544291
0.3046388
0.2756491
0.2298892	0.2771785
0.2494557	0.2862633
0.2552892
0.2091152
0.2675157	0.2973783
0.2703297	0.2552151
0.25472	0.2923271	0.3096142
0.2180648	0.246473	0.2305201
0.2397675	0.2589411	0.2779463
0.269318	0.3214128
0.2089291
0.2707725	0.2819326
0.2689523
0.1921327	0.2486595	0.2028441
0.2212381	0.3120801
0.2084217

0.2604689
0.2029204	0.2674414	0.2692304
0.2398663	0.2363655	0.2700451
0.2274428
0.1904771	0.2711072
0.2895052	0.2388229	0.2694186
0.1850747

0.2216073
0.3199486
0.1876067	0.2471966
0.2662831
0.2435485
0.3221142	0.2270018
0.2807329	0.2146419
0.2279583
0.2568507	0.2411665	0.2358705
0.1970402
0.2583119	0.2181428
0.2349651	0.2411931	0.2574115
0.2494538
0.2753288
0.2770627
0.2704181

0.2055696
0.2588062
0.2808591
0.1950851

0.2199676
0.275111	0.3151849
0.3173645	0.2711502	0.2784386
0.2879367	0.2584074
0.2511033	0.3440741
0.3134104	0.2190055
0.2583666	0.2012149	0.2175891
0.2823184
0.2328547
0.2677987	0.1926075
0.2671642	0.2130724	0.2530739	0.1690898
0.2658084	0.2705799	0.1827015
0.2588499	0.2570191	0.2295046
0.2109987	0.2699659	0.3225495	0.2461887	0.20607
0.2044472	0.1890359	0.268906
0.2600999	0.2607643

0.2776493	0.2649187	0.2801565
0.3717945	0.2907004
0.2595668
0.1894815
0.2671204	0.2317862
0.2440163
0.2443098
0.2643789	0.1998851	0.245619
0.1719767	0.2034943	0.2251493
0.2193401	0.2202843	0.2358275
0.2764238	0.2907055	0.2287561
0.2859157	0.2685789	0.29308
0.1589701	0.2486878
0.1990095	0.2213913	0.212315	0.2286301
0.2255725	0.2470201	0.2700119
0.2310479	0.2183045	0.2294118	0.2828607
0.2116666	0.2280715	0.3069705
0.2879199
0.234247	0.2652731	0.258961
0.2560237	0.223444	0.1378234	0.273297
0.2418387	0.2574984	0.2175613
0.252495	0.240317	0.3246439	0.279442
0.2442177	0.2678148	0.3161255	0.2200371	0.2613569
0.2376499
0.241699
0.2227824
0.1806676
0.2344919	0.1789171	0.242802
0.2522558
0.2998951
0.2613541
0.2237496	0.2017204	0.2307814
0.2457257
0.2794957
0.2814476	0.299289	0.248836	0.2614468
0.2808328	0.3023202
0.2111489
0.1889567
0.3071762	0.2183543
0.2558864	0.2118094	0.2173136
0.2431898	0.3335434	0.2005492	0.2912461
0.3059865	0.2328297	0.2222943
0.2495699
0.2234395
0.2894165
0.223245
0.2994421	0.3338492	0.2735382

0.2192722	0.247365
0.2653661
0.2283648
0.2621933
0.1945366
0.274571	0.2686496	0.2326351	0.177777
0.2279692
0.3035133
0.2083393
0.2410897
0.2206751
0.2653669	0.289632
0.2872828
0.2727608
0.2489137
0.2686498

0.284937	0.1971344
0.3022183	0.2250778
0.2218247
0.228795

0.2332007	0.2487475	0.280185
0.3270508
0.2889864	0.2179434
0.2076109	0.2479442
0.2189615	0.2450743
0.2617924
0.3036831	0.2893782	0.2512618
0.2600518	0.2636102
0.2912147	0.2749968
0.2680244	0.2442761	0.2014793
0.2561871	0.223604
0.189265
0.2344059	0.2574102
0.2749242
0.2115911	0.2761486	0.2327754	0.2783013	0.3087913
0.2083404	0.2497655	0.2516546	0.2887313
0.2687896	0.2593335	0.2242233
0.220162	0.2833227
0.2903419	0.1798234
0.2070069
0.3026021	0.246281
0.2772176	0.2379211	0.2160338	0.3333827
0.1879306	0.2045419	0.333979	0.2748211
0.2281316	0.1830319	0.2533693	0.2768226
0.2436917	0.2213254
0.2893564	0.2657454	0.1919748	0.2735083
0.2449173	0.3242187	0.2356131	0.2710816
0.2366452	0.2272858	0.2996217
0.1841359	0.1807886
0.241405
0.2452393
0.2316241
0.2609694
0.2228689
0.263574
0.2991247	0.2387423	0.2376676	0.2757978	0.2751367
0.2361995	0.1969737	0.2570219
0.3044824	0.1876718	0.2191152
0.2172961
0.2264035
0.2308399	0.2356114	0.2594074
0.3186032	0.3084329
0.24577	0.2397356
0.2737186
0.204134	0.2224624
0.2839315	0.2186071
0.2129732	0.1859878	0.2733873


0.2950102

0.2531741
0.2182857
0.2408432
0.2500601	0.1775644


0.2826565
0.2359505	0.2743647
0.2629751	0.242216	0.2408298	0.2456164

0.2037947	0.2716897
0.259579	0.2092356
0.2491881	0.262228
0.2727287
0.2525076
0.2309618	0.267274
0.2175603	0.2286803

0.3452135
0.363108	0.2689404
0.2519731

0.2274941	0.2301552
0.2463508	0.2718939
0.1893659	0.2211914	0.2518626
0.2619722

0.2213341	0.2479999
0.3073315

0.2203351


0.2122462	0.2598404
0.235323	0.2370893
0.2608165	0.2299418
0.2424933
0.2808147	0.2341805
0.2344109	0.271726
0.2460446
0.2917151
0.2046049	0.2362503	0.2485565
0.194095
0.2536097

0.215984
0.3022259
0.2539792	0.2607419
0.2425843
0.2479288	0.270699
0.2112724
0.2148407
0.2203025
0.2403221	0.3052022
0.2588436
0.1949075	0.2890131
0.2589833
0.2511677	0.2794162
0.2459291


0.2499933	0.1899813
0.280834
0.2804439	0.3372675
0.210624
0.2474463
0.2882141	0.2442099	0.3199939
0.2290433	0.2615767
0.2557597
0.2563559	0.2713756	0.2527655
0.2422439	0.2772409
0.2689243	0.2145059
0.2297596	0.2176539
0.2498138
0.1880572

0.2221438	0.2880084
0.2904811	0.2593753
0.1930539
0.2999078	0.274546	0.2352963	0.2432757
0.2480222
0.1951835	0.2416342
0.2358998	0.2043481	0.2329178
0.2263322	0.3241144	0.2761828	0.2028732
0.1824778	0.3165676	0.3336515

0.2208238

0.2741009	0.2730821
0.2079115	0.2213244
0.2465538
0.1565465
0.269547	0.2791346
0.2749385

0.1919719	0.2644025	0.2306002
0.2934144	0.2264764	0.2554191
0.1550111	0.2422483
0.2981375

0.3085743	0.2243441
0.2546473	0.2776666
0.2506604
0.236355	0.2438183
0.3358867
0.2025837	0.2565382
0.2529605
0.2523262
0.2295907
0.2520095	0.2525565
0.2817226	0.2516033
0.3041602

0.2140905	0.2491081
0.1967119
0.2556814	0.2762852
0.2168722
0.1673454
0.3275188
0.2423135	0.2870057
0.2259791	0.1862903	0.2966525	0.2501075
0.2289206	0.2735167	0.2580493	0.2678549
0.3202705	0.2016434	0.2460734
0.2278188	0.2102099	0.2865545
0.1980618	0.2683252	0.2791072
0.2006826	0.3044199
0.3054355	0.2990021
0.2545053	0.2445572
0.2236638	0.2160919	0.2768144	0.2583771
0.1727783
0.2578456
0.2950177	0.1976369
0.1504173	0.2921091	0.2677924
0.2149536	0.2493606	0.2277917
0.2923085	0.2362114
0.2532525
0.2205672
0.1814148
0.2117231
0.2088712
0.2552138	0.2128375
0.2441567	0.2927509
0.2878044

0.2174064
0.2498434	0.1768848
0.2693327	0.2488586	0.2146511
0.2491448
0.2173278
0.2274548	0.2182693	0.2548558
0.2442299	0.1727992	0.2175743	0.2469042
0.2463716	0.2811274	0.2237638	0.2094972
0.3128503

0.224937
0.2325186
0.1701233	0.3207916
0.2176765	0.2607555	0.2051342	0.2065439
0.2229468	0.3086762
0.2557206
0.2407928
0.235666
0.1779662
0.2318884	0.2927052
0.2755749	0.2526711
0.3004609	0.2441529	0.2191485	0.268947	0.2885124
0.2264558	0.2431651	0.2644401	0.2391722
0.2014507
0.2422027
0.2318628
0.2348034	0.2750873
0.2929624	0.2511491

0.2630529
0.2664356
0.299444	0.2745741
0.2833582	0.294082	0.21785
0.274105	0.2132934
0.2087063	0.281897	0.2621314
0.2810849	0.3181228
0.270321


0.2537852	0.2158183
0.2606246

0.3013962	0.2312704	0.2944452
0.2638013
0.223367	0.2802049
0.2860552
0.2227799	0.2863268
0.2663869	0.2081462

0.2846323
0.2364998	0.1700812
0.2959834	0.2533495
0.2848699
0.283281	0.2423834
0.2608092	0.2252553
0.254721	0.2764758	0.2806938
0.233032
0.1910526	0.2809248
0.2722743
0.2860518
0.222426
0.2909833	0.2044229
0.2862361	0.2591607	0.3541829

0.2386482	0.3091145	0.2506342	0.2301756
0.258855
0.2092537	0.3127987	0.2937694	0.2361192
0.1876432	0.281573	0.1938334
0.2333301
0.302224	0.2238882	0.3252101	0.2161417
0.2198496	0.2498009
0.2049224	0.2280697	0.2266698
0.2204736
0.2086141

0.2575409	0.2960788
0.2714792	0.3212048

0.2553931	0.2560746
0.2028161
0.214427	0.2676926
0.2331488	0.2723193
0.2339928
0.2075066	0.1882494
0.2619928	0.2266534	0.2645949
0.2711223
0.2052774
0.2105656	0.2437442
0.3242928	0.2660088
0.1628212
0.2247135	0.2190173



0.2326525
0.2474597
0.2458354

0.2149653
0.2202675	0.3203006	0.2963861	0.2786414
0.3100158	0.2650144	0.2748328
0.2830619	0.2807281
0.2295486
0.2638398
0.2040861
0.266088	0.2790989
0.23186
0.3248601	0.260521	0.209823	0.248178
0.229535	0.2490788
0.2403099	0.2945256	0.1998418
0.2385114	0.3045218	0.1851124
0.2988251	0.2535063	0.295148
0.2876944	0.2137	0.2308675
0.2235388	0.2377561	0.2030517
0.2176117	0.2465391	0.1880668	0.1912855
0.2661994	0.3181827	0.2429906
0.2401402	0.2303885
0.2130783	0.218221
0.2471874	0.3216929	0.2669235
0.2376788
0.2099638	0.2784596
0.2503794
0.290296	0.2947936
0.2506207	0.2098225
0.2697793	0.2679798	0.2124502	0.2849398
0.2597869
0.2554246	0.2630966	0.2140231	0.2387931

0.2328479
0.2586728	0.2382978	0.2344607
0.2313737	0.2187658
0.2241063	0.3137357	0.2035839
0.2403615	0.2143119
0.2689589	0.2755146	0.2889211
0.2035989	0.2637229
0.2550843	0.3191146

0.3077172	0.3070768	0.3282652
0.264782	0.2989467
0.2624324
0.3080003	0.2793164
0.2642064	0.3103342
0.2610986	0.2196818
0.2224394	0.2245692
0.225594	0.2002376
0.1989223
0.2627379

0.1819871
0.284876
0.2646289	0.2105068
0.2311489	0.2536647
0.2532644	0.2215928
0.2538692
0.2641085	0.2432402
0.2198262	0.1861601	0.219521
0.305693
0.2035667	0.2662528	0.2914076
0.2061394
0.2423545	0.2473922	0.2568628

0.2486286	0.2646912

0.266786	0.2495385
0.2378758
0.2330861
0.2533788

0.2418779	0.2190151
0.2402586
0.2627995
0.2824518


0.3314374	0.2773864	0.2141962
0.2928367	0.2365267	0.2296098
0.2624066
0.2126844
0.2235975
0.2358814
0.2532006
0.2727211
0.2912714	0.2375894
0.2572403	0.2576507
0.1528275	0.2633207
0.2820973	0.3424857	0.2438697
0.2021569	0.2336139	0.2401687
0.1977775	0.27103	0.2593964
0.2452956	0.2745652	0.2549674	0.2644545
0.2771457	0.2522945	0.2462365
0.3283688	0.2433561
0.1605949	0.2514229	0.2738653
0.1862303	0.2309965	0.2664535
0.2345438	0.289364	0.2785825	0.3065441
0.2393674	0.2169002

0.2920411

0.2002588	0.2552327
0.2676706	0.3152967
0.2476179	0.2528645
0.2693325	0.291933
0.3089027
0.291547
0.2799913	0.2809885	0.2451725
0.2914606	0.1980902	0.1759482
0.2082624
0.2886056
0.285596
0.2705057	0.2355335	0.269447
0.2612541	0.1842263
0.2382273	0.2713069	0.2310506	0.2488033	0.3139448
0.3478902	0.2497537

0.2271973	0.277461
0.2096029
0.3352264	0.2860265	0.3397453
0.21075
0.2556759

0.2193071	0.3110279
0.2031503
0.2339402	0.2390151
0.2564885
0.2815664
0.2391296	0.2636156
0.2279706
0.2733187
0.2973699	0.3193095	0.3079003
0.2402998
0.1302002	0.3050386

0.3009817
0.2615232
0.2900004
0.2402628	0.1847558


0.1842394	0.2542964
0.2251128	0.3055433	0.2760892
0.3153826	0.1891538	0.2218281
0.251337	0.2513664	0.2570581
0.1764912
0.2101343
0.2463797
0.236203	0.2890097	0.264267
0.2392152	0.2599104
0.2619809	0.2753322

0.3001604
0.1909167	0.2232507
0.2848207	0.2446335

0.2811192
0.182815	0.2642684
0.2476404
0.2798249	0.2167676	0.2158752
0.1889805
0.2856027	0.3012284	0.2180258
0.2374989	0.2552487
0.2349556	0.3118703	0.2648794
0.3164631	0.1819191
0.2931099
0.2620037

0.2458234
0.2259013	0.294906
0.3144249
0.2003866	0.1646343
0.2417826	0.2454139	0.2183517	0.1915867
0.2153343
0.2376563
0.2475987	0.2482896	0.2995455	0.2286275
0.2352018	0.2432711	0.2591567
0.2835986	0.2440371
0.2771269	0.2718897	0.2627304

0.2686067
0.2416235	0.2467872
0.2353004
0.2744847	0.2060189
0.2156373
0.2157309	0.2812931
0.268093
0.1984677	0.285466
0.2935683
0.2290198	0.213878	0.2175981
0.2628587
0.2279144	0.2494995	0.2781224


0.3077905	0.2411648	0.2540012
0.2173837
0.2451191	0.2460115
0.3152948	0.2304026
0.2494527
0.1999918
0.2445284	0.2001213
0.3158035
0.2607951
0.2121774
0.2322946	0.2121679
0.2438748	0.3191169	0.2132695
0.294901	0.2101226	0.2473606
0.2572941	0.2349989
0.2460185	0.3135451	0.2631348	0.2330964	0.2723789
0.2379835	0.2359324	0.2536341
0.2875445	0.3402151	0.2548656
0.2233821

0.301187	0.208791
0.255155	0.3114896
0.2834336	0.1954318
0.2643709
0.2167318	0.2450142	0.2154369
0.2554641
0.2235879	0.2431831
0.2825903	0.2242259
0.2543593	0.2817914
0.2291351	0.2482847
0.2401327
0.2232964	0.2145822	0.2363972
0.2766407	0.16574
0.1848566	0.212244
0.2082501
0.2906602	0.2219596	0.2547741

0.2099131	0.2884609
0.250235
0.3360129	0.2407937
0.2756882
0.2687091
0.2417499
0.2507811
0.3158546
0.297171	0.2241273	0.1880322
0.3433867	0.2092344	0.3509291	0.2882034
0.2542102	0.2488155	0.3188411
0.201997	0.2721762	0.2234612
0.2543296	0.2590721
0.2078748	0.3029761
0.2775312	0.2132082	0.2849128
0.3229119	0.2194674	0.2686709
0.2927134	0.2389125
0.2391044	0.2459693	0.2762253
0.3270909
0.235805
0.2819405	0.2255284
0.2722361

0.250286	0.286012	0.3187275
0.2346196	0.1913308
0.2835847	0.2676396
0.3441968	0.1597965	0.2244988
0.2888083	0.3426898	0.2500944
0.2259447	0.2399614	0.2618188	0.2061878
0.2874816	0.2144791	0.3022849
0.2008937
0.2264346
0.2598433	0.1814816	0.1842822
0.2847286
0.2662023	0.2283707
0.266573	0.263779
0.2198052
0.2750322	0.3017084	0.1819736
0.2537813	0.2831514
0.2686262	0.2830463	0.2472514	0.233843

0.2685312	0.2303629
0.2454601
0.2673575	0.27352
0.2396151	0.2759829
0.3063453
0.2258794
0.2709459
0.2234948
0.2247831	0.2075864
0.2302744
0.2295933
0.2959863
0.1991481	0.2778425
0.2305157	0.2179307
0.2264691
0.2203435
0.3108538	0.2866876
0.2473106

0.2303758
0.2848297	0.1837869	0.2597222
0.2676015	0.286547

0.1899075	0.2328811
0.1941669	0.2415831
0.1984912	0.2281428
0.2301273
0.238298
0.3072799
0.2377132
0.2090272	0.2557577
0.3223023	0.2813307
0.2447198	0.2671092	0.268085
0.2048181	0.2386726
0.2554477	0.2531036
0.2656163	0.2369125
0.2390871
0.2323047	0.2723627
0.2131523	0.2561097	0.2304935
0.3134483
0.3233576
0.2079515	0.2567597
0.2567364	0.229112	0.277615
0.3106902
0.2097522

0.2729247	0.2908792

0.2736957	0.2511478
0.2865549
0.2808981

0.2604309	0.278747
0.3045426	0.218479
0.2731188	0.2782944
0.2418865	0.2753922	0.2666545

0.3120592	0.3187646
0.2567024	0.2863815
0.265947	0.2792634
0.2466915	0.2425492	0.2997992
0.2985156	0.2681348
0.1950344
0.2224595	0.2407245	0.2711465
0.2126364	0.2471694	0.235216
0.2422921	0.2205263	0.2819845
0.2294476	0.2193313	0.2695056	0.2240643
0.2274021	0.2128768	0.2530338
0.2326459	0.3041995	0.2310477
0.2361403
0.247348
0.2303258	0.2614354
0.2219685


0.2239317
0.2655505	0.217822
0.2020018
0.2860628
0.2680168
0.2232165
0.2336534	0.2517596
0.2608533	0.1811079	0.2314715

0.2274043


0.2453634	0.2604829

0.1927239
0.2395993
0.2329694	0.2480657	0.168874
0.2766865	0.2540179	0.2969564
0.2846035	0.2441477
0.3116682
0.218404
0.3312709	0.314396
0.2995442	0.2261062

0.2450598
0.2691574	0.2508001
0.172217
0.2311853	0.2539841
0.2340641	0.2770091
0.2786006
0.2651493	0.3092412
0.282013
0.2100089	0.2822701	0.2123122
0.2095176	0.2619013	0.1982162
0.2522476	0.2791299
0.1955309	0.2492567	0.2318956
0.2438439
0.2378264
0.223109	0.2216808
0.243172	0.267307
0.2013706	0.2088936	0.2665496
0.2611061	0.2402535
0.1971174	0.2150705	0.2598404	0.2564391
0.2567097	0.2573941	0.2439555
0.1826367	0.2248074
0.2547328	0.1646673
0.3118171	0.23825
0.2434402	0.2233204
0.247474	0.2648615

0.2931765	0.2657118	0.2745836
0.2626087	0.1779005
0.2828642
0.2634204
0.2109425	0.1761632	0.2251149
0.2529484	0.2623933

0.2241395	0.1966601
0.2459434	0.2485656	0.3517965
0.3115664	0.3017619	0.2062136

0.2613865

0.2552037	0.295091
0.2659374	0.3249203	0.246229
0.2099092
0.2778969
0.2414203
0.3129347
0.2574342

0.3163263
0.2649149

0.270596
0.3166182
0.2277058	0.2459758
0.2712059
0.2468967	0.2130195	0.2507414
0.2691843	0.2323415

0.2297193	0.2470325	0.2668913
0.2849323	0.162863	0.2188066
0.2821444
0.2073909
0.2779787
0.1875481	0.2898147
0.2336422
0.2228202
0.2680809
0.2381122
0.242592
0.1755578
0.2285355
0.2498691	0.2954741
0.191938
0.1784058	0.2237864	0.2497519
0.2066034	0.2764608
0.2571254	0.2986563	0.2280042	0.2632786
0.1791724	0.2125253	0.2456037
0.1942895	0.2363069	0.249124
0.1756457	0.1950353
0.1770053	0.2474228
0.2397957	0.2617519
0.26988	0.2859675	0.2526373
0.2367792
0.1928906	0.2369493	0.2578098
0.3100182	0.2407717

0.2260112	0.312713

0.225866	0.2674826
0.1855497	0.2514169	0.2363256
0.2752749	0.2585779	0.2847752
0.2429577	0.2587572
0.2353865

0.2647325	0.1879942
0.21183
0.2711465
0.2860612
0.2430523	0.2111769
0.2464849	0.2345973
0.3417326	0.2239572	0.3351971
0.2487481	0.2727593
0.2688401
0.1973162	0.2223504	0.2783094
0.2688256	0.3007546	0.22456	0.2423004
0.315084	0.2472991	0.2598652
0.3228644	0.2083392
0.1798477	0.3195793
0.2565612	0.2564684	0.2219582
0.2443652	0.2851654
0.2971555	0.2220003
0.2466106
0.2346801	0.1827756
0.2541166
0.3547336
0.1861424	0.2877059
0.2260982

0.2153799

0.2426381	0.2779544
0.3101419	0.2507331
0.3065215	0.2625646
0.3245534
0.2581727
0.2748387	0.214451	0.1810887
0.1794499	0.232237	0.2572862	0.2665001
0.2613081	0.2686427	0.2792853
0.2725524	0.2622019	0.2411681
0.230891	0.2643104	0.2658079	0.2094269
0.2452904	0.2232463	0.246741
0.1781029
0.2580355	0.2298747
0.2177982
0.2550241	0.2096335


0.1991956	0.2823704
0.2512706	0.2637567	0.2520567
0.2311005

0.2355885
0.2426425	0.2209038
0.2498583
0.301044	0.2209004
0.2901701
0.1861108
0.2462298
0.2064863
0.289901	0.3713048	0.2856108

0.2231964	0.2168652	0.278117	0.1866254
0.2572893	0.2681222	0.2955378
0.293238	0.1748642
0.2406168	0.2791466
0.2166871
0.2961409	0.2416101	0.2993655	0.2212734
0.1727304	0.2716813	0.214184	0.2748917
0.2475431
0.2688252
0.1926002
0.2028223	0.2781426
0.2652849	0.2631578	0.2440795
0.2434395	0.3099695
0.2343592
0.2537063	0.2551336
0.1787352	0.2368158	0.2422711
0.2103439	0.2563822
0.2596388
0.2335371	0.2375522	0.2426262	0.276523
0.187289	0.2630151	0.2327747
0.2589892	0.2768254
0.2509672	0.206924	0.2482167
0.2271525	0.2559457
0.2465581
0.2060845
0.2063079	0.2508856	0.2712062
0.2176756	0.2621276
0.2887853
0.2266619
0.2569141
0.314319
0.2796399	0.2104499
0.2437078	0.2419005	0.2342446
0.2728758	0.2232192
0.2632117
0.2414975
0.2669644	0.3167167
0.1863268
0.2790521	0.2889303
0.263135
0.2530067	0.2454576

0.2030867
0.2472053	0.2478795
0.3341705	0.2115415
0.264757	0.2276836
0.354534	0.3707199

0.2635745
0.1819444
0.2405426
0.2840986
0.2180687
0.3076449	0.1961733
0.1934652	0.2165384
0.2284817
0.2361099	0.2520166
0.2649398	0.2609636	0.2142615
0.205645	0.232279
0.2163967	0.3087966
0.2711626
0.206746
0.2637584
0.2776674	0.2734746
0.289958

0.2487105
0.1861257	0.2878315
0.2235898	0.2279734
0.27758
0.2478438	0.252882	0.2536373
0.2606971


0.2215287
0.298968	0.2707424
0.2428571
0.243799	0.2588685
0.3106715
0.2453449	0.2403014
0.2257045
0.3037771	0.2461539	0.2366615
0.2218507

0.2351699	0.2826971	0.2142087	0.2650354
0.2859646


0.1874171	0.2835535
0.3104957	0.2477442
0.2760586

0.2671762
0.2375958	0.2803698	0.2625865
0.2855768
0.2848184	0.3036433
0.2677221
0.2395526
0.2555756
0.2028741	0.2367149
0.1982247	0.1797248
0.2578596	0.2505557	0.2948273	0.3171958
0.2462851	0.2195491	0.267749
0.2082354	0.22036
0.26632	0.3032522	0.3520669
0.2477644	0.1847612	0.289642
0.2223705	0.268914
0.2555949
0.2287954	0.230455
0.2667183	0.2804991	0.2577567
0.2459836	0.2829894
0.2241442	0.2385623
0.2360426	0.3017051
0.2956175	0.251218	0.2830221
0.2671798
0.235224	0.251567
0.2661338	0.2798141

0.2762302	0.154304


0.2528593
0.2449677	0.2299888
0.1914812	0.2455222
0.1915258	0.2404938
0.2875568
0.2298229	0.2982621
0.2551064
0.2291565	0.296645	0.217823	0.2322855
0.2133933
0.2398641
0.2247546	0.224434
0.1995624	0.1981468
0.2809148	0.2651642
