ExtinctionRateChangeTimes
10.07752	22.47604
16.42693	15.02013
4.748652
11.27392
1.401668	21.04928	12.82701
18.01393	21.94084
24.13777
7.841962	1.487544	9.768611


1.99703	0.4165114
14.9713	2.970902
14.587
9.133368	1.860884
13.34216	23.18762	3.664026
15.77571	22.27199
23.70986	14.28685	1.473682	9.778951
10.8297	23.07076
6.738128	17.98836	2.879054
20.44937	9.010904	11.49821
1.804158	8.326693	10.13018
7.969796
13.45247	16.75587	3.04729
1.800771


0.9938319	12.19192	24.11025
20.66212	20.00669	10.24592
14.17715	8.78718
2.218021	1.481699	7.640789	9.957165	11.41615
10.39142	24.76823	21.02122
5.325563
1.487446	19.76487
19.84785	2.006482	5.401803	8.64477
23.99612	10.23213

11.10431
11.48674	9.562648
4.256942	19.71051	21.02167
5.622682	11.27396	3.175124	18.52898
17.83965
21.49074	8.342453	20.08369	19.65299
20.9036	21.16307

11.86301	9.768188	22.65738
11.52316	16.8148
23.55527	12.36207
3.127904
24.96142	8.542397
7.678467	13.46253	14.46586
18.2714	0.3414403
1.840726	11.22208
10.77206	0.8889501

18.41612	19.77775	10.69283
0.6156106	3.714334
24.81522	15.10677	2.068674
8.076295
11.83877	3.655576
0.9405925
6.193206	10.78149	9.694689
8.008589	17.6595	9.683701
1.318819

24.86337	6.813192	1.161589

14.67557	7.659457	20.53933
12.72725	11.18971
6.54467	11.73134
15.52227
24.09681	4.856719
6.294921	1.438841
7.817987	15.68429	19.23511	23.94148
18.69279
12.89343	8.438336	23.94074
7.326392	6.348122	2.123189	18.6277
4.660424
9.083241
21.10978	3.506208
11.27975


12.41245
16.28309
8.58971	8.257487	24.79046
4.659797	2.611385
5.076512	1.137655	22.94858	16.10577
0.03997516


8.0988	20.67089	9.316705
5.52197	15.82045
1.059298

11.64482	1.670389
22.69833

8.271963	1.060419
17.10542
15.43213	10.14446	3.556249
4.037177	14.22022	17.25792
16.37572
15.73368	12.31278
12.27286	2.593509	11.34592	15.41669	15.88746
1.843663	21.67727
6.579749	16.49035
9.345007
7.319477	2.825344	6.521314	23.34623

0.6770408	5.822188
11.0625	6.949617	14.92196	17.10604	20.5905
9.95021	16.35115	6.08311	8.184086
3.394857	1.559182
0.8833284
19.02283	15.84797	1.178895
14.27562

7.372884	1.8103	21.23062	10.29617	10.2529
1.537442	3.605521
5.08905	9.283436	13.37106	5.892369	23.87661
19.32782	5.181578	6.199402
15.18067
22.33596	4.087267
13.07794	12.46475


8.013116	10.19021
2.08282
11.87524	24.0063
1.072382	15.41374	15.84252
6.157348	14.48703
15.69353
14.96439



0.7692619	21.69775	0.6584854	17.79004
11.95374
6.320621	8.93388
10.36841
4.88019
7.817377	1.794486	0.6668292
23.56072	18.94767	4.719762	23.7718	0.4645884
7.692856
7.601751	12.16832	2.217725



11.43004	14.24582
20.39339	22.26894
16.94687	2.000633	4.772901
2.20662	2.425209
17.1937	0.327049	19.28665

16.51191	19.58246
18.21883	4.956157
17.13897	13.57831	18.4915
9.638118	15.13754
24.43178

14.77552	0.130338	17.75217
18.11889	8.707542
23.8993	0.7102867	22.72474
22.52246	3.879148
2.71377	13.12894	8.900599	11.41908

8.875207
14.41821
17.47577	6.520209

9.53991
23.21502	9.775194	18.04338	1.403612	4.725928

5.721208

6.004694
5.96381	24.34174	7.361748
19.89757	18.71937	7.91935	20.51059
18.58466	15.65645
14.00623	8.327875	24.58907
5.868506	11.75594	18.26557
15.52461	19.10659
9.995638	3.782723	8.796111
13.27447	18.10951	1.388457	8.926101
11.01446	17.53778
24.19825	0.9481781	16.20223	13.05521
12.29894	7.146633	1.458271

0.3564416	18.34215
17.69497
2.92683
19.63028
25.02692	17.88137	1.058095
21.04201	21.27011
15.75164

20.87546
9.044173
10.79882	21.76013	14.6332	8.200277
14.10426
19.23551	23.32735	13.64488

9.312708	10.39477
12.22628	8.362646
17.2109	3.933577	12.48861
4.195715	0.4970718	1.520286	1.389123	12.07514
23.65912	22.05198
0.4692277	15.26819
21.98916	16.98377	10.75652
7.223204
20.3821	8.063786
22.04946	14.70015
4.006072
21.86168	14.49877
0.7901542	10.8269
20.45174	6.366625

19.39013	9.099023	19.30392
3.906575
4.814883	18.38407	7.047915
22.04816
18.63658
5.276555
4.184262	21.12013	15.14677
3.591967	3.229652	5.241354
8.599894
19.23935	0.7601561
14.34309	9.90376	12.15982	10.12369
15.88032
24.92249	11.91868
9.51738	2.912861	7.93267

12.73098	11.93679	6.472701
5.599416
24.55781
15.22649
23.13871	4.72333

19.7548	0.4470912	2.312487	5.812817	2.855664
22.25633	11.79886

8.453391
14.78286
12.22817
2.80495	21.76288
8.034366	2.246489
13.31787
13.56384	7.928148
2.461574	18.17764	13.13788	12.62902	9.884844	18.43727	20.44945

20.89925
3.090473
0.788241	2.317327	10.9981
6.189235	18.73061	8.840313
8.283685	21.82167	3.74589
4.199847
20.48656
1.918368
18.29861
13.90721	17.04575
6.445084
5.116862
21.57819	1.802699
10.99236	15.32431	9.764493
9.559995	17.13336
4.058404
14.86208	9.339524	8.035853
14.99641
9.70366	11.13587	2.238827
4.446931	12.25215	3.870523	1.359163

15.75821	22.31712
10.4017	7.516853

11.14221	16.43702
6.252263	13.66151
13.58811	22.59119
22.12924	19.41723
20.62787	21.15757	18.36705

22.83047	17.66666	23.43203	17.79698	17.45317
23.65248	6.141722	0.9030389
19.60632
17.3492

5.19961	1.565816	14.02663	16.48089	6.538626
13.53741
22.46787
23.72263	7.526287	7.447922	14.85237
18.41006
12.60924	3.244023	21.71312
14.66086	5.597486	9.225211
17.48359	11.52387
12.53242	14.17798	3.248341
11.59483	19.4909	1.776716	10.51874

24.54719

21.69616	8.05387
17.78747	4.935858	19.34202
24.21037	13.65893
4.487273	20.95632
21.49368	20.70784	0.8275173
6.967118


7.553893
17.95929	7.767675	3.218765

11.54664	10.31792
9.791432	19.12367

15.97672
15.24437	6.878518
6.260503	2.954409
12.26816	21.90754	15.93869
5.974775	15.88749	23.00449
17.18133
23.17075	22.54302	7.121473

23.09926	12.03182	17.44314
3.893622
19.51767
3.812896	11.41583	7.122548
9.153712

0.2676915
10.06464
12.46178	12.93113	13.44363	2.317224

5.729987	17.15507	9.553775

0.8142181	6.359154	16.49446
10.42738	0.4148332
5.320758	15.83056	6.901096
5.663595
6.435832	14.52252
15.41318
22.22201
9.246563	3.662759
18.7462	24.94759	10.70973
16.77024	16.38312
21.91498	2.389792

24.25306	23.66011	16.27303
10.06432	12.33543
20.36533	8.678015	5.378748	5.767683
2.057313	9.410706
0.4682987
2.330074	22.41204	0.6918876	3.638744
1.573369	9.101002	13.75692
7.349849
18.15437


14.71008
1.993644	20.11272	4.980193
18.81582	6.687842	22.32789
0.8656453	0.08498603	0.9778116

3.222583	2.8151	24.79303
24.40469
16.32801	3.281968
19.89256	21.3882	0.9621599

18.67202	2.628018	24.61436	7.303351
20.85552	16.61413	9.961219



8.604392	9.456532
18.90714	1.1268
16.68547
12.4283
9.825742	10.99798

8.319352	18.86333
14.97587	19.9269	5.354432
20.29718	24.43442
3.1077	1.681475
10.11177	7.590684

9.946852	4.947368	2.058034	9.8531	8.89151
18.33391	14.9255

23.7867	0.4686262
20.80786	18.70405
17.28174
15.17314	5.44375	10.60287	12.85546
21.26638	22.60501
1.053353	5.543905
7.703836	11.01799	12.6601	7.348012	20.45872

22.79084	6.483749	0.003718799	3.663171
24.14254	3.251415
4.62033
19.763	10.19275
7.736165	16.72211
9.028849
12.30293	18.14528	8.969912	14.66558
10.60543	17.57725




18.03172	13.51333

12.11674	19.47561

13.60859
21.55828	15.19723
5.251501
9.859792	15.96079
6.456309	4.928396	1.892756
21.52349
8.401601	8.16893	24.8501
15.74045	13.11136	14.11908
14.43159	19.44007

19.75697	20.66042	16.17606	13.88889
9.785748	7.964564	0.6496417	1.463103	4.377448
17.1123	9.162006	1.113235
17.29956	0.6820049	20.46697	17.4256

18.80698
7.891378	12.77886	13.77934	9.580178	10.89051	5.353957

11.52444
0.5500916	2.022154	22.36336
7.780119	8.20681
6.262918	19.4441	22.43904
12.23066	23.6128

18.21342	2.930202
12.62776	18.56044	14.34804	9.186171
23.59857	22.61971
11.68077	1.639167	17.68803	7.566186
24.58132	20.96587
16.26044	19.79014

19.74503	15.45441	11.77909

4.846919	17.11573
16.75588	2.3307
1.625694	8.300972	19.57501	22.15639
15.42043	3.815814
5.90553	19.87759
18.94883	2.505714	14.47262	13.47164	24.38362
14.24225	4.473568	13.70202
1.00093	23.95038
14.55135	22.21556
13.44108
2.891158
12.7073
22.29805	9.896611	12.91366	23.4237	7.818232
13.18976
9.352339	20.04775
4.659536	4.498209
1.679609	4.216563
6.201237	7.591762
17.92991	4.764257
16.9657	14.59849	13.00072	3.523879
11.01978	24.23063
15.78675	10.22578	20.27986

11.29875	20.39979	23.76995

13.14819	22.98336
7.282884
16.22793
13.58937
19.96544
6.802558
19.64183
9.6015	10.61875	21.48188	20.49533
3.376365	18.20858
12.3743	21.86029	2.251294	5.95834	7.415226
24.14386	9.238289
8.357435	24.44031	5.246198	3.907505	9.766866	14.6272
2.343348	12.50569	2.922481
20.77693	19.4247	12.20888	7.447902
24.17658	10.04933	12.67601	5.272926
15.60391	8.836105	10.74374
3.71881

23.85563	9.969257	11.38036	18.97488
13.94152	2.268756	17.87877
1.853336
23.70376	8.574911
22.22931	3.245124	20.26412

6.927399	19.88413
21.48504	2.85789
12.61473	12.7502	21.1813	15.67337	6.92675	8.528464
12.60821	21.85277	12.27724
23.68423	1.009617	8.755189
9.146296	21.8175	8.307938	20.66184	19.91057	9.58239	24.87736
2.926286
7.837484
20.49398	23.17316
2.87988	18.77763
24.56994	5.718119
24.91195	11.13636	1.077812
13.73719	10.94593	10.64708	10.96609	17.36019
4.225927	7.371908	9.813637
15.89202	24.00957	1.650091
6.43775	13.67231
16.07611	5.4704
17.11756	3.835272	17.37535
12.6164	14.67869	10.19171
17.19006	22.66366	13.23963


20.74794	22.29923	19.51964
17.54962
4.064951

7.921774	7.583268	16.36517

20.67193	6.38449

9.375501	14.00832
2.809385	22.01239
12.0457	6.468155	16.74055	24.43101	13.94216
7.545707
17.42007
5.595073	11.61477	19.55417
15.50374	14.19341	19.70817
2.419127	5.775287	8.268932	13.00515
13.81584	18.07797
0.1456568	5.481183
1.919681	13.88227	12.2599
5.160295
18.73819	17.00778
7.901831	12.39381
15.41507
1.544461
2.785812	10.3488	9.85451	1.491487
21.69016	11.00349
11.67192
18.90471	21.99338
8.629424	3.160224

0.7552828	2.010673
3.76842	7.606857
4.99267	5.037071	4.390931
7.146869
6.500272
1.432611	19.52257	13.54661
2.471009
20.6439
20.9947	13.5358	9.718141

23.23079	11.90133	23.22262
14.98722
15.81339	22.80144	15.07425	5.557874	9.448412
6.806114
8.520688	21.49957	21.25995
1.26014	14.60471	6.039306	16.69553
21.43988	17.36882	5.417711
21.10041	0.4211161	6.502368
25.01324
18.45168	9.109335	8.354972
19.26331
19.28714	3.878079
6.539852
4.3556	4.112687
21.8552	1.946732
15.15614	14.39146
15.40933	0.7969239	19.58668
1.708868
8.540963	1.22128	23.81688
17.23558
6.704919	8.01435	7.972665	23.10455
14.67704	3.442528	14.75208	3.963041
10.24047	9.062868	5.084978

6.479461
2.99335
17.18587	4.81651	4.731389	20.76063
21.32461
16.88312	17.67235

24.92858	16.57586	5.317139
0.6767507	5.842487	21.17206

9.067381	17.4084
19.36751	18.22163	15.8229
19.29261
13.64403	4.177	16.51808	11.37126
16.16095	5.879616
12.78243	15.88506	12.19364
12.10505	24.09585	12.96596	13.43953
2.861556	8.951146	8.190481	7.901359
8.89236	16.17072
5.804999	3.785983
24.08733	7.201219	4.571258	24.86695	7.510823
9.886308	9.101437	20.31302
18.10733	23.41757	13.42989	4.745225	23.4728	12.9822
19.07648	0.7780397	2.058692
3.851051
18.63257
22.77679	7.639752	24.08655	12.28914
19.13022	6.688141

13.35417	7.046154	9.281275
1.607822	15.74545	14.41781
14.6125	14.06026
5.722328	3.678418	0.7285764	3.234554
19.35652	15.28875	4.398838
5.884284	15.70639	11.95038	1.451234
22.60634	23.53156
17.21142
10.91049	3.349205	21.18521	21.86891	15.28919	19.46662	17.85365
22.60667
3.005994	19.71191	12.60596
23.39949
11.28731
12.83544
11.59462	8.465986	23.52479	10.91601
12.16016
22.51344	14.31784
19.23849	19.93645
22.32415
21.31144	9.222844	19.65641	0.5096441
24.94227	8.230378
23.43457


6.859699	24.37426	10.88357
24.27566	4.984958	24.65204
0.2610356
16.87225	3.214599
13.39843	12.95306
5.513522	18.14986
1.029387	4.748196	7.854071
4.970864	20.22676
11.56614	14.35222	19.10884	1.30084
21.79512	18.97799
16.64225
15.17281
21.25146	10.45147	13.12461	6.088688
6.516769	21.54237
5.540086	21.15955
15.10878	2.950277
5.283912	11.68262	2.095357	18.04436	15.62771
16.9964	13.16237
3.43608	20.45596	14.83882	13.21252
13.73593	16.84194	21.21317
12.11678	7.039191
16.47903	5.172272
23.39843	18.56489
6.96844	17.07003
5.984915	6.347742
4.114472	16.60224
23.52349	2.620695	10.55511	23.80915
0.140128
16.98312
10.07013

2.763341	20.4474

23.53893
22.93746	11.03416
17.55099	1.882811
1.260918	18.98391	5.787752	6.265673
24.65434	21.998	9.7011	0.7566088
18.81356	15.7724	12.78629
13.41838	4.920012
10.44409
7.330843
1.592185	21.53921	22.56776
22.62026	8.946594	7.063928
0.06893827	1.307961
23.47827	12.93705	10.72458	22.09715
17.80027	11.31151
0.9442094	6.894154

21.56944	15.72623
5.042919	19.09242
13.11647	7.521448
16.74357	15.87647	2.647867
8.449965	5.266203
19.04048	24.55504	17.14734

4.300336
3.793714

7.704243	16.26847
7.429311	15.53559	23.10121	22.29702
9.566765	7.603595	23.59694	6.538219
7.324602
13.5808	13.23801
24.10262
18.47932	11.62256	5.684769
20.5415	13.55227	12.67611
9.555151


14.68247	16.50013
21.2865	3.507498	23.94104	20.11291
12.03857	6.882897	24.36547	17.3134
20.05536
22.47145
17.77501	13.66606	19.075	11.25506	17.02863	4.560252	12.34062
0.3817443
15.57495
11.939
11.22868
4.705541	5.390497
9.931577	19.62004
11.60568	19.93334
15.09678	16.95804


13.40104	9.520914	5.27688
18.49633	18.62538	7.8438	23.68539
13.5307	10.63214	4.536303
24.72359	0.9477644
13.78411	10.3487

11.18923	22.37622
16.36302
5.233836	13.97573
14.23887
24.87988	8.760375	18.53196	15.14466
5.110416	6.290859	18.51333
8.887851
9.055562	10.21371	25.00065
20.74516	6.958016
12.91603	18.93941	12.34088
19.65265
1.619523	16.05774	20.35993
1.004419	21.06584
4.795752	4.313629
10.2429
22.75026	8.285501	7.432074
18.00131
2.97124	14.55354

6.58497	18.96363	0.1174422	12.74447	16.51586
21.77062
13.83723	15.92789	5.469341	12.10194
17.92055	2.014183	7.381172	15.64731
16.6829	22.11839
3.866361


3.699948	0.650575
8.518631	8.124252	6.131167
10.64934	6.538737
10.68444	3.72684
17.72391	13.18187	2.15948	4.666628
24.91205
22.78593	5.2781	4.791239	20.67423	13.21209	16.81226	12.92267	6.938499
3.20959	3.424638
14.03495	17.8638	5.858721	5.82793	12.36006	2.312038
12.69619	1.702377	8.539872	22.08823	0.8112463
5.367811	0.708032	11.21182	22.44694
24.17047	13.70263
0.3713943
15.98204	10.36511
20.63663	22.65869	2.442651
11.44134	22.91462	8.359314
10.77476
3.159891

13.09303
12.10655
21.52801
22.72525	10.50902
7.599745	23.53337	7.282462	9.500278
10.43977	6.435738	0.4678921

11.40662

16.89751
21.92332	3.757993	12.7865	19.21336	12.0796
21.13503	4.014409

19.99104	5.551428	8.124081
5.584307


11.5688	15.21543
4.033295	14.30088	19.54783
19.48351	14.39367	4.483653	6.133825
6.37129	20.57203	0.5815911
8.322964	9.988556

12.4012	10.9289
14.71485	5.633252
11.8997
10.234	9.099168	13.84487	18.6817	16.05123	17.15576	3.367588	18.48479
1.607979
16.56102
3.92817	20.57035
12.85872	21.25439
2.222146
16.96087	19.93857
14.95866	2.19038	6.929241
9.48076

6.469677


21.54937	7.778499	7.450695	21.42999	23.91527	23.24134
24.44609	14.83477	13.7768

1.516369

9.501237

3.570822	16.27043
19.9942	9.148956	24.68047
5.643628	4.721766	22.72329	23.24684	6.501939
11.25321
20.67806
1.121789
5.88915
5.916238	16.79976	9.002595	23.28476

24.58479	21.48463
20.41424	13.81958
22.9888
1.612666	17.62679	1.296712	17.73552
5.265245	20.50522
11.69467	24.79586

12.29621	18.04835
