ExtinctionRates
0.0154299	0.02391135	0.003338916
0.02165268	0.006022481	0.05823831
0.005590424	0.002859257
0.01458879	0.02694628
0.01688295	0.01545469	0.009746722	0.1475632
0.05877624	0.006612436	0.001421954
0.01665289	0.02667136
0.01532869	0.02838538	0.0476657	0.00270956
0.005048245
0.01020612
0.01061017	0.0269429	0.004518036
0.02258253	0.03375172	0.01377366
0.02323973	0.001438268
0.08746915	0.03326494	0.0023591
0.006569305	0.002331011	0.002897129	0.00825185
0.008770001	0.001744536	0.03323272
0.00658071	0.0002966355	0.02029801	0.06164849	0.007324942
0.01806627	0.00215389	0.003704667
0.01427971	0.02075216	0.0006264054	0.008031401
0.01863624	0.01591125	0.02032555	0.1282557
0.01074051	0.003479708	0.04413853	0.0224543
0.00945048	0.003613984
0.03996094	0.01412498	0.003627306	0.003703766
0.07284514	0.004648843
0.0023407
0.05489009
0.07162594	0.008889685	0.02390393	0.01840891
0.005778427	0.008318936	0.00990317	0.221767
0.00794902	0.03519412	0.02376535
0.08877934	0.01781025	0.01349831	0.01235041	0.002634256	0.006131145
0.01088977	0.008604007	0.001443661	0.001775218
0.01405978	0.007732397
0.005931252	0.01260196	0.0006393634
0.01590334	0.002211527	0.004574481	0.002697009	0.003236797
0.01026527	0.02483684	0.003561815
0.002316828
0.07252922	0.004298671
0.004707192	0.002300301	0.07299613
0.00301938	0.07768039	0.009069159	0.03144145
0.02108056	0.0007483959	0.006995021	0.001282598	0.00101651
0.01332794	0.01145345
0.011419	0.08667001	0.006548706	0.002173923	0.03913795
0.0371284	0.0004804064	0.03307099
0.00708933
0.001588495	0.01294283	0.01501565	0.004707923
0.03591653	0.01289068	0.0004644345
0.002732733	0.001625563	0.001555517
0.009032593	0.004841798
0.02236831	0.009790556	0.009021349
0.05853434	0.003634028	0.001838084	0.008603129
0.002389804	0.001212639	0.0009470697
0.005552486	0.00926912	0.0118978
0.01202198	0.008539809	0.004521505
0.008872866
0.0005583709	0.005474415	0.004906561	0.001568874
0.0009694614	0.01332474	0.006561066
0.008133928	0.007161508	0.0172932	0.005083012
0.03533646	0.004549789
0.004401849	0.002013785	0.021909
0.001512543	0.01208755
0.001937055	0.005853501	0.01071205	0.00844945
0.01087514	0.000195063	0.006737997	0.1837307
0.0178191	0.01030654
0.03267754
0.0195398	0.004262531	0.02918675	0.05400109
0.002262975
0.004832098	0.02232439	0.0008918825	0.01763501
0.04500224	0.009757808	0.01245961
0.01579985	0.01107697	0.002799459
0.009187823	0.003625492
0.006129849	0.04639248	0.005527857
0.01079769	0.001012674	0.00261119
0.002446581	0.01512743	0.03215406	0.01642345	0.007219843
0.02122987	0.01138571
0.00696393	0.03143561	0.3551353	0.02833873
0.01282973	0.3068499	0.01572332	0.01302434	0.006960562
0.03739379	0.001019777
0.06268257	0.001042688
0.007880086	0.003479003	0.03520004
0.1112671	0.01067937
0.003173507
0.007136941
0.0009119921	0.03609736
0.002193154	0.004113376
0.00906558	0.02805114	0.04363932	0.002667029
0.04545522	0.001034831	0.0009815957
0.0284229	0.01164094	0.1273803	0.0008735464	0.004714185
0.01232398	0.003634973
0.00358532
0.05020766
0.001191449	0.0209796	0.01258012	0.009638937
0.004843838	0.00760206	0.01992461
0.005680705	0.02656482
0.01221871
0.002237192	0.001217533	0.03878153
0.006206724	0.005159005
0.007000363
0.002860533	0.0150692	0.02839247
0.01988915	0.01561218
0.00233825	0.01424633	0.08263708	0.004929788
0.0008355211	0.04075894	0.008312164	0.02775543
0.02804479	0.01634642
0.02429068	0.004515205	0.01527924
0.1747446	0.01952924	0.0198378	0.006518538	0.006424173	0.003083824
0.09648555	0.02502201	0.0003509596
0.006176906	0.007809295	0.003426242
0.01302652	0.005152923
0.001720371	0.003330212	0.01269835	0.01628158	0.003612961
0.01006944
0.01002737	0.01401858	0.01222891
0.01701738	0.004048198	0.01559012	0.002122638	0.008113422	0.009392794
0.07248196	0.00539726	0.004953281	0.04348966	0.005947089
0.00531764	0.01728281	0.002582317
0.00622764	0.009520101
0.001916599	0.00153277	0.02340931	0.02334061
0.0004559231	0.002019229
0.0005346869
0.00197353	0.01828625	0.05049311	0.02932378	0.08779891	0.004180483
0.01782329	0.04459656	0.008012885
0.08701656	0.0004801544	0.007143568	0.04953786	0.01444352	0.009707238
0.001408756	0.00439109	0.005415495	0.003005602
0.1584831	0.02773343
0.005496411	0.009746828	0.0142156
0.05915473	0.02640466	0.05456046
0.002462636
0.00445863
0.005501911	0.01117813	0.006018697
0.05481118	0.01318319
0.001817701	0.0144938	0.005325663
0.001746779	0.009559443	0.004038649	0.00239195
0.001374806	0.07539552	0.00662856
0.02241231	0.01110761
0.01114675	0.004106032
0.006711835
0.001837526
0.001340344
0.03042337	0.00692325	0.002768871	0.04641881	0.01646081
0.04320024	0.02977293
0.002925737	0.01464815	0.003473339
0.009245631	0.002018022
0.006362139	0.03833932
0.002002799	0.004343416	0.005100404	0.001772526
0.02478673	0.07625711	0.004465876	0.01277584	0.007960969	0.02677914
0.01673927	0.002756198
0.02849968	0.01262563	0.002486586	0.01000158
0.0005297258
0.002309774
0.004852811
0.007947515	0.001546405	0.0444236
0.002945831	0.01165438	0.009948654
0.003935583	0.002325565	0.003985534	0.02215945
0.01245444	0.01797287	0.02694638
0.001502472	0.002235644	0.01032751	0.01015746
0.001040584
0.00971444	0.001566033	0.01208918
0.001496899	0.0005698114	0.05050297
0.01088864	0.02014129	0.03282042	0.004075816
0.002120637	0.005869818	0.008302009
0.004961074	0.004380565
0.0006009416
0.03489226	0.02539493	0.01846477	0.004036696
0.001275273	0.005102439	0.01413356
0.006206087	0.04646606	0.006492502	0.01382882
0.04044959	0.008184194	0.02113779
0.02159074	0.002034155	0.006328119	0.002625748	0.01162667
0.01577332
0.001729669	0.003958385
0.005899402	0.03574001
0.03319477	0.007558479	0.007538252
0.003654435
0.02759771	0.003073756
0.003349136	0.007300364	0.02302339	0.003716221	0.02383516	0.04186226
0.01046281
0.003003932	0.008164945
0.006819001
0.001121211	0.01058637
0.01537551	0.009014993	0.007078045	0.007791893
0.002524259	0.003905174	0.01425645	0.02925803	0.03144574
0.01822544	0.005451762	0.436153
0.0141403	0.006652067	0.008061884	0.008195535
0.04028271	0.003972603	0.01680965	0.01970845
0.02388332	0.002746861	0.001989818
0.03590613	0.005933164	0.005674302	0.006625412
0.0002683542	0.04215729	0.01243732	0.02857701	0.02830428
0.006848434	0.0068547	0.003579052
0.01161552	0.01230397	0.02457401	0.000413137	0.01277105
0.01172175	0.0004310599	0.00890387	0.005326555
0.01106175
0.02854648	0.01479976	0.007915241
0.002620751	0.005178062
0.004034905	0.0008723043
0.03504722	0.008205809
0.01457659	0.008600389	0.004791775	0.02707964
0.009826715	0.008542855	0.01554251
0.004709581	0.01242749
0.007399427
0.05225316	0.00648339
0.003106263	0.01576304
0.03452002	0.002638213	0.008485654	0.001303127	0.008795244
0.03869327	0.008267581
0.003234184	0.005116578	0.006847822	0.006140597
0.005812286
0.007535888	0.006363149	0.02611041
0.0213506	0.004291832	0.04810624
0.00673169	0.02019542	0.005846092	0.01334354
0.004748887	0.02602007	0.01761739	0.001424458	0.02645049	0.01433013
0.002025864	0.01244195	0.002775567
0.006247579	0.003407192	0.003220637
0.02808584	0.01155778	0.005115322	0.01104351
0.08059344	0.003783876
0.02263581	0.003299264	0.02270048
0.006255872	0.06931829	0.01879969
0.02397597	0.002975043
0.02058012	0.05752978	0.01231228
0.008273462	0.07854441	0.003058441
0.00023926	0.001270511	0.03122659
0.021534
0.006182811	0.002959542	0.03605045	0.001338857
0.005352012	0.0130988
0.001037924	0.01128395	0.008984343	0.0271341
0.01240988	0.00304813
0.02024138	0.03583569
0.01390127	0.01904156
0.03383613	0.0274124	0.009240192	0.003457558
0.001047889	0.001852547	0.03910152	0.005848383
0.0214278	0.0009064229
0.009496028	0.03315586	0.02323589
0.003519702	0.01149236	0.001708666	0.04184452	0.008653951
0.003783202	0.008692712
0.001470596	0.005054745	0.05255374
0.02419714	0.002055743	0.02158019	0.006369074
0.01716708
0.05379026	0.002303667	0.023002	0.07334849
0.005612563	0.0133339
0.00675752	0.003063672
0.0006051126	0.004558285
0.01443741	0.00568319	0.006617131
0.03099335
0.0007385984	0.05841066	0.002872167	0.04805077	0.1078519	0.004339341
0.02385708	0.003191514	0.02957819
0.05523744
0.01923721	0.002608161
0.005061823	0.01838793
0.009963684	0.006330075
0.0192783	0.001104397	0.001500671
0.1593324	0.01251073	0.02489081
0.04162948	0.005409905
0.02380082	0.01617149	0.04351925
0.06423905	0.02227285	0.02339024	0.02981467	0.009295212	0.01217482	0.01496534	0.0564378
0.00606701
0.002416252	0.008425837
0.001652821	0.003333194
0.153592	0.01085762	0.03113747	0.002600478
0.01467118	0.04330633	0.001436159	0.01973429
0.00374148	0.006762983	0.005976603	0.02495603
0.0145988	0.002503843
0.006517791	0.001446818
0.001626708	0.0003568657
0.001402864	0.009020716
0.1279431	0.003745028	0.007554192
0.01247933	0.001993646
0.002165256	0.01689183
0.02407905	0.1787531	0.01387514
0.0212082	0.002856023	0.008283943	0.001779574
0.007672682	0.0005338495	0.004213984
0.06843394	0.0007180062
0.004800562	0.006162539	0.0009304821	0.008531171
0.006419622	0.04316244
0.00198794	0.01516065	0.01756394	0.03506118
0.001964247	0.006417044	0.0002720019	0.00463258	0.03704587
0.002568453
0.0004609471	0.001926208	0.002997871
0.01940753	0.009928292	0.2615121
0.001876007
0.01304794	0.4217257	0.003760416
0.01015154	0.001944108	0.00294357
0.0004906454	0.01218735	0.003891316
0.005802205	0.003339792	0.01087852
0.0100149	0.0007782475	0.006477313	0.03597798
0.002860568
0.003430653	0.007527276	0.02708446	0.002339904	0.01977787	0.4088537
0.007500767	0.001774472	0.000551199	0.001851514
0.0128217	0.01537626
0.0010313	0.001252276
0.01050379
0.02379466	0.004139237	0.02002636	0.005748645	0.007055225	0.04363407
0.01542071	0.001735887
0.05759684	0.00226166
0.0005277054	0.01388226	0.04364687	0.04635787	0.008198337
0.004356532	0.00158159
0.01264282	0.04068064	0.01041769	0.01532574
0.00291184	0.007966088	0.001505827	0.001553916
0.002796296	0.01455229	0.005823882
0.008414431	0.001661273	0.01061129	0.01235923
0.004763075	0.2250002	0.002888582	0.004951887	0.04846963
0.08156372
0.01157419	0.05000787
0.002669408
0.01043091	0.007518067	0.01691498
0.009842417	0.01632047	0.01750704	0.04958155
0.06308591	0.01301088	0.03236637
0.1573036	0.00232182	0.01111259
0.002329472	0.001262851	0.001028566	0.06608861
0.06667042	0.008719498
0.002515481
0.0006198322
0.001913096	0.04040133
0.07746824	0.003048306	0.004736868	0.02502071
0.01718309
0.002056987	0.008898438	0.003387746
0.0009577996	0.03101795	0.002823955
0.01033298
0.004847709	0.01378204
0.004840576	0.008914524	0.01135815
0.002459663	0.00131788	0.01162976
0.007723376	0.627412	0.01880783	0.0009076756
0.01704886	0.01049625	0.007839668	0.004524974
0.02561771	0.01118923
0.01523716	0.003015362	0.01783327	0.003597457
0.008563629
0.04913655	0.02699719	0.01897375	0.008073795
0.005514206	0.009902424
0.04728549	0.005540492
0.013798	0.005305508	0.006047865	0.1160487
0.01642398	0.001471141
0.0157701
0.08939546	0.007944403
0.001050719	0.006534727
0.01231688	0.005057456	0.02474512	0.009920628	0.002558128
0.003090804
0.00682528	0.01064284	0.01058286	0.01077358
0.004343456
0.06854802	0.001433321	0.04131315	0.01968755
0.006341816	0.003471717	0.001056654
0.01002865	0.03172146	0.005672328	0.1183135
0.05045071	0.007401227
0.01027826	0.01133264	0.00806782
0.03528062	0.04866802
0.0147455	0.0009561567
0.04107522	0.01536308	0.01027388
0.007409789	0.01217407	0.07173448	0.004213602
0.008749924	0.0060662	0.004560665
0.01599033	0.004030849	0.002566955
0.004824343
0.08518837	0.01777903	0.001106237	0.02756308
0.00276048	0.004208095	0.005486699
0.01835569	0.001072575	0.04752499	0.001775408	0.001072366
0.05814066	0.01861992	0.007500842
0.03989554	0.01350988
0.03024803	0.004037932	0.02409079	0.008111989	0.001685801
0.003504151	0.005997397	0.03160084	0.005782768
0.0267494	0.008645868
0.003196529	0.03622204
0.004565481
0.003084966
0.1293793	0.001158739
0.03149478	0.002038159	0.01800837	0.02952866
0.120044	0.001423675	0.01307488	0.01661264
0.02602435	0.003721112	0.02275178	0.003104471
0.006142039
0.02323983	0.005057765	0.01870463	0.05342158
0.006368271	0.0511834
0.0005757929	0.01185294	0.03834129
0.1418606	0.002121276	0.001097968	0.004101992
0.008075628
0.004185746	0.00260012	0.006687547	0.004036328	0.08406197
0.02592472	0.003495349	0.01629878	0.008284231
0.00705562
0.03946112
0.01893044
0.01562259	0.005671931	0.005227628
0.001482793	0.005009622	0.03868233
0.009080815	0.0005596845
0.00552637	0.01917953
0.04365656	0.02433223	0.004107651
0.01230513
0.004479996	0.005073149	0.001834049
0.002100838	0.1047355	0.003523377	0.0852264
0.004258919	0.00681145	0.03429277
0.004725864	0.01015968	0.004836084
0.08655673	0.0005152329	0.007500268
0.01996643
0.01168494	0.00217631	0.01609694	0.01877489	0.002423145	0.01737773
0.02200191	0.001613562	0.01452555
0.01606504
0.00541593	0.005120188	0.001056784
0.07569505	0.003853954	0.01609821
0.07604783	0.002292388
0.02088824	0.006272514	0.001784121	0.002973268	0.0626087
0.003256674	0.002491245	0.02399809
0.01131624	0.00528393	0.003782327
0.04696644	0.003157207	0.001395548	0.01190549	0.04263054	0.003996551
0.01163289
0.02415957	0.007525062	0.009553436	0.004155614	0.06428826
0.008456087	0.08519664	0.003219757
0.003432434	0.01609825
0.001758976	0.01340479	0.009558252
0.007124631	0.1310157	0.02326502
0.003958185	0.004753882
0.0004142735	0.0269555	0.00409664	0.01581741	0.06970081
0.04760633	0.004923115	0.001857287
0.01109362
0.02213626
0.01794461
0.001141949
0.01151978	0.001952525	0.01182061
0.03584899
0.0008986769	0.06672486	0.001870392
0.01341432
0.008944007	0.02395098
0.002810786	0.01978496	0.02405581
0.1129134	0.01407286
0.00294536	0.00546173	0.002071226
0.01456416	0.02037359	0.00549639	0.00444281
0.0162507	0.001889399
0.001092788	0.00143639	0.00339745	0.002627425
0.083665	0.001993445	0.04674293	0.002829322
0.009485852	0.001916708	0.004800477
0.01391047
0.02285027	0.03696143	0.0006798681	0.006495264	0.01252538
0.01568843	0.02744425	0.03555089	0.003571679	0.002118072	0.003469893
0.04497509	0.01841417	0.0496937	0.004064312
0.008426378	0.03309031	0.1078122	0.0003877194	0.01510452
0.005274356
0.006769299	0.05408736
0.01067132	0.04985582	0.01245176	0.0099938	0.1400056	0.0004000211	0.05351374
0.005160316
0.0163884	0.003638966
0.01676567	0.008349017	0.01896934	0.008455845
0.01789098	0.01452331	0.0009965917
0.006981765	0.09489864	0.0005103394	0.009467203
0.00888058	0.003770043	0.001590817
0.004944481
0.01489459	0.01719449	0.002833587
0.002531954	0.005953616	0.005211546	0.02603051	0.08744624
0.01296586	0.009728721	0.03206905
0.1446573	0.009489556	0.006728579	0.009836882	0.008862075
0.04527974	0.008731941	0.008989188
0.01526185	0.01250302	0.005286887
0.008088772
0.03466948	0.003880544	0.004293083	0.00722943
0.005564389
0.02669711	0.005266335	0.01081499
0.01196155	0.009665953	0.01337908
0.002513718	0.0297269	0.007370767	0.003745264	0.007571325
0.01204157	0.0336431	0.015748
0.002044128	0.001678728	0.04630673
0.002249724	0.003039772	0.00659032	0.008453779	0.007536785	0.001557898
0.03519026	0.002755067	0.003229837	0.006803928
0.01721752	0.003429423	0.002596735
0.003504741	0.006951047	0.06940976
0.01443585	0.001737863
0.1122668	0.005448553
0.04257493	0.01826694
0.017555	0.008088372	0.01057129	0.02138625	0.001377691	0.001110541
0.01504831	0.006963857
0.003500839	0.01019374	0.02250118
0.003073408	0.001303064	0.002971979
0.02146852	0.05920575	0.006839249
0.006239883	0.1571727	0.004926788
0.01576454	0.001246087	0.01296386
0.004293982	0.007517102	0.008633134	0.002273524	0.0259873
0.01941335	0.01893837	0.06736706
0.09783436	0.008142009	0.01126846	0.006447587
0.002705924
0.008176131	0.00538566	0.002655723	0.001360736
0.002096669
0.01118323	0.00260064	0.00430144
0.003443222	0.004317583
0.004943932	0.02462732
0.0303187	0.008970775
0.06604775	0.004997698
0.006973785	0.01785427
0.01255034	0.08355671
0.004569943	0.007121257	0.009342486	0.00595256	0.0001279029
0.02265897	0.004579905	0.01020749
0.0007725879	0.009863332	0.01289647	0.006363638	0.02023812	0.002070194
0.0113846	0.02541244	0.02571807
0.00459171	0.0008797912	0.002896268	0.06155636	0.001678113	0.02906049	0.001776614
0.0737838	0.04755217	0.0002163995	0.009557542
0.003360328	0.005643473	0.003398648	0.002644703	0.001735743
0.0005210533	0.03088752	0.006763349	0.000971979	0.05513879
0.02833729	0.002285592	0.02058847	0.01592407
0.008771039	0.001146182
0.01052853
0.02881221	0.0008443689	0.07854175	0.01963338	0.005998825
0.02200161	0.01200575	0.01060599	0.013103
0.01418372	0.00128636
0.007498425	0.04180885	0.01346011
0.01830424	0.007625883	0.002657947	0.003850263
0.006296908
0.006991329	0.02629477	0.00442078
0.01684264	0.005423241	0.01379798
0.00803415	0.02096272	0.004282772	0.005149724	0.05734511	0.01420903	0.005634191
0.00895424	0.003579382	0.003302032	0.1811528
0.005354963	0.06183975	0.0390473	0.01433322
0.008895881	0.01579121	0.00980613	0.001786828	0.008896433	0.006896133	0.05534187	0.0212485
0.001352075	0.02223407
0.008258414	0.003281939
0.06648953	0.004845951	0.09481289
0.003768255	0.02166268	0.0111011
0.0335646	0.007484257	0.0036284
0.005346854	0.002255448	0.003038123	0.07832105
0.02717784	0.0191627	0.02630218	0.002822461	0.007437203	0.00476457
0.01212743	0.01155651	0.04251515	0.0004006421
0.00970838	0.02173584	0.008089577	0.005474568
0.01326811	0.0006157153	0.0150816
0.003815096	0.004498684	0.00694095
0.01358125	0.03938667	0.009811487	0.0405361
0.03005098	0.01689869	0.008401984	0.004061598
0.01100035	0.00273744	0.01376222	0.004651916
0.002082689
0.009605731
0.0052436	0.003942838	0.01302107	0.03888448
0.01026432	0.001523294
0.00250444	0.01636798
0.001598476
0.004296409	0.01424404	0.2901049	0.05065448
0.002342352
0.016049	0.01402346	0.003951535
0.005032859
0.06420159	0.005293192	0.003522736
0.04118014	0.0493429	0.002118984
0.02380369	0.0004017482	0.004958587	0.004487641	0.0221664	0.04633835
0.008227376	0.05052645
0.01423801	0.007861208
0.05142945	0.02060658	0.006170136	0.007454502
0.003725926	0.01517272	0.001177133	0.01669279
0.002475322	0.008931821	0.003030955	0.01404634	0.01447303
0.009237058	0.03044411	0.009660696
0.03246491	0.01919772	0.01941294
0.01904529	0.02397262	0.002369995	0.01293563
0.003025784	0.004011528
0.06776769	0.000594252	0.04829335
0.0200381	0.003340427	0.0007347951
0.00582821	0.004652731
0.001109491	0.002774924
0.02456186	0.005010171	0.008216438	0.00726942	0.1424119
0.002528119	0.01115382	0.00956696
0.0005428865	0.01060641
0.01085081	0.00397122	0.003752541
0.01328514	0.001727918	0.06014147
0.002014508
0.01164612	0.03991452	0.004736559
0.002538449	0.002255864	0.0005892137
0.01312694	0.01605158	0.02421834	0.1038047
0.002438463	0.01378182
0.000647458	0.03837126
0.02349317	0.01513594	0.01336218	0.0007726784
0.03688443	0.002909733
0.009131008	0.008763171
0.009603489	0.009046057	0.0202464	0.03449361
0.01432657
0.03578415	0.02276153	0.005516357	0.03760162
0.005614714	0.02178969
0.03502123	0.01542165	0.001517321	0.02796332	0.009458103	0.04774775
0.0008149499	0.01050302
0.001381292	0.003908373	0.004938013	0.01344636
0.01694969	0.05824989	0.001460186	0.002646004	0.003094559
0.001463762	0.02603681	0.1166585	0.001704128
0.003720177	0.02086337	0.006746987	0.006364489
0.003682761	0.05415971
0.01122005	0.01531376	0.02909138	0.01121326
0.04311064	0.001375421
0.01238994	0.002455984	0.01049028
0.002893782	0.002095684
0.001377743	0.005737164	0.00167689
0.09956662	0.00693364	0.02375393
0.1830444	0.007452343	0.002176938
0.03426556	0.005165197	0.001654844	0.01947623
0.002269814	0.004385652
0.001471158	0.007864161	0.08854787	0.002124476
0.00365072	0.003843661
0.003333661	0.01278853	0.005024914	0.01057838	0.01057986
0.00924634	0.04404287	0.06265876	0.008657113	0.007053739
0.0007477315	0.00119983	0.002067776	0.01705218
0.002126891
0.009995912	0.004500962
0.03388284	0.00121599
0.0194137	0.001758113	0.01903037	0.07686535	0.01697452
0.003652293	0.02328297
0.003502989	0.009402702	0.002809684
0.01214128
0.003119405	0.06084448	0.007364818	0.04284651
0.03783104	0.00306612	0.04578045	0.02404671
0.002961273
0.0064232	0.03741481	0.0007489286
0.002780064	0.03620267	0.0002364789	0.01144198
0.003867225	0.009004092
0.001043139	0.0292077	0.001175704	0.00139515	0.01089695
0.02022544	0.02145576	0.02804441
0.1167981	0.004514332	0.0190125	0.01448107
0.003159987	0.006050527	0.001520052	0.03388319	0.02111298
0.006885233	0.003779188	0.03205066	0.1240612	0.09904477
0.01069016	0.1051541	0.0009975458
0.03600633	0.02447391	0.03959531
0.006612908	0.09546348	0.002111029	0.01376961	0.008320146	0.003699119
0.01997466	0.009482709	0.02736957	0.01766401
0.0007507596	0.009216865	0.06683811	0.03206507	0.00160446	0.05098466	0.0001841672
0.07568146	0.01086994	0.0008070844	0.006040269
0.0423029	0.03052262
0.06856042	0.02617477
0.00372863	0.007168874	0.05880183	0.004943436	0.04168172
0.01175376	0.002346725	0.002988968
0.03393836
0.003380975	0.04788516	0.03763535	0.003799608
0.01314492	0.00186361	0.009248	0.005657735
0.03829039	0.0161156	0.006179055
0.01057025	0.01518939	0.005203098	0.06161508	0.01793676
0.02892747	0.00570033	0.08955432	0.0007095628
0.0009855694	0.01385785	0.00367128	0.01228901	0.004401664
0.008878231	0.01120765	0.00541165
0.002595503	0.009092886
0.005361945	0.5563814	0.05005377	0.011681	0.002959355	0.07041677	0.0007411384	0.01999414
0.009057948	0.01024163
0.004427095	0.0005443057	0.003520183	0.01568205
0.008295194	0.03815843
0.04773696	0.01334116
0.009923048	0.03205885
0.1225571	0.01799099	0.002504383	0.006372346	0.01467012
0.05956169	0.002032526
0.02877245	0.06569473	0.02339343
0.02479838	0.009410256	0.005138132
0.03187855	0.01205639
0.0009257786	0.01201292	0.01665616	0.008245075	0.1204033
0.0003896967	0.01069259	0.001001224
0.00732955	0.005801302
0.008242778
0.01182092
0.001324279	0.09388841	0.09394146	0.0140926
0.004532544	0.01684194	0.01776891	0.03854412
0.01378061	0.005187429
0.005740183	0.001826625	0.001205092
0.0009317552	0.009183106	0.01379481
0.04559362	0.004280767	0.00187629
0.01771094	0.004723402	0.0474312	0.003611592
0.005421646	0.007666243	0.002478215
0.01454102	0.01851719	0.004764115	0.003765898	0.002336471
0.005316835	0.004449868	0.01543913
0.03244336	0.02109698
0.1123609	0.008248298
0.04089435	0.002226652	0.02092304	0.01432754	0.003361287
0.005518135	0.002549918	0.02559802
0.03891962	0.006627907	0.001860168
0.007799448	0.001471856	0.00815922
0.04380683	0.01810353	0.001967954	0.05306972	0.01183771	0.09677302
0.07890703	0.002032264	0.001291058
0.003996281	0.0005537857	0.002212708	0.09809451	0.003695947
0.004705821	0.03765206	0.05347766	0.001318514
0.003516045	0.009407586	0.04734609
0.02700044	0.009401103	0.01016962
0.008368044	0.01677784	0.01153572
0.005133346	0.002160319	0.004117673
0.005433818	0.004110176	0.003902834
0.0460294	0.01698099	0.00224456
0.005374687	0.06141288	0.001347327	0.004217147	0.2436742
0.01661984	0.01575377
0.004586084	0.004953252
0.01334698	0.01417501
0.01040381
0.09665859	0.04239547	0.05087542
0.007486256
0.005652387	0.005035746
0.01901739	0.04388854	0.001143094
0.003146114	0.02677565	0.1070459
0.01080455	0.03686247	0.02207891	0.0141962	0.001464425
0.002123297	0.006635913	0.009307968	0.009048451	0.005869331
0.01976087	0.005710794	0.000688308	0.0009122028
0.002011161	0.00837082	0.01671503
0.01180564	0.03076249
0.0102817	0.01115672
0.1183097	9.369698e-05	0.01218482	0.02646625
0.0005040909	0.001131163	0.02849198	0.002913375
0.04327075	0.001354712	0.01573843
0.008732068	0.006089812	0.07989545	0.04271143	0.006059532
0.009256839	0.0007095399	0.002113031
0.01246549	0.002677398	0.0005103291
0.01682807
0.00385094	0.0722368	0.0227494
0.0235718	0.007076641	0.02912437
0.01875406	0.02689326	0.0002603643
0.01815211	0.04888543	0.01663121	0.006053776
0.00317826	0.02533692	0.001548328
0.03375554	0.003444897	0.008328384	0.008399146
0.002201169
0.03803659	0.008366903
0.002398233	0.01596482
0.003479521
0.00834176	0.004155844	0.0234997
0.008749281	0.00546686	0.01024729	0.01270816	0.01739777
0.009397547	0.01441911	0.001252257	0.02109781	0.03292444
0.006902921	0.01673793
0.08302164	0.001785292	0.009645315
0.005348183	0.001911006
0.02267037	0.009168782	0.08545837	0.0573925
0.01625337	0.007467999	0.0003084214	0.004914317
0.008954369	0.007106221
0.01815352
0.006633965
0.0153278	0.01375449	0.01035714
0.0236714	0.01601388	0.005021852	0.01673461	0.003003653
0.06481747	0.01208744	0.02053515	0.005324589	0.004873598
0.003453452	0.002794418
0.003960621	0.01631704
0.006759173	0.008298197	0.07759243	0.01785393	0.01755736	0.003087208	0.001816003	0.1704986
0.01476785	0.002432639
0.005299621	0.002249643
0.03938879	0.01436177
0.01183569	0.003092868
0.01214826	0.06013971	0.01468172
0.01866206	0.01703208	0.0002457864
0.00488956	0.005688247	0.005573755
0.008022412	0.01941	0.0116413
0.01010826
0.007612419
0.06463214	0.002856546	0.01031589	0.0561569
0.007547842	0.003659364	0.005607468	0.07021155	0.009398034
0.00637458	0.0004075802	0.06876912	0.00183857
0.02405154	0.005445156	0.01315614
0.008328451	0.00808446	0.003179798
0.005263947
0.004768696	0.001883913	0.02786135
0.005925762	0.0004573265
0.0351035	0.001052836	0.00169469
0.04943395	0.0064011
0.0172778	0.001660952	0.007703618	0.003069049	0.0675121
0.01852968	0.001260055	0.0004758248	0.004113894
0.002556971	0.003465331
0.01185489	0.02401691	0.007137906	0.01244285
0.003833856	0.006373442	0.1037176
0.01386674	0.5185369	0.001729247	0.006738939
0.02841802	0.005055447
0.1833337	0.009864785	0.1882069	0.03047399
0.002760529	0.003418317	0.006469118
0.007468047	0.006503583	0.003847205
0.003117665	0.002840245
0.0003190536	0.009946821	0.0069679	0.006772285
0.03478069	0.001416662
0.01057481	0.02413032	0.01743441
0.005566575
0.002262154	0.01042664	0.006789761	0.01467929	0.01602498	0.001746787
0.004924734	0.00189081
0.002535173	0.02487284	0.004442192	0.008097948	0.001684628
0.00214326	0.001895963	0.003965645	0.01047658	0.01346022
0.0156276	0.002838889	0.02567209
0.0008930318	0.00150113
0.00121443
0.001554512
0.0131442	0.006463887	0.04869161
0.02592165	0.008927812	0.003234961	0.002368052
0.00490089	0.00474873	0.08650997
0.003806006	0.02629567	0.04344004
0.01089171	0.001781833	0.01531322	0.004874942	0.001629703
0.004078903	0.136982
0.002663946	0.02868529	0.01855652	0.001266165	0.002295325	0.01025814	0.04737606	0.0009954372	0.017462
0.004512946	0.01510576	0.02347414
0.1091014	0.8702729	0.001860852	0.005562856	0.2177633	0.0142937	0.002627533
0.02343239	0.004639647	0.02630058	0.0093137	0.03475775	0.06527305
0.02408037	0.02286731	0.01043215	0.01798882	0.02150663
0.02502422	0.01642747	0.00768901
0.01201991	0.06862904
0.02652977	0.001065729	0.009542713
0.01500089	0.03508479	0.007646301	0.04999006
0.03624704	0.008146942	0.009438756	0.002196823
0.008515311	0.002552901
0.0275086	0.01337702
0.003622405
0.01707685	0.01098454
0.00180181	0.02015336
0.004834034	0.02484259
0.003405144	0.04360273	0.006769775
0.02273453	0.0234503	0.01911224	0.01016218	0.02724667
0.01001657	0.008797547	0.003634363	0.002078874
0.003229834
0.01002389	0.01310319
0.01210031
0.01810243	0.009852457
0.01478745	0.009723299	0.0009257512	0.02691544	0.01002642	0.01980427
0.1191864	0.003207111	0.01490894
0.006912368
0.04050131	0.002053784	0.04423928	0.03095318
0.01191209	0.0005692355
0.006131489
0.01404717
0.005858696	0.002556369	0.001628413
0.02875851	0.04949184	0.004011423	0.04050744
0.003768033	0.01239244	0.1045828	0.008812599	0.02956013
0.002807051	0.009178725	0.001911201	0.003077126
0.006289257	0.111874	0.04921511
0.0039125
0.0007933124	0.001831797	0.02216899
0.005690071	0.000725331	0.09262111
0.02689204	0.0004805155
0.02186311	0.007186024	0.04109246	0.009918408	0.006487337	0.009853036	0.004699768	0.03346686	0.01335033
0.004980593	0.005332853
0.003349404	0.0136788
0.02358754	0.01568342	0.00280601
0.05719763	0.0140659	0.09176221
0.0007747673	0.009257334
0.01092914	0.004947832	0.01254245
0.03353898	0.009794505	0.0286308	0.004719663
0.07182015	0.01894107
0.007208257
0.005177154	0.002696892
0.03113572
0.009687711
0.1611768	0.03636309	0.003136119	0.001545982	0.01170283	0.0008119792	0.00831511
0.0003496921	0.2319377	0.006720975	0.004498228
0.005043607
0.01011289	0.001834139
0.001580732
0.001118849	0.005134107
0.003498023
0.01614634	0.01625596	0.00127365
0.005341799	0.005842638	0.02410255	0.002700789
0.006320487	0.008615683	0.007326501	0.004503066	0.004924309	0.005491117
0.004843828	0.008689718
0.0038626	0.0001203018
0.004210051	0.0002893474
0.145194	0.004006902
0.01091878	0.02490883	0.003201889	0.03557259	0.03746727
0.001862081
0.00391389	0.0335624	0.02237451
0.0151747	0.005552108	0.004194962
0.01899642	0.0003510506
0.00976084	0.001169263	0.007136986	0.004868421	0.01046514
0.002582842	0.01087792	0.004573582
0.01239241	0.0536618	0.01639181
0.01305696
0.001634898	0.0005244614	0.005033484
