MassExtinctionTimes
18.58612
10.87133	14.59634
16.21663	5.037779	12.03935
17.4916	10.77019
16.49456
18.48336	1.181508	1.981422
16.94096	18.30283
8.940086	16.71242


12.92117

17.3141	5.29128
6.444324	0.8550283

17.48048	15.75492	6.295529
16.7915	13.35192
9.593646	14.44692	15.41481
17.54009	18.66602	6.937605	11.46556
8.889859	17.71217


14.65373
10.51528	3.21909	4.059493	10.06275	14.8095	0.3373737

14.42046	10.46012	15.77967
16.42912

9.578487	10.4443
15.67056
18.20628	15.10978
9.089183	10.69713

7.427579	18.62809
18.99732	9.402337	14.8868

11.05786	18.15838	6.753961
18.35103	12.88419	15.1119
4.18984
16.93155	1.979671
14.16561
6.631497
16.61988	0.3791525
10.35465	18.13936	0.1220755	14.13834
18.03375
10.26278	8.601909	0.8562221
5.84452
0.3654366
18.2398
18.34344	13.16446	19.63669
19.53418	17.71979
8.476917	0.6255476
9.636616
10.72516	18.28741
13.81229	18.51181	18.90406
1.213466
16.39191
17.14563
17.71141	7.162291
9.439791	16.29436	11.84426
12.37328	16.01519	2.015949
18.78889
11.1099	0.1775265	11.95794
16.54945
19.01388	9.756276	19.08066	2.177862
14.75723	14.23514	17.49887	1.630638
4.048195	17.50883	14.29066
5.818741	14.8928	9.789192
17.04672	11.59627


16.91994
18.21494	11.67488
15.937	18.83515	7.089989	10.26419	19.06532
15.81138
19.11141	16.51555
17.82596	17.0169	18.51347	7.12608
18.07526	16.28869	15.51919	12.91339	4.576435
12.19335	17.85918	16.75616	8.831842	3.906845	7.673309
18.63136	18.52214	0.3679736	2.679676
9.098155
17.39295
6.630722
24.53927	7.904869	18.64288
18.0519	6.093119
17.08382	17.15579
18.85389	16.25732
15.57364	17.14027	1.728312
16.79968
17.96348

17.70436	14.96134
5.92854
18.40403	10.3265
6.586204
15.63762	8.705463
16.31073	18.63697	0.02838126	14.12232	1.8365
6.0462
2.879312	12.45765	17.97415
16.88228	12.91021
13.25875	4.49606	19.01748
12.62304	15.48719	8.548913	18.36661	0.3437639	0.5106987
13.52209	3.412736
13.85648
17.75044	9.271307	12.01056
16.72112	0.1069474
10.63895	3.704848	14.56424	15.14318
14.85395	13.42108	16.56465
9.937809
17.35773	7.326948
16.73106	0.2181886
18.06594	13.05478
18.41343	19.11894	9.916675
23.91825	17.93387	16.51301
23.55216	18.46896
18.10982	8.564839	15.42353
12.40292	17.10008	13.94897
18.39828


15.55307	2.958948	16.48486


15.37263

19.17678
17.5269	15.13743	15.41997
9.365954
15.64425	12.63305	7.48046

5.577502

11.49002	10.36441	15.68145
11.15769	18.10433	19.42683
16.90474
17.86331	14.39919
2.700959	18.57421	10.85603
17.15538	0.3297922
17.20287	14.89347
11.06299
7.797905	18.37252	2.087452

3.323792	17.47737	18.67163	13.01677
14.6184	18.28659	3.688994
10.58307	18.67424
18.17353
14.97001	8.674029
18.46232
14.36925
16.02221	16.51462
17.86037	7.065135
9.83695	9.871532
2.851025
17.50435
18.3749	18.28001	16.39218	14.80592	9.32993
7.417489	14.30882
18.16666	17.53978


10.98173
15.23025
9.467723
15.67226	18.40903	15.2391	7.312574
13.02054
18.37375	0.4378041
15.55233
16.87082	1.174944	9.983494
18.8766
14.64347	17.99391	10.00982

14.9094	8.211922	19.01199
16.87986
18.50326	17.60086	17.9449	7.170676	11.98864
17.69181	17.24661	3.325107	4.217801	8.00452
19.51055	18.38096	16.15931
18.08968
15.97237	18.33312
15.57792	15.44263
11.64821	10.75011
12.28122	9.56207
15.39998	12.99311
16.4252	17.41882
9.751231	17.66889	15.71557
10.76511	17.16659
14.51906	18.46857	16.48039
14.94999
9.807263
18.5041	12.59898
16.68928
19.31457	10.40919
18.14447

13.21052
17.21716	6.254194
11.69253
17.22757	9.533406
18.29368
18.41688	3.045298	13.32688	15.99918	11.29205
10.6717	16.70748	13.97639
16.74559	14.99204
17.11738	0.5810164
16.91241	11.82319	1.779829
18.1583	8.636709
18.18831	12.53844
6.624397	18.54418	9.941222
18.8431	18.22827	12.54543
17.12951	0.4193092
17.3088	15.78693
16.23136	11.28577	15.02333	13.07858	16.99731
18.28145
0.5667899	15.05944
3.219718
24.81862	17.50386	8.177367
23.71389	11.94292
24.68413	4.482677	19.11588	11.38137
24.72015	18.06818	9.704892
24.52726
24.45857	12.80485	16.85022
17.30257	3.537649
14.13762	17.36915	10.48688
18.33506	17.98601

2.737161	12.21287

16.64225	17.4367	9.584471	17.16309	18.66757
18.41663	16.30103	17.66223	10.73698
18.51422	16.70846	14.68121	5.90559	5.6895
16.73335	8.107048	12.31745
18.03927	7.319752	7.380567
9.847663
18.27295	17.65
17.69688	10.64401	17.97326	15.35335	1.609977
7.873475
1.038061	13.01259
9.955396	15.62015	17.80428
13.11977

17.19482	4.966033
4.159283	17.23753	16.0972	17.27019
14.70001	17.03186
18.50808	15.3212
17.23268	18.39031	14.64465	12.10284
16.20071	18.46724	2.385789	17.32901
18.22509	14.14349	17.01103	17.25532
18.11003	3.755591	11.53576
19.00811	16.02083	9.15021
18.98576	10.16692	13.62556
18.48884	17.0855	15.02995

9.613946	17.45951
12.32444	18.21855
11.32614
17.15121

15.38866	5.464231
16.8022	7.899146	11.72536
15.54904	17.34813
19.60329	0.291362	9.070278
17.91328
19.12405
10.6447
5.768512	3.257964	14.95187	18.1617
18.1023	4.037512
2.664448	19.18792	10.68435
18.4945	18.06798	8.341243
17.9548	3.004577	17.19523
15.09169	18.4816

18.20298	1.713305
17.7276
18.36025

1.38708	18.12077	4.217535
17.46492
16.79715
3.040932
8.868725
14.04091	10.79738	9.715383
11.18303
14.22667
14.45457	16.21404
12.89218	13.62396

16.39401
18.46381	11.97515	19.4839
18.7318
9.299823
11.82209	15.89375	17.48551
1.489777
18.40216	10.88451
14.84309	17.35427	12.996	8.590597
17.16777	9.109463
16.35325	14.84048
15.67123	0.1549933

17.84128	3.415538
18.13545	15.92202	2.664727	4.92026	15.54438
18.40901	23.87622	9.503797
17.87245	6.814089
9.354235	12.87796
10.97429
18.00419	15.77119	19.09178

18.41146	9.054995	7.723004
18.00111	0.7939939	11.6854	9.939196
17.14006	8.351977
15.6781
15.63482

17.57816	18.16394	5.654175

2.955074	13.07783

5.15317	15.57327
18.32502
17.42693
18.473	9.275163	18.38196
17.88986	0.5895736
9.562109	11.77427	15.03998
17.9112	3.189138	1.316954
18.37157	15.24464	17.14065
15.99432
18.3901	15.42251	0.0670691
18.34495	18.01972	10.94463
4.292548

15.79314
18.02344	9.84038
11.35164	14.3105
16.72374

17.14874	10.24716
11.5039	15.22289
11.42612	8.59422
18.44607
10.91374	15.80515	10.04215
1.617921	17.18991
17.60996	1.245169	15.94103
17.12042
19.02593	17.22786
16.13213	0.04524994	16.89501	7.04115
18.2841	16.23771
16.69489	13.58454	4.862256
3.933245	17.82298
18.07346	1.372991
17.28633	13.69104
18.41808	18.35974	8.755029
11.15314
16.93225
11.21304	16.43096

3.900589	4.675739	14.04712
15.42288

15.36035	15.40231	17.70626
18.23342	17.93626	9.809933
14.01391
15.741	16.7476
15.8815	1.856559	15.37022	17.72403
13.80775	17.96057	11.37348	10.09554
10.74139
16.55258	13.20904
15.47994
18.42569	8.695893	8.579288
4.459182	15.0793
10.11875	8.371182	13.06031	18.64951	12.08314	1.977526
17.67138	12.77702	10.72898	16.73721	18.00255	11.66409
18.22138	11.48389	12.18553	17.90612
14.42119	10.60886	18.43017
17.07691	9.795953	18.4047	11.05572
9.226885
13.31129	18.2933
14.28641	18.10515	4.793774
6.362353
0.6673213	18.94261	15.69616
10.93723
17.88459	1.415412
18.30729	17.30899	4.124166
18.9534	16.51599
19.51959	16.48872	13.07776
17.75222	10.95795
11.73101	15.08775	1.557858	0.1968256
16.91788
9.979076
10.05052
4.790814
11.59127
17.17335	16.60777	1.001794	11.57989	13.94099
9.831033
12.37402
13.53425	18.24852	8.998022
18.35583	8.334684

18.22007	18.85206	8.559477
17.25842
7.175897	16.27001
16.6375
18.35583


17.16749
12.64288	7.879579
18.22237	14.67595	10.94724	14.78686

17.01777	16.12016	17.06001	1.907141
18.40447	10.7594
17.19452
4.014787

18.42264	8.958969
4.57236
18.30537	14.53632	14.76557
16.77964	13.89877
16.8597	18.06505

17.34363	6.244144

17.50371	9.607964
12.21517	9.364572
9.920194
14.83621	9.749073
15.28384	14.39092
9.214423	18.4506

4.24108	18.57332	14.41689	19.45706	15.10172
17.21293	19.31849	10.77579
9.084632	17.11143
15.88948
15.04341	16.95161
18.234
17.70926	4.643723	17.39329
18.39293	16.99021
16.75214	15.39119	18.53548
10.07465	12.43621
9.857042
16.99951	11.42249	4.088214
17.19263	1.148506	0.05118002	12.17478	0.6008534
4.373982	0.7977072
0.8432658
15.07746	17.94832	8.969771
3.767948
14.29354
16.71239	4.610098
17.13576
14.37195	16.83671
4.991027
17.57552	14.77528

11.97276	13.31847
16.933
9.485852

17.78043	12.04377

18.87813
14.72916	16.84051
9.651374	12.75699

15.80199
18.27273	11.99832
11.46848	15.50656
17.27778	19.08332	3.485262	10.80509
10.28895
18.23332
14.85842
12.2125	13.82217

15.46741
1.367451	17.73281	2.065514
1.85909
4.852338	7.767317
17.10767
8.666621	11.03081
8.388004	16.42358
14.93641	3.515579
18.30623
18.07412
15.75018	17.4006	6.766597
3.284454

18.50036	8.633279	17.21429	11.62626
18.055	11.46057	7.754897
16.47857	12.44655
8.088461
15.7512	18.00964
18.00897
17.1719
17.61566	13.41155	11.03348
17.85313	0.4760214
10.07517
18.07945	13.78119	15.15555	17.92649
16.3398	14.97474
18.11304	8.383148
12.6029	13.04307
18.40908

9.007522	1.601798	4.412834
18.10838
8.979718	14.94788	3.11013	0.1483585
2.195689	12.99123
0.2703052	16.30909	13.06861	17.01142
18.2981
11.45015	1.468916	18.0719
16.00442	1.838044	18.51797
13.84097
16.46986	10.72215	8.882025	13.5857

15.6831	14.36302	18.57224
16.66003
19.04587	15.73972
18.42794	7.686806	19.44155
6.983527

18.12848	14.81681
16.70872	18.44972	7.301016
18.77708	17.11978	9.559195	6.084329
18.34948	18.40562	11.52278
18.36758
12.1889
11.31674	14.83483	17.7008	9.471178
17.96518	14.66544

17.50904


0.4973978	9.912154

8.211846
18.86025	16.92405	3.32388
6.072478	14.21661	14.6555	18.04713	11.41812
16.94264	6.162654

12.2076
17.85844
17.37335	16.46394	16.41144	0.9951401
15.4947	8.419575
16.93921	18.11939	18.53599	9.501612	5.61029
17.95898	15.71159	10.0771	0.6491297	9.607184	16.70114
18.13633	15.21547
17.91951	18.445
17.35005	16.67019
17.19229	11.16354
18.00073	8.895038
17.91744	10.3814	17.80005
11.74039


16.95363	18.48675


17.51383	16.9166	4.174449
10.98103
14.94133	12.63643
6.620602
9.166999	18.38503	15.71184
10.27191
18.32477	9.289524
10.03918
17.31275	11.19984
17.83562	6.532071	16.9145	18.92959
17.35152	12.16441
18.48908	19.0114
13.85604
17.87701	18.28559
11.86582	15.52435
18.38518	17.12577	14.70192	15.93345
16.64141	17.33766	15.61058
17.30635	14.11445	12.59468

17.89556	10.38095
17.05499
11.6241
13.06034
15.1062
4.550665	11.93656	8.755462
11.51572	18.02076
17.47588	10.97762	15.22744	15.9121
12.99725	15.50457
15.09631	18.41299
18.3703	6.027664
16.57391
16.7561	9.829926	4.191812
11.89053
10.87328	11.75854	17.98561
1.505881	3.151305
18.15969	0.4734419

8.554214	16.98285	1.285978
14.86727
17.89052
15.13018	17.06395
17.97802	17.06416	11.51805
12.45919	17.93596	8.454227
17.0756	18.40882
15.92895	7.104566	18.9468
16.63253	18.27211	11.98094	12.67467
16.9303	16.3013	11.46142
14.40187	18.00218	19.40802
5.521819	8.817162

15.49528	17.19111	11.22636	18.37022
14.39362	14.67443	18.17743	0.2712682	19.26624
6.420773	16.64472
4.072246	6.632933	15.12606

17.74401	12.23894
7.620452	0.08772448

18.47629	14.13905	10.335
9.830365
18.42147
17.40837
17.81773	9.837245	16.89691
18.18893	3.405546	12.00435
14.74248	13.93978	12.7636	10.07609
15.58904	10.20191	10.19226	3.516293	17.82827	13.09636
16.73043	14.32793	11.05216	0.3189281
16.65475	13.48666	17.99777	4.27939
3.615204	13.39177
15.76802	14.92122
17.10114	14.54418
13.83621	13.93636	17.665
9.905875	18.39543
17.70564	11.05814


0.5681665
17.881	18.5037	17.25044	18.3347
0.1487734	18.35957	12.40686	10.55698
17.8128	11.39581
7.142947	17.18502	4.620298
17.67648	13.65993	17.71097
15.61206	7.408749
1.156203
8.355555	17.48806
18.29739	18.26394
18.24691	0.2866938	17.99982
17.55178	17.88113	16.839	8.499672	0.5731509	13.45021	8.72503
17.2835	16.05714	9.011559
13.67478	16.70705	17.32977	11.64243	7.693226	3.773025
19.29521	16.18873
18.02831	13.04288

11.33092
18.10684	7.903874
18.10429	9.190613	2.262808	11.82027	11.79001
18.28553
17.6609	8.119718
18.2782	18.35394	9.841988
18.25135
18.11797	8.28318
18.08757	8.205682
15.88003	6.264476
15.18452
11.31685
17.83155
3.482011	14.42292	4.300422
17.52335	16.66616	16.34686
14.44624
11.87245
15.73084
9.246338	14.4666
18.01749
4.743803	11.16919
18.45422	8.727357	5.367508
15.60593	16.05327
18.15867	15.47223	9.534876	16.49616	17.13655
14.49985	18.31669	9.807146	6.928063
18.10271	0.3291123	9.731719
13.61618	16.02401
18.32689	11.37781	15.82429
18.86925	17.56183	14.23946
17.77872	4.106633	17.51604
18.16617
7.763621	16.19099

17.67196	17.94872

5.029183	13.7862
18.49884
14.05468
12.21797	11.39471
18.54782	16.11786	1.784338	9.138127	0.4349925
18.21488	0.2340418	18.32447
17.41857	14.37958


18.40475	3.898425	9.345728
18.40305	11.13328
17.27562
14.89301
16.97651

14.90747	17.34656
1.273405
16.82046
18.39307	16.95263	3.248081
16.20994	15.24134	10.16167
17.09933	14.49763
16.50431

9.679684

13.14	18.61447

17.55819	18.14355	13.86829
1.692256	17.2534	10.80988
18.47186
15.66155
16.70432	14.54886	14.68292	10.99364
9.316561
10.17389	15.8157
4.087616
17.24201	18.99576	10.07983
9.880321	8.725636
14.78858	0.357332
18.44701	17.53482	1.97214
18.04816	16.064

16.22842	14.60605
3.727199	17.79589
12.22655	18.47457
15.28375

16.48533	9.744133	0.1168334	2.654571
16.3135	18.17901
18.97828	18.45001	11.81261
16.29725
12.62508
13.89544	18.42909	9.243907	18.44599
7.158772	7.865792	17.25692
12.40697	16.87477	18.17389
13.09791
18.02231
17.22607
17.23601	19.19957
15.21875	10.90643	10.01265
15.06381
14.92638	8.912619
18.29732	3.450622	13.04988	9.101803
11.37364	7.517086
24.65483	16.45478	24.99237	14.81114
24.99237	4.251392	15.72119
24.91986	18.49995	4.611131
23.51916	18.54423	16.84497
14.21083	0.1560079	18.56871	0.1589763
13.91794	11.40309	18.39214	1.791312	3.39787
3.830381
17.17496	6.367544
17.49965	0.1283604	14.07502
16.81505	17.84357	7.187493
16.96049	16.63125	13.85707	10.49351
15.482
18.44471	16.66392
13.20424	0.5284089
10.48132	15.72885
18.5241	1.208501
17.99468
18.47785	8.292581
18.39497
16.73068	15.2856	6.639327
7.44081
15.80639	2.257489
9.91991
18.56323	15.1456
18.44596	17.24059
16.7529	11.55325	18.35852
4.143355	16.96818	18.32298	9.778208	1.715316
0.5785197	15.62824
12.49266	6.163112	3.560274	15.72804
15.54784
17.72404	15.2148
15.81199	4.264083	2.209463
18.41087
16.65365	14.2718	0.1015258
19.55332	14.70952

15.5748	8.49727	12.12619
10.09369
8.912963

11.14319	3.624491
19.01782
18.01949	17.6345
3.831802
18.44342	14.44502	12.64906
17.54619	9.803086	3.972157	14.85643	18.46047	8.435221
15.63887	10.67832	7.551577
14.76592
17.8551	11.24168	17.76882
14.69449	17.9163

15.0594	16.95523
6.885432	16.67246	2.305147
10.80952
5.498628
14.65438	16.7758
3.368199
14.9144
7.173456
18.30897	17.7633
3.767832
13.25783	7.909997
13.51824
16.8615

17.15016
12.1773	2.904381	14.48184
10.61468	8.794231	0.0717095	15.58064	18.76736
6.00439	11.76017
16.549	0.08610619	1.63009	14.62889

12.42312	17.65178
18.2454	4.107482	9.437175	9.538644
1.617422	17.44211	15.50766
16.42851	18.4208
18.26591	10.4978
14.19798	3.172131	4.304011	18.29067	1.073448
17.98446	18.384	14.29847	2.402443
18.15697	15.41394	8.125855
16.9578	16.939
15.14292	17.68612	15.27455
18.01372	19.5664	4.24986	12.23822	1.164197
7.508709	18.14009	15.74663
18.19018	6.417172
16.45614	15.99576

17.23675	13.75143
1.030706	3.2468
1.864647	8.756052
