SpeciationRateChanges
23.94009	21.69846	18.14866	6.400055	8.285157
23.94009	22.27746	16.80977	10.24723	0.7774429	11.20852
23.94009	18.28719	21.15167	7.238617
23.94009	17.08263	21.70321	0.2250366	15.0845	23.46226	11.17349
24.3064	18.83668	21.70321
18.12714	21.65095	11.51779	3.462555
14.52637	22.27009	24.02917	0.4945775
23.94013	16.99746	21.37421	14.07628	1.64454	1.62878
23.94013	18.34123	22.24186	4.822155	11.86139	1.128096	18.05084
23.94013	18.39933	21.19095	0.9271751	0.02271185	8.650581
23.99707	18.12676	21.64723	12.76013	21.61716
23.99707	18.59471	21.60129
23.98891	19.12118	22.09952	6.736237	16.39746
23.96784	18.46834	6.863405	22.26798
23.98224	17.76956	21.7557
23.94852	19.07476	22.22817
23.95015	21.65056	9.412184	4.653487	0.2224076
24.01547	21.69457	0.529397	22.35769
24.22397	22.33974
22.06938	17.6204	14.83371
22.27997	18.44229	2.784116	22.87426	1.869395
23.98384	17.89229	21.71728	13.50338
24.01494	19.13123	21.26619	6.222279	18.69387	21.08615
24.18828	18.57314	22.10352	7.780864	9.147003	12.10439
24.08341	16.88181	21.72531	16.23035	4.594636	4.040163	4.529962
24.01446	18.56904	21.11315	0.2344971
23.99713	18.3762	21.4118	5.999922
23.96548	18.01031	20.99134
23.78505	21.68358	18.58529	8.673579	22.51153	6.027198
23.96673	21.74022	18.40609	6.51069	22.46239
24.01213	21.08647	18.6748	2.890712	13.21169	5.435665	10.73917
24.01213	18.10282	22.1224	8.829563
24.01213	18.83801	21.77699	5.600948	18.37617	4.06259
23.80665	18.309	6.156699	21.31289	9.775614	11.64244
14.6678	22.33782
17.02794	23.89611	2.199421	21.4019
22.25687	17.1406	6.868987
21.2037	14.82977	12.47076	3.876617
17.42765	22.38982	1.197942	2.784245
18.46	21.38211	21.75713	21.70582
18.51096	23.94894	22.3334	2.581564
17.06253	23.9788	22.26231	6.779925	3.426149	4.653327
23.9788	17.09353	21.69991	22.2033	14.15434
16.89615	22.24233	2.337452
22.08824	16.44863	6.351956
17.10374	22.20575	23.98415	23.3904	4.948975
18.41276	23.96983	21.778	13.03523	9.091468
17.91349	23.96983	21.40792	20.92662
18.42447	24.02925	23.26798	13.97812	21.89016
14.76871	24.18679	22.37355
23.94315	21.08882	15.79206	1.178559	15.56689	22.05332	8.185851
24.29996	21.80206	18.44209	8.472217
24.00777	18.93597	21.91614	12.52177
23.92218	17.22565	22.3679	9.559477
23.88744	18.18979	21.0116	20.65507
23.94054	18.48319	22.15426	4.111805
24.00365	18.48482	22.33586	23.86684	16.63661	5.793594
24.01492	18.44746	21.70088	0.2106754
23.9529	16.90823	20.81558	23.14715	0.4564615
23.9529	18.92436	16.14443	21.44753
23.9664	16.81425	22.5463	15.01189
23.92419	16.96048	21.00158	14.88465	12.78089
24.22195	18.46533	21.72123	4.404975
18.42984	23.9562	21.88597	6.099631	3.283302	17.73194
16.67018	23.9562	21.52398
17.85722	23.9562	22.42884	5.839521	23.34877
23.9562	22.34156	23.33874	5.085888	17.06155	10.89842
24.12448	21.69493	18.49064	6.277727	14.65991	16.82027
23.9814	18.11637	21.81451	9.493825	17.29419
23.97105	18.31418	21.6441	2.537842
24.31811	19.05027	22.03194
18.46268	21.14913	2.980514	23.86935
16.60381	22.78339	24.11247
22.24675
21.65826
22.23673
22.40036	21.58688
22.01821	24.03698
22.25075	23.96299
23.96112	21.76446	16.69175	4.198392	6.007837
23.96543	22.07079	17.25836
24.02105	18.05007	20.65552	10.94702	3.116142
24.10255	18.37631	20.61012	22.80122	10.85395
24.04987	18.74824	18.34586	6.462019
24.04987	19.7371	22.09278	6.733523	3.511161	16.35782
24.08618	18.31408	22.06233	7.959292	14.32428
23.98677	17.03991	21.92421	5.367641	9.659934
24.01768	18.94083	21.70173
23.94029	18.19789	20.82509	18.16581
23.94964	18.32601	22.07731	8.600317	3.575858
23.94964	18.45151	21.28598	1.571485
23.94964	12.4569	22.05537
23.94675	22.41655	17.6409	23.57592
23.94675	22.21577	14.8972	4.176591
23.96829	15.52711	5.936166	21.81617
23.95983	18.27454	22.98072	21.12295	23.76486	2.870524
23.95983	19.4812	21.59873	15.22839
23.97202	16.94193	20.87863	6.733016	1.720844
23.93925	14.95218	22.3532	14.89451
23.93925	21.84813	15.23174	13.86636	10.68008	23.60926	0.8647583
24.05755	21.06564	17.925	4.227557	8.48288
23.99498	22.26952	18.29658	0.6891576
24.08923	22.15706	16.65645	6.167725	10.99435
24.02072	18.42818	21.38237	22.89448	6.105344
23.99954	16.8411	21.66945	23.74473
23.99954	18.32003	22.35768	2.614919
23.99954	21.64901	15.20352	12.90429
24.02522	21.40779	17.80485	6.821414	11.57459	5.172196
23.94404	21.65591	18.22959	3.256955
24.10228	18.94689	21.74217	1.006978
24.10228	18.13613	21.8808	2.506663
24.0764	18.83756	21.44076	9.955502	11.68385
23.95835	22.5376	16.69225
23.95835	18.35515	16.44952
23.97676	18.35816	6.262177	10.18923
23.97676	18.93333	20.91165
24.0557	18.82374	22.35739	9.922743	18.98646
22.30173	15.46694	21.79981	13.36113
21.68515	17.45737
22.08185	17.11963	8.51693
22.04351	18.44258
22.05582	17.83245	11.63368
21.68579	18.73832	7.912192	5.575747
22.16337	18.48758	20.63775	7.567016	8.011757
18.2003	22.29826	14.19566
18.52269	21.39853	9.13033
18.1009	22.05329
19.01854	22.33366	20.9214	3.900729
18.1772	21.50076	16.51244
18.34731	22.12472	5.283325	22.19882
18.38644	21.71339	9.098026
18.37595	22.34883	13.43003	2.456406	3.132128
21.73754	24.02233	11.28453	17.22275	21.68464
21.63346	24.2412	17.29399	9.3952
22.25902	18.32236	5.183828	20.99969
22.24286	18.68434	5.587487	9.047212	9.068094
22.06258	18.08737
22.14272	16.9981	2.044173	16.88798
21.73371	16.94709
22.29801	18.48224	21.75077
21.72871	18.04181	1.42355
21.66929	17.96752	5.333817	13.08606	11.57491
18.28019	21.70052	24.10021	10.73936	6.469143
18.16125	21.70052	24.0679	1.524239	0.5869077	8.552506
24.01685	15.68607	6.32031	21.25801	0.9458905	21.34887	21.17472
24.01685	19.99388	21.11715	15.36339	6.19332
24.03258	18.65664	6.600004	22.07308	22.21665
24.04548	18.19932	23.67832	21.07584	17.51163	0.3508605	4.144049	9.616685
23.95389	18.15451	21.60177	10.07428	1.172498	5.939036
23.95389	18.88853	21.67277	12.06512
23.97594	21.74472	19.40675	18.82256	15.14462	3.230614
24.06109	21.37992	17.60431	8.38323	15.72013
22.22407	18.27428	4.480819	14.04286	1.840599
22.37128	18.20644
22.05611	9.549027	1.190812	0.3931772
18.39015	22.11455	14.15835
21.7266	16.74415	23.99002
21.66353	17.18869	24.03152	2.791559	23.05043	0.9428772
21.00612	18.85439	23.96917	22.74415	12.2591
18.40171	23.97806	21.86883	10.29014	9.253377
17.94852	24.09016	21.88743	20.85743	8.273936
18.45653	24.09016	22.5457	2.108332
24.01967	21.95304	10.73926
23.92992	21.92425	17.42786	16.11869	17.07459	22.51442
24.31743	21.4785	17.14353	7.457186
24.00007	21.63103	18.54697
23.97962	22.01533	17.92699
24.02962	18.47048	21.64736	6.420926
23.98556	16.83221	21.90586	23.09963	9.322519
23.93918	17.29643	17.25072	15.79172	22.10007	12.50506	16.89661
23.93918	17.98262	21.57101	13.09486	7.943233	13.62632	3.177096	12.75463
23.93918	15.70678	22.11809	7.119933	6.241691
23.93918	11.62857	22.07515
24.04341	21.66279	11.27422
24.04341	21.36433	15.50365	5.524333	6.057775
24.34477	21.67856	15.4106
24.18288	22.54993	16.31122	3.191345	22.18515
23.9438	22.16256	19.31184	6.023232	11.05417
24.06333	21.75389	19.066	13.28842
23.96543	18.39064	22.37455	11.00055	23.10002
24.0032	11.60408	22.06491
24.07221	11.38269	20.75773	23.81009
23.9875	21.64671	19.11232	18.77786	12.4506	5.929204	11.30811
23.95756	22.41661
22.55384	9.616083	24.22707	5.2945	22.04004	22.45007
21.70403	24.22707	18.26571	5.577251	3.811637
21.8273	24.00832	18.50764	6.315324	4.208774
22.09738	24.00832	18.35875
24.00832	17.95465	22.30156	2.280542
23.97249	17.35194	21.63737	7.382948
23.97249	17.09797	22.335	11.73728	5.067637	20.71369
23.97249	18.44731	22.05786	2.296093	23.57023
23.97249	16.57713	21.19023	3.1204	15.13962
23.97249	18.23746	22.34552	10.53873	18.1031	3.467866
23.97249	18.47605	22.06039	13.00776	9.003972	9.630645	16.94265
23.96794	18.34609	21.71538	17.97985	22.88456
24.17187	18.47752	22.06197	23.84025	16.04186	4.638769
18.20409	21.46493	23.98315	13.46602	15.04486
18.34225	21.498	23.96548
18.26542	22.17345	24.11321	14.52468
17.95162	23.84974	0.5683953	21.80106	0.7604314
17.97577	24.24479	21.18555	8.380943	6.263265	5.93193
18.50172	21.70385
22.43701	17.18613	8.595475
22.59619	15.81731	4.54963	10.24097	5.189902
21.96449	18.08879	23.95849	12.81696	2.347262	6.630473
22.38033	17.89155	23.96124	23.6007	21.76765	17.69529
23.96124	18.80667	21.45394	5.851707	16.25907	9.376555
23.96124	22.07196	19.07213
24.01558	18.48584	22.35919	9.94934
23.94097	16.88431	21.31683	10.90476	13.8732
23.94097	18.00811	20.67225	5.059012	2.578925
23.97273	18.62015
23.97273	15.15987	5.638949
23.97273	17.13908	2.112695
23.97273	16.33822
23.99334	18.24076	21.37229	2.060895	23.97245
23.97391	18.92161	6.816573	1.120963
23.96586	18.22851	22.37745	22.071
23.98105	17.60585	20.98355	5.006653
24.00056	19.55344	1.843731	22.03652	16.66193	19.42224
23.95455	17.05053	21.68619	0.937462
23.96837	18.60144	21.68619	1.064772	18.01309	17.98328
23.96837	18.94788	21.68619
23.90204	21.86164	11.34678	0.9878328	8.793545	7.19898
24.03364	22.29158	10.07275	5.298153
23.99847	1.197785	21.68359
23.94511	21.23365	19.23183	23.57463	21.04662	17.22684	0.4379578
23.94511	16.39845	22.21091	5.836031
23.95822	17.12409	22.05113	4.592462	20.93912
23.95822	14.55889	21.46874	13.70058
23.93991	16.8129	22.23014	4.326125
23.93991	18.14597	0.2403942	21.84074	22.86543	13.69631
23.97919	17.87255	20.82444	2.323671	23.57077
24.18449	21.66215	17.17119	8.55235	10.7281
23.99804	21.71391	18.84922	23.69747	23.50513
24.00779	21.89869	19.01022	3.539459
24.00779	16.5251	21.59671	12.30533
23.96904	21.72631	12.57824	23.58533
11.67913	22.12664	12.50821	21.54855
11.61931	22.06786	5.328767	7.820637	20.95953
11.42922	22.27898
10.6465	24.31989	21.35147
24.0399	20.99679	6.920684
23.92654	14.9204	21.69952
24.01646	22.00557	13.92109	7.368019	13.77455
23.98133	17.89485	21.83518
24.08475	15.22626	1.251978	21.8791	14.48041
23.9811	17.25307	22.22798	8.603831
23.99062	16.72042	21.70351
23.99062	18.43908	21.57973	23.62594
23.99062	21.6835	18.71025
23.95206	18.25707	21.42063	15.43252	15.72081
23.95206	18.39677	15.08116	21.3909	22.10811
24.17469	19.65683	21.691	3.257019
24.1358	18.42354	21.73196	15.48053	9.441234
18.44952	22.03787	10.64632
22.32694	17.76649	5.90219	20.97229	15.83273
18.12643	22.16625	2.681256	6.386791	17.97017
18.40105	23.93361	21.36611	6.432165
17.28987	24.12766	21.68994	22.48009
19.15235	23.9694	20.96634
18.40754	23.96263	22.06942
16.82361	23.96263	20.92186
18.2838	23.96263	22.10834
19.54175	23.94293	22.2694	23.65833	10.34596	22.62088	14.71841
16.6214	24.17945	22.2838	9.733037
18.41718	24.1977	22.31601	2.695371
17.8349	24.04286	21.99925	5.609385
18.97388	23.9623	21.74631	5.903738
17.36462	24.00549	21.69295
18.38206	24.03085	21.38049	3.682883	5.060891	11.87172
19.42857	24.2093	22.35364	10.4718
18.05846	24.01375	21.0395	0.6950597	8.464061
17.45796	24.03914	20.8109	15.03163
17.91071	23.94796	21.75581	7.667348	0.1732827	6.285194
23.94796	22.6628	17.43859	13.90178	20.79762	2.87472
23.94796	21.96445	2.531627	18.17312
23.94796	21.11059	17.72417	3.328463	15.30435
23.94796	21.04845	19.45549	22.2095
23.94796	19.02998	21.43307	6.156882
23.94796	17.36297	22.19457
23.94774	21.26661	18.08271	22.54816	15.60965
18.33476	22.08302
16.20565	21.69253	8.477672	13.00584
21.86553	17.57119	3.527836
20.83664	18.48907
22.21165	14.76992
22.03415	18.3659
24.30426	18.62719	21.57213	3.713066	13.1764	6.110356
23.97948	17.33972	22.2623	15.06168
23.99685	18.10986	6.723043	21.56571
23.98067	16.85726	21.92926	0.04764968	20.78953	15.85429	9.950627	2.886172
23.9377	18.52723	22.07122	2.781121	14.56735
23.9377	17.2163	20.99376	3.539841	10.55933
23.96939	17.13503	21.25708	14.78072
23.94979	18.28292	14.00629	21.50474
23.95469	17.35107	21.13383	2.173125	0.946967
23.79516	17.39367	21.77512
24.17213	17.86164	22.28538
24.18135	18.44374	22.13907	12.81512	20.79578
24.02128	17.48142	21.96497	9.906945
24.02128	18.86207	21.07853	23.43085	13.54382	2.154831	0.8124038
24.02128	18.25587	21.71886	7.972929	1.634217
23.95995	15.11054	20.98835	13.04865
23.96249	22.04313	18.23388	17.7561	13.87592
23.91596	17.98687	22.26133	9.527908	15.0077	12.41835	14.12277
23.98849	19.20998	21.65872	18.23624
23.96892	17.35152	22.01768	2.620818	23.81393
24.09658	17.74148	22.35532	21.20708
24.04241	18.4202	22.06366
24.01082	18.43421	22.07094	6.85558	9.3402
24.0946	18.39361	22.06031	21.36783	2.180355
24.0946	18.23789	21.78497	11.2721	20.89049
24.01888	16.84894	20.98178
23.95893	21.88449	9.95713	20.67694
23.94959	14.77596	21.79688
23.94959	17.19484	21.88503	5.751797	15.27596
24.21416	18.36457	22.42908	11.57425	17.03932
24.15015	16.43901	22.03868	7.968056
23.94871	21.091
24.08665	18.45622	12.31837	20.90662	3.922096
23.98589	18.72142	20.97905	14.35735	16.63915	14.28791	0.2707697
23.98514	18.02926	22.0809	16.80622	5.084023	3.476835
24.00477	17.57919	21.60147	4.906388	9.417486	7.230826
18.5513	21.78738	6.340095	4.439426	15.72502
22.26399	18.26362	10.02724
22.22831	18.3572	9.397511	2.889131	6.789525
22.58533	17.73158
22.2265	6.681293	15.24084	3.101845
22.07307	18.4858
21.67703	15.82333
22.26062	17.75303	3.281567	6.140364
22.33618	18.04985	11.18975	6.000737
22.12387	17.35709	16.01678
22.19713	16.92582	7.520499	22.14314	3.233268
21.75098	18.26516	3.112146	24.20413
13.77775	23.98786	20.69139	0.529546	2.257951	8.344642	10.87963
23.97115	14.89715	11.20567	20.77389
23.97115	17.86871	22.93318	8.835378	5.8422	1.850224	23.36954
23.97115	21.45834	17.3149	9.752651
23.96935	15.33669	21.45467	13.70077
23.96935	18.68063	21.24689	0.493155
23.96935	17.67232	20.9176	7.236784	3.041597
23.96935	18.48903	21.5056	16.08536
24.04909	18.13005	22.1549	22.788	13.3486	12.70422	23.4515
24.03204	17.0281	21.16626
22.06611	16.97363	13.85873
22.66557	17.67823	6.789066
18.60191	22.3468	5.142317	15.10339
18.38862	22.34891	5.69026
18.42389	22.06286	2.315372	14.35067	23.08814
18.11429	22.63309	21.01309
19.12443	22.05504	18.2536	2.995448	3.849539
22.09645	0.9282465	10.86847	7.592913	9.643483
22.06112	8.016823
22.52899	16.818	0.2412689	11.14602
22.2415	8.835534	18.66187	9.472952
21.68292	19.12495	10.04539
24.01259	20.84508	23.54498
23.95991	18.34878	22.24951	1.028701	20.24957
23.95991	17.58824	21.72196	8.759554	11.79883	12.40482	12.13995	9.455093
23.95991	17.81761	20.90735	4.266711
23.99821	17.65504	22.23894	23.32853
23.97132	17.93211	21.78573	5.389993
24.1001	16.6647	21.66036
22.88019	21.74124
22.12709	22.77451
24.03929	21.0228
24.10333	21.68887	12.98432	10.72841
22.30194	17.19746	4.675442	1.866614	22.07413
22.34883	18.31418	8.469333	21.07547
23.92539	17.67273	22.59039
23.98344	18.33425	21.10074	12.16358	23.75766
23.98187	18.9583	21.68694	6.831474	4.752655
23.98187	18.25418	22.07174
23.95476	17.84185	21.62408	12.26163
23.95476	15.47206	21.35177	3.214329	8.2477	2.388698
23.96256	18.01023	5.335609	21.3897	11.75428	11.98374	11.47029
23.95378	18.01514	22.44679	14.47938
23.9845	18.38262	22.17807
23.9845	18.5932	22.08238	11.25639	17.57185	2.532337
23.94756	17.84761	20.54671	6.659467
24.10341	19.11849	22.34658	8.496252	18.46881
23.9852	17.89674	22.29776	1.632564	8.256846
18.0362	22.06756	23.89552
18.43738	23.93736	21.75906	13.32132	23.8145
15.53775	24.05385	12.7919	21.09854
18.48305	24.15906	22.24386	13.4098
18.10499	23.95433	21.22559	13.18785	11.89027	1.989423	1.382311	4.532293
23.95433	5.147769	15.55413	22.48344	13.60488	0.1156516	5.750941
24.02956	18.58138	21.79129
24.13631	18.48038	22.32507	3.62009	13.23624	9.218381
23.98574	17.92299	21.93014	14.76909	10.59675
23.98574	18.4617	21.81833	7.662696	6.348302
24.10035	18.37397	21.6909	10.35129
24.07931	18.1895	21.72809	4.18573
23.90307	17.02406	21.65591	0.9005961
24.01007	18.28552	21.77605	8.872492
23.98697	17.44868	22.20421
24.07217	19.01256	22.14081	7.125578	4.21928
24.017	18.34428	22.08317	12.92783	2.468463
23.9624	22.0757	15.36196	12.37413	20.82514	23.30064
23.95443	17.17864	22.08457	4.726646	23.31993
23.96607	16.32579	22.34735
23.96442	18.29701	21.14829
23.98292	18.03942	21.37437	16.52869	14.87751	22.9871
23.98292	18.90518	21.00022	9.577998
24.23424	17.32251	22.23749	3.688555
24.01999	18.10271	22.90116	8.273068
24.01999	18.46468	21.80661	12.0731
24.01607	18.15989	21.55091	5.602218	17.45561
23.95341	18.81717	13.22846	20.57856
23.99574	18.39286	22.05116	0.1508008	10.68434	24.97934
24.002	18.3044	21.91015	17.58317
24.0194	18.48555	20.82218	9.301407	2.923204	0.7077968
24.27224	18.29395	21.71	5.437766
24.146	18.40459	21.71	11.14294
23.95604	18.2563	21.71	1.96139	7.536121
23.95604	21.76147	17.29639
23.95604	21.36577	18.79815	8.730636	1.426629	1.187587
23.95604	17.38043	5.560082	4.814849	10.41437	23.04217	20.88458
23.95604	18.15478	21.09888	16.61361	21.52641
23.98885	17.65725	20.92916	14.56074	14.7016	4.599038
23.96911	15.11427	21.76815
23.94705	20.89205	4.528695
23.94705	21.94066	23.6661
23.94705	22.145	14.88543	21.18302	11.00147
24.08912	17.18835	22.02613	1.52344
23.98679	17.28707	10.81253	21.39226
23.96629	13.58004	20.75623	12.81903	9.48605
24.00124	13.40856	20.8629
23.99628	21.6464	11.19729	23.56948	3.83354	1.857104	22.71047
24.41821	22.45529	17.22091	18.04326	16.31233
24.13341	20.92865	18.47613	15.92038	15.93922	4.991653
24.19263	21.70973	15.69977	21.91253	14.47433	4.748559
24.03047	18.28489	21.63074	13.21534
23.97637	17.77314	21.17185	1.886967	1.402957	15.28698	2.783077
24.02544	18.51203	21.72914	5.143396	22.39525	7.910724
24.02544	17.68793	21.38908	5.281691	11.22387	2.770761
22.11663	17.16693	10.54335	9.789829	4.738441
21.63587	15.68475	6.337968
18.15468	5.030035	21.78353	11.45375	24.33591	8.062904
18.43651	22.16489	24.18547	17.19248	17.72528
18.45116	21.34417	24.00471	12.33481
18.05876	24.15036	22.79567	5.673584	1.180253	5.065034
17.37264	24.0268	21.63089	15.36283
18.27712	24.0924	21.10906	6.215154
18.48749	24.00115	13.55396	21.68527	8.772332	14.8153	6.48972
18.19251	24.11235	21.87386	10.97257
18.30026	24.19845	22.06779	11.36848
19.18922	23.94203	20.56495	16.57645
23.97944	21.70311	17.54197	20.26707
23.95395	18.34195	5.302121	0.2031737	21.70251
23.95395	17.16944	21.72347	8.190186
23.95395	19.03496	21.84241	15.99077	7.971598	23.5155	5.098012
23.95395	18.36171	21.38017	9.099219
23.95395	18.50204	21.14412
23.95395	21.03287	18.47635	5.926694	1.986629	10.63087	3.64039
23.95395	22.05795	19.99166	16.1796	8.371441	3.67504	4.376533
23.95395	21.06869	17.79647
23.98693	18.46408	21.24286
23.95716	18.41215	21.71309	17.46647
23.95716	18.32814	21.36422	0.6163326	8.249839
23.95716	17.29609	22.33326	9.016829
23.95716	18.83918	22.4828	12.357	17.1952	17.37556
24.10718	18.40825	21.18909	13.30156
24.05773	18.50858	21.70909	1.305747
24.05773	21.85145	18.29422
24.30484	21.79673	18.33517
24.0775	19.1091	21.71982	4.215254	21.31324	17.06729
23.93748	15.41132	21.77184	4.504486
24.01832	17.89117	22.08756	20.96013
23.95099	18.63223	12.44233	22.25717	5.800476
23.95099	17.12365	22.33428	9.350847	23.69381
23.99054	18.16188	21.55657	1.002489	0.8476988
23.99054	18.49952	21.76049	2.607442	3.005221
24.02242	19.11524	21.2328	3.404395	5.140291	7.488713
23.99651	19.96497	21.84452	9.485238	21.73766	17.59999	14.09107	18.91306	10.38635
24.07545	18.20634	21.10432	6.064395	16.41253
23.99532	18.26556	21.07344
24.01588	18.55574	21.74375	1.787401
24.1631	17.95563	22.04089	3.109977	5.956532
23.98193	18.18693	21.73564	5.591046	8.420022	1.121429	14.69337	7.262344
23.98193	17.47328	22.22885	0.7807539	12.57876
23.98193	21.38081	18.20842	17.85356	13.09879
23.98193	21.69265	18.26889	3.647753	10.89463
24.02184	16.33851	21.72483	14.82837
24.02184	18.07124	20.78772	4.876524
24.02088	18.32664	21.11011	3.751266	13.26491	16.41742	9.998688
23.98831	16.79201	22.10289	16.65712
23.96731	18.93956	21.57973	7.542527
23.98763	16.67263	8.686307	6.090503	6.764398	1.385088
23.95825	21.69445	18.38008	6.920795	3.711392
23.95825	21.69445	16.49603	3.448108	15.57979	1.137936
23.94565	21.75392	18.74672	1.795915	18.30257
23.94565	21.66406	18.15067	13.24192
23.94565	23.396	17.30476	21.68421	17.10941	23.67611
23.94565	18.51024	21.92967	13.46272
24.02024	18.40815	21.8873	8.765156	15.43681	1.06012	11.89349	7.851228
24.11344	19.08076	20.83058	7.157131	23.08799
24.13237	17.2105	21.36351	10.8218	1.272863	0.7425423
23.94509	18.20744	21.63749
23.99747	17.97078	22.25831	4.149587	1.992954
23.90456	17.8932	22.35616
24.09209	18.44193	22.03443	23.58906
24.25516	18.44522	20.87164	7.742168	0.9956054
24.15062	18.27931	21.65111	13.44687
23.93883	17.4552	22.35816	7.919964	1.838373	16.39947	13.08057
23.94811	16.70754	21.93486
23.98665	17.99191	20.887
24.26253	21.72692	18.32225	17.97899	3.469618
24.14877	21.72692	18.46773	17.92999
23.99274	18.83663	21.1921	15.3821	6.306718
24.12916	15.15317	21.55329	14.54679
24.1085	13.95499	21.69092	5.832844	0.6912835
23.94878	13.59573	23.27507	22.42075	20.59142	22.23485
23.94878	17.18885	21.77935
23.96297	18.44759	20.82307	22.36807
23.96297	18.43697	21.69195
23.94011	18.76289	21.69195	5.027275	8.65865
23.94011	18.34791	20.93401	6.685089
24.02444	19.93396	21.83888	19.27767
24.02444	17.3217	22.04717	2.317159	8.220785
24.18151	18.27512	21.83537	15.64979
24.25758	18.83236	7.593877	21.90622	2.571576
23.94004	18.94446	21.65482
23.94004	17.38329	22.26832	21.66119
23.94004	18.36239	22.13661	5.47593	10.98347
23.94004	17.51911	22.18936
24.06362	22.27284	18.22983	3.501628	0.9776626	21.0917	17.90785
23.953	19.09836	21.67588	14.95753
23.953	19.19173	21.60931	14.12604	23.38424	8.023051
24.02971	18.56108	21.27067	13.56428	2.595076	22.00496	4.177373
23.95147	18.3908	4.016085	21.21053
24.13802	18.06445	21.38708
24.20052	11.96738	22.16772
24.03385	12.90406	21.68275
24.03385	22.33643	19.08098	3.324626	13.03065	18.95958	11.37963
24.01858	17.21842	5.55038	21.18904
24.00576	18.42412	21.87386	5.459365	9.878014
24.12579	18.31086	22.16947	13.93825
24.16454	18.35393	21.1753
16.11074	21.70925	2.566947
18.48473	22.27335
18.44297	22.24811
18.98206	22.20033	21.00053
17.23977	22.25699	11.19556
17.91312	24.0478	21.10896	0.343269	10.61822	16.72752
18.38938	23.95605	21.51457	16.93958	10.93043
18.33993	24.02346	21.68533
18.26329	24.0093	21.00036	6.708325	4.585563
17.87244	24.0093	21.9364	21.98093	12.20039
18.24763	23.95404	21.4389	8.764666	2.082351
23.95404	15.76118	21.63391
23.94639	17.90491	21.36818	3.884863
23.94639	18.91566	21.40707
23.94639	17.04871	20.92096	0.2025513	23.69827	4.835863
24.12481	19.0029	21.63418	12.10819	17.36624
23.99301	21.75936	14.17481	0.1018568	4.663892	0.2490365
23.95495	21.69051	16.98134	23.50978	21.40094
23.95495	21.15667	16.94668
23.95495	18.56641	21.89955	14.08591	8.847826
23.97001	22.31719	9.538003	2.457955	0.7412207
24.05768	21.87888	8.086344	23.59419	5.665593
23.97692	11.06861	21.46062
23.28413	13.29314	22.06555
24.11902	19.28438	20.99408	14.48301	12.95094
24.07549	18.92951	22.19703	10.75762	23.99541	23.87455
24.01697	18.9639	21.26246	13.94951	10.13184
24.07905	17.76056	21.14523	16.03858
24.09161	18.2601	20.81648
23.95249	17.9776	22.09734	11.74804
23.95253	18.49942	21.7163	3.000947	1.306692
23.95253	18.36283	21.68336	17.20262	15.48493	3.237028	0.4246418
23.94977	18.02699	22.0504	16.00923
23.94977	19.37869	20.88224	15.41532	18.14694	9.127621
23.94977	19.21005	21.92332	5.731321	17.53973	8.533621
23.99471	19.55962	20.60402	16.36894	5.142218
23.93765	21.26274	18.9536	0.8396081
24.17235	22.38645	18.05969
24.18926	18.14947	21.23737	10.81941	22.7034	20.82026	5.994418
24.12102	18.2339	20.84839	18.06023
24.12961	17.15785	22.24539	7.649562	15.51073	17.13393
24.02416	18.34702	21.70566	10.4251
24.05282	16.01543	21.36162
24.05282	17.43832	22.11834	12.38668	23.37984	5.252014
23.97805	18.18899	22.09047	12.27581
23.96306	19.10511	21.01501	3.457233	3.40394
23.96306	14.84095	22.24553	12.54095
23.96306	17.94894	21.90744
23.97858	21.32209	16.60097	3.821601	22.70658	0.1319327
23.97858	22.37004	11.95274	8.350386
23.97858	23.03522	16.21914	22.15915	13.16681	21.64964	22.66798
23.96918	19.64193	21.72906	16.81372	0.2299166
24.24536	6.444943	22.41487	22.11951
23.92577	13.90162	22.19841
24.33246	21.75056	17.22592	0.9906709	2.435946
19.07938	21.7024
18.65011	22.20752	17.1681
22.05512	12.7127	10.60888	7.44502
22.36741	21.13816
21.91767	15.95509	20.83918	6.613298	5.102563
18.27415	22.25388	5.751565
18.08912	23.88681	21.24993	1.107771	0.3233362	9.008348	19.62494
16.10257	24.18341	22.11474	9.680015	13.9567	15.64323
19.40776	23.99353	21.63635	18.46337	13.25951	4.941498
18.42597	23.99353	21.20122	9.256861	13.38649	9.76403	18.39573	18.22355
17.11117	24.11039	22.27914	6.304065	10.94416
16.85602	24.13817	21.89399	2.644702
17.38499	23.9465	22.16372	3.045925	8.764247
18.5379	21.74911	5.789656	2.283719	4.072399
18.89398	21.79647	23.9796	6.195355	0.4965102
23.93274	21.68912	13.47529	9.144271	12.97325
22.66712	21.7842	18.44358	12.1273
23.94382	19.19505	21.66066
23.94382	18.72439	21.4293	4.660598
23.98561	17.82521	20.6298	23.23079	6.753094
23.98561	19.33261	6.469497	21.69535	17.20319
24.01479	21.38332	18.47618	7.605688	23.88465
23.97542	22.26465	12.6347	11.43195	23.70344
23.99067	21.37872	17.35613
23.96636	22.08142	17.48287
23.96636	22.1184	17.57368	17.23604
23.96636	22.40293	18.672	2.504043	23.79733
23.96636	17.09898	22.25029	6.700621
24.07896	17.8233	21.38561	16.65483	6.482832	3.462934
24.07896	17.05107	21.12021	22.33401
17.83767	24.16014	21.68995	5.517274	20.82107	17.12411
18.37498	22.35552	5.968732	22.27423
18.25885	21.92078	8.092365	7.735942
15.68508	21.74275	14.24842
22.27458	18.31851	14.01244
22.10397	18.31955	4.880345
21.91258	18.85383	0.2792923	24.9814	4.68063	16.40249
22.29258	16.27714	10.3976	21.65215	1.334026	9.72638	4.469184
21.62898	7.11607	21.42217
4.396298	23.96301	2.428671	21.99212
23.96301	9.370582	8.336209
23.94225	21.3387	1.255416
23.94225	22.07788
23.96232	21.68271	6.132677	22.78791
24.00625	21.19666	18.36357	5.029426
24.00625	18.08808	22.33909	3.726066
24.04227	18.44824	21.68539	14.10083
24.02557	16.65887	21.20352	5.086893
24.02557	19.58627	21.38114	16.92682	10.16222
24.00245	16.97587	21.56505	11.62463	15.72529	21.60573
17.49212	22.33129	14.00346	0.1551811
16.3119	22.3472
15.11429	22.002	4.241928	22.44201	21.25781
18.26073	21.13959	23.97386	0.6704622	0.6571381
18.07162	23.9306	16.6727	22.24545
24.06424	21.83237	17.9217	7.334946
23.9986	22.22128	17.89306	9.291303	22.06962	4.475265	4.630552
23.96735	18.33803	22.11333	12.96935
23.96735	18.43693	21.3117	7.484197	5.231378
24.05507	18.16417	21.63372	0.1593267
24.03761	17.20124	21.09189	3.23126	6.049468
23.95322	18.22359	22.25183	2.820857
23.95322	18.79672	21.67798	1.601789
23.95129	18.3494	20.58243
23.983	18.13406	22.00435
23.94444	21.69906	16.42409	23.5565	1.938104
23.94444	20.80823	15.9705	7.401303	0.461021
24.19549	20.68013
24.00711	22.0654
24.00711	21.62118	9.320143
24.00711	15.50348	22.07973	23.84395
24.02544	17.56642	22.38979	4.097556
23.9591	21.89136	15.98929	8.981981	11.63259	3.079968
23.9591	21.69716	17.9277	8.811887
24.22211	19.0296	22.23381	6.481876	21.19588
24.04965	21.73181	18.43529	3.255661
24.02029	21.70917	15.76497	0.1064157
23.94451	21.39921	17.7923	3.526486
23.92318	18.32135	21.6301	0.7918628	7.151802
23.9997	18.07313	20.86888	6.716744	4.019165
23.96592	17.88518	21.83843	7.755089
23.9581	17.22559	21.1773	14.98895
23.95511	18.46603	21.90357
23.95511	21.68563	14.41881	23.25178
23.98408	20.82702	13.68037	0.1070732	3.88769
24.06864	20.8254	15.97139	12.89908
23.97452	18.11252	20.69555	22.02366	2.309872
23.98187	18.40234	21.29136
24.0095	18.66638	21.27112	0.6613748
24.04712	17.04917	5.117519	21.74422
24.09927	18.6614	21.79385	0.4389205	8.893469
23.9425	17.40889	20.96125	4.213546	0.04826665
24.00031	18.55117	22.25969	23.51365	13.69191	0.6502803
24.01102	17.06065	14.69715	22.41308	20.87935	5.260201	13.74291
24.21669	18.46517	21.92425
24.00317	18.42286	21.34596	15.21744	20.08418
23.98477	21.69762	18.26322	7.798405	10.94746
24.0324	21.69762	18.47926	3.006155
22.2959	18.45338	21.93914
22.26473	5.822997	1.062916
22.41476	13.62176	11.13742	10.15876
21.83058	19.31827
21.72618	18.46304	1.506565
18.48922	10.30346	22.33559	21.17316
18.3457	21.12867	7.970729
19.07155	21.70377	18.48929
18.25481	22.30803	12.75691	22.0947
18.92467	22.21709	21.13956
17.49661	23.94033	21.75527	17.06242	1.639138	12.86212
18.42743	23.94033	21.33465	0.4184441
17.56468	24.08299	1.410984	21.53535	11.35949	2.580628	23.83074
18.32472	24.1594	20.83419	23.41235	13.90982
15.97044	23.95356	0.7042702	21.73732
18.22505	23.96109	20.84011
18.35015	24.17312	22.00498	14.36391	16.0248
23.97346	21.68712	5.603165	13.98631	16.2112	14.21114	8.256434
23.97533	20.7362	17.64471	4.516063
23.97533	18.38035	21.68667	7.047305	22.46508
23.97533	18.81766	3.236333	21.03174	8.032063
24.05137	16.48067	21.75979	6.144285
21.73833	18.10584	11.22445	17.49711
22.06746	19.05277	18.93575
22.10487	18.33648	6.677685	20.88535
19.59459	22.22148	12.44654	3.1606	16.524	21.48279	0.598598
22.10597	18.93098	23.64894	5.05824
18.18381	22.1307	24.5173	5.639215
19.02	21.73337
18.38033	21.31991	9.50308	11.60545
16.76821	22.65112	21.49393	24.15386	15.89929
18.45587	20.82222	23.95377	1.514808	22.23933
18.41536	24.03728	21.30857	13.79256	5.683953
24.10981	21.77296	10.01878
24.06319	21.86672	22.65941
24.11725	21.09999	23.98042
23.85486	22.07767	18.1417	0.6685186	16.24431	0.8522579
18.39736	13.85508	21.68228	10.59223	9.783385	8.025889	8.201524
18.49978	12.17711	22.24605
18.25269	21.65656	24.03771	15.03672	13.70202	7.453576	13.49934	5.507882
18.4166	21.64819	24.05842	18.89592	23.55383	13.08239
21.76168	24.06127	17.52814	5.392526	13.35734	2.703741
24.13204	18.02538	21.68747	4.490977
23.98406	18.47265	2.717428	20.97197	21.59508
23.98406	18.78345	20.86295	4.815722	2.347611	0.2196872
23.98406	18.36822	8.425007	17.35247
24.05777	18.28522	8.092766
24.00934	17.91329	16.30616	7.772974	15.19201
24.00934	16.22736
22.34182	19.58331	6.506575	7.106172	0.9070958	14.17632
22.17913	16.72247	24.22364
21.68405	17.92335	23.98866	5.196366	0.4592132
18.34338	23.97738	6.936757	21.86592	4.154224
23.97738	21.82998	10.79416	1.880965	7.368147	2.688761
24.116	22.0812	11.76641	5.694382
24.26468	22.17511	8.662432	5.120892	2.66689
24.12721	22.44576	15.77673
24.01598	16.7123	20.83605	2.103332
24.01598	17.80923	21.36578	0.4300876
24.01873	18.2913	21.69759	4.71183	16.49645	16.51237	12.10125
24.01873	11.70001	21.78953	1.181362	6.349486	3.780449
24.01873	22.23218	15.61122	3.56166	7.117552
24.08378	21.5044	16.79489	5.790364	21.00973
23.94322	22.27126	18.12029	8.352881	12.77843
23.94322	18.53097	21.68836	23.25875	15.48059
24.08221	19.23639	21.7039	6.802231	12.48858	17.3282	13.43916
24.02574	18.40191	20.81436	7.640407	8.996767
24.02574	18.15476	21.67787	9.381919	16.38425
23.97247	18.30143	20.85907
23.95804	15.72514	22.19586	20.78196	4.70546	4.490161	13.88296
23.99375	13.3704	22.27731
23.99375	21.88098	14.77272	5.567387
23.99375	21.34292	18.128	5.907418
23.89921	21.09429	18.1344	7.643689
23.95296	18.38486	6.187479	22.0295
23.94019	18.50785	22.25394	6.781436
23.94019	18.36385	22.19789	21.46976	18.26889	4.605313
24.00256	18.94616	22.2593
23.99509	17.78658	21.23775
24.06764	17.65278	22.3427
23.96653	18.26353	21.39436
23.96653	18.38939	21.70443	23.17905	2.476669	10.94236
23.96653	18.23179	21.05919	5.098057	11.14538
24.05907	17.37888	21.30658	4.367811	0.619789
23.97822	18.71405	22.08583	0.06609926
23.97822	19.41882	21.36439	2.542368	2.860003
23.97822	18.27924	21.80067	17.74884
23.99573	18.3333	22.07351
23.94495	17.93599	21.37828	6.805727	9.119053
23.94495	20.25352	22.28701	6.114283	18.24574	15.91632	10.66759
23.94495	22.59297	17.44698	4.127356
23.94495	18.61471	21.18671	22.62536	13.41242
23.96415	18.20368	22.06695	7.684789
23.96372	16.54875	22.73988	10.02306	21.19572	8.029211	13.88202
24.16651	18.90529	20.81566	0.5773594	1.338792	23.23719
24.05178	19.05266	0.1101476	21.11872	10.35872
23.97222	17.95623	21.25604	5.457859
23.97222	18.29741	21.33977	17.96697	17.89999
23.97222	18.44281	21.71262	9.527703	8.713163	8.330855
23.95647	18.14629	22.26882	2.1427	20.55784	4.0669	3.162859
23.97542	22.02002	4.263838	18.07393	17.4349
22.68283	19.50458	21.24753	6.695195	16.21782	10.89664
18.45946	21.74128	11.09788	6.466687
18.42088	22.06705	5.098885	7.813367	9.448952
15.84489	21.68984	4.873629
17.273	22.26112
18.33757	22.11047	24.79833	13.19989
17.16807	22.11643	20.8202	1.941569	15.76497	6.00866
19.03417	22.24487	18.0162	8.137725
18.44696	22.04665	9.914054
18.4526	23.98591	7.447731	21.21913	22.9472	21.80721	24.76052
18.19236	24.18965	22.05294	17.91666	11.28419	8.538109
17.54367	22.06578	7.42851
22.63117	3.335843	18.35169
21.72136	17.3707	6.659091
23.95808	18.2809	21.70236
23.95808	19.1156	21.13855
24.02226	18.45946	21.68425	12.73024	15.81676
24.10138	17.89866	20.79211	7.150218	11.93311	11.5024	9.164711
24.07751	18.78413	20.81303
23.97273	17.02177	21.74952	8.41961
24.01793	15.77072	21.89446	4.659513
24.0051	18.88714	21.57347	12.52762
24.0051	18.72572	21.64101	5.501439
23.98909	19.46519	21.09129	13.55775	10.22098
24.66096	22.97862	6.145208	7.085337	21.09442
24.07751	22.05316	11.47189	4.635772
23.99084	22.36094	15.24464	4.420729	13.08088
23.99084	22.23172	17.47801
23.941	21.81104	18.75958	13.29542
24.02596	21.72709	18.51868	13.5755	1.909227	5.710768
23.95403	22.26599	18.18985	15.96361	5.362631	4.330799
23.95403	21.29545	3.267747	18.86919
23.96327	17.78166	21.34914	3.975647
