SpeciationRates
0.4007868	0.009673396	0.1243309	0.3650254	0.1689078	0.1666825
0.2110057	0.01046416	0.1480795	0.35408	0.1846774	0.1768463	0.1597721
0.2341168	0.01913551	0.4541396	0.1882782	0.190681
0.2494885	0.00673834	0.4400913	0.1844441	0.1833226	0.09518802	0.2413353	0.1253789
0.192736	0.04391867	0.4550018	0.1446165
0.2280393	0.3952257	0.1441701	0.1843177	0.145569
0.1153789	0.3738349	0.1856271	0.01916655	0.1331251
0.1168493	0.002581727	0.3699544	0.2480954	0.1146334	0.1446565	0.1527509
0.257759	0.0007645537	0.3410465	0.1921977	0.1331492	0.1852904	0.3141939	0.1111721
0.2185662	0.006585843	0.4214424	0.1789575	0.09062806	0.193379	0.07204794
0.1466605	0.001264283	0.4301309	0.205785	0.05897498	0.3045546
0.09347237	0.00796033	0.4378378	0.1471647
0.2971546	0.004028184	0.3437145	0.1837072	0.2004882	0.1510816
0.3258009	0.08080948	0.4031851	0.0349977	0.1390559
0.1322145	0.06541188	0.3985997	0.1544713
0.2014228	0.04768433	0.3701646	0.154249
0.1614618	0.001318956	0.1908901	0.3261894	0.1212562	0.2470743
0.0808484	0.01787213	0.1762469	0.2809286	0.1883494
0.306032	0.03230304	0.1542235
0.2377395	0.08294101	0.3749981	0.2551711
0.206936	0.132959	0.351726	0.08664166	0.09695487	0.152642
0.1389666	0.0352548	0.3530266	0.1482612	0.1020888
0.233863	0.02069125	0.4935949	0.1992334	0.08984297	0.1998189	0.2291854
0.2072892	0.01689794	0.3512606	0.1207127	0.183282	0.1674257	0.1458217
0.1631084	0.0216007	0.3512606	0.1207127	0.08667738	0.06422145	0.176817	0.2399761
0.189089	0.008776363	0.3016144	0.1689363	0.1773375
0.178689	0.03440466	0.4723954	0.189734	0.1053383
0.1938749	0.01203815	0.3890249	0.1898685
0.2069354	0.03584738	0.1593051	0.4338401	0.1087442	0.1219535	0.1531438
0.2129963	0.02970188	0.1562736	0.3793279	0.07789554	0.1431414
0.1602568	0.01308619	0.1319987	0.3610299	0.157487	0.1713662	0.0872381	0.2510601
0.1717742	0.02574997	0.4318371	0.1240076	0.09875013
0.2038347	0.002920708	0.3082968	0.1635356	0.08110171	0.2517305	0.1791978
0.1992591	0.07355167	0.4042966	0.07732522	0.1391033	0.1862665	0.2305097
0.2436606	0.3430156	0.06904434
0.3260547	0.3740096	0.08403328	0.0293476	0.1698834
0.3358845	0.1017983	0.2947169	0.1801361
0.1918608	0.1315159	0.3962542	0.171928	0.1936486
0.1741512	0.3660516	0.118122	0.09619328	0.1509907
0.1296922	0.4403591	0.163904	0.1371441	0.06136413
0.225284	0.3827425	0.01005297	0.177357	0.1694426
0.09630663	0.3829427	0.00796359	0.1721944	0.08873821	0.1823542	0.2489321
0.2090571	0.02729843	0.4295718	0.2769429	0.1640831	0.1609661
0.2284623	0.3376412	0.1103592	0.1923222
0.1612912	0.09068595	0.3283173	0.06408021
0.339539	0.3567521	0.1238369	0.02399329	0.3225592	0.08937267
0.1718735	0.3897468	0.005605263	0.1708376	0.04590593	0.1625883
0.1230244	0.3369905	0.02178911	0.1821511	0.2786852
0.1268168	0.3331107	0.00630111	0.2063835	0.1983328	0.1856073
0.222141	0.3555202	0.04295883	0.1994176
0.2761068	0.005262441	0.2612812	0.4636467	0.1519636	0.2575058	0.154284	0.2370568
0.2402928	0.01333479	0.1806574	0.3828186	0.162984
0.1160126	0.008596622	0.3652011	0.2005105	0.1006679
0.138573	0.01102398	0.3216128	0.1644849	0.0449773
0.1873006	0.03534431	0.3699581	0.149542	0.26338
0.2426794	0.01123918	0.3795997	0.1447408	0.08369236
0.1752013	0.02292978	0.3675849	0.164881	0.2009235	0.1304143	0.09361234
0.2377268	0.007718154	0.425258	0.1621301	0.1163644
0.1367597	0.005882222	0.3575021	0.1440651	0.19802	0.1600377
0.2260194	0.01510335	0.4502029	0.2056792	0.1798512
0.2037381	0.005488827	0.308907	0.1926568	0.2123318
0.1870322	0.04618347	0.4494987	0.1849882	0.1531491	0.2663619
0.3221984	0.01767109	0.3144271	0.1495987	0.1218434
0.2469051	0.4237601	0.01974431	0.1783526	0.167948	0.2011949	0.1248897
0.1941509	0.3819362	0.004338611	0.1946124
0.2034659	0.3496306	0.04485107	0.06010542	0.1576775	0.2346028
0.3115648	0.01185355	0.08789306	0.2038561	0.1405459	0.3453752	0.1245698
0.249751	0.04945487	0.1907629	0.4226312	0.139443	0.06638085	0.1604731
0.2138379	0.01274773	0.3637629	0.1949501	0.2580091	0.1333809
0.06846507	0.04894259	0.39689	0.1205278	0.0636545
0.1007573	0.01921923	0.3344922	0.1199632
0.1407669	0.3737114	0.1433276	0.1260261	0.02321911
0.1484279	0.3153671	0.2540331	0.05624756
0.3072393	0.05118932
0.2972882	0.1343804
0.408991	0.07218269
0.3684463	0.08991164	0.3425397
0.3174951	0.1424978	0.01358602
0.3766759	0.1611528	0.003094257
0.1782069	0.01150378	0.1517095	0.329305	0.2595498	0.127786
0.1257577	0.008306806	0.1660794	0.2759303
0.07019218	0.02787577	0.3161085	0.2024821	0.1872027	0.1150744
0.1424399	0.004041213	0.3891147	0.2577294	0.132183	0.1184605
0.2509939	0.02121	0.4263385	0.2953267	0.09141473
0.203246	0.00130602	0.3853492	0.1676412	0.1488385	0.247309	0.2099502
0.1805566	0.01546418	0.3763658	0.09526642	0.1645704	0.2060762
0.1964741	0.07892017	0.3490163	0.191467	0.1255097	0.162922
0.1863225	0.008579326	0.4017298	0.135769
0.0921654	0.00478666	0.4262866	0.1931048	0.2512143
0.2422678	0.004854338	0.3961278	0.1313914	0.1373214	0.1709923
0.1909468	0.02666586	0.4096688	0.1842235	0.08400733
0.1806612	0.0004495286	0.2997402	0.1247799
0.180863	0.001662696	0.06027879	0.3640049	0.2202976
0.2182164	0.0002072479	0.1224841	0.3249965	0.1533645
0.2240677	0.001180882	0.3771226	0.07346951	0.1146024
0.2783245	0.02291781	0.3463716	0.1338714	0.2186677	0.1889993	0.1578671
0.2101414	0.03135439	0.4040663	0.1691646	0.2260395
0.326428	0.01360829	0.4114495	0.2183479	0.09848317	0.1713328
0.1242584	0.01040288	0.3736904	0.1312988	0.1280946
0.1836694	0.00682723	0.08450478	0.334652	0.2838487	0.2152581	0.2167182	0.2101647
0.2634486	0.008599561	0.1425266	0.4075964	0.1923842	0.1328263
0.2686146	0.016186	0.1288329	0.4034075	0.2301673
0.1919485	0.001693836	0.1231679	0.3256839	0.228367	0.2481167
0.1413337	0.02507826	0.3733501	0.186141	0.1862299	0.05456267
0.2069006	0.06495933	0.3534542	0.1731462	0.2464148
0.250166	0.06445924	0.4265091	0.1984208	0.1665967
0.2622585	0.01037997	0.1454209	0.3272474	0.04971123
0.2470466	0.006182345	0.1653073	0.4255849	0.2371612	0.1033825	0.2725918
0.231265	0.007455559	0.1889536	0.3191087	0.1368845
0.1579462	0.03612663	0.3565644	0.1518608	0.1343604
0.1818845	0.009467552	0.3295846	0.1141011	0.1345717
0.1685025	0.02430174	0.3866622	0.1963902	0.1928972	0.1055331
0.1709149	0.0008043381	0.1235731	0.3428262
0.1893036	0.006360237	0.3497984	0.1432895
0.2260385	0.01997754	0.4455492	0.2405461	0.1510364
0.1761363	0.0171608	0.4289456	0.2285175
0.2335481	0.0289425	0.3050816	0.1047607	0.1323258	0.3736656
0.1593748	0.09192265	0.4345344	0.2268023	0.172977
0.1884683	0.1212116	0.3423344
0.2216851	0.09012385	0.4066002	0.1091596
0.1603029	0.08165944	0.348346
0.2634614	0.1029898	0.4446199	0.1110875
0.1781638	0.1184216	0.376076	0.1073646	0.1374053
0.2023901	0.1127847	0.4691343	0.266254	0.1844182	0.06133071
0.08656611	0.3396811	0.06058069	0.1132774
0.1576316	0.2658563	0.1264798	0.1606557
0.2058633	0.3623466	0.1189509
0.205335	0.408979	0.09324645	0.2267768	0.1467392
0.2240207	0.4168964	0.1257173	0.1897906
0.167936	0.3459206	0.133476	0.02490692	0.136727
0.2416765	0.4387825	0.1512149	0.09669454
0.1970738	0.3779499	0.09885802	0.1009583	0.1950796	0.09110145
0.2848641	0.2051739	0.01495293	0.1187146	0.3790413	0.2599275
0.2259559	0.09667581	0.04478396	0.3911213	0.1708671
0.1902606	0.09129576	0.363796	0.1103601	0.3136045
0.2694645	0.09414162	0.3289714	0.1861632	0.1884021	0.2380734
0.1525346	0.09922661	0.4509979
0.1765749	0.1007705	0.2682934	0.1649199	0.1988383
0.1532976	0.1002998	0.3273794
0.1313086	0.1055971	0.4057886	0.2561269
0.2026668	0.1104134	0.3679435	0.1565454
0.2419903	0.1253616	0.329404	0.122263	0.1087252	0.2261549
0.2445316	0.4551065	0.116795	0.009111171	0.1433705	0.1398538
0.2171551	0.5363403	0.1320233	0.02393294	0.1966345	0.2704444	0.2274909
0.297791	0.005134182	0.375591	0.1655528	0.2002089	0.1185507	0.2356296	0.1221477
0.1139133	0.02563794	0.3919978	0.1326305	0.262478	0.06035749
0.2043673	0.02051724	0.3560218	0.1325088	0.1189735	0.1331689
0.2179104	0.02630095	0.4830114	0.172535	0.1862006	0.08104129	0.1769791	0.09546462	0.1926176
0.1619182	0.03742616	0.3631575	0.2085584	0.164978	0.2079016	0.1258262
0.1764084	0.03233424	0.4686177	0.2181824	0.1964718
0.1656016	0.01263566	0.155582	0.4275343	0.254242	0.1702042	0.1372647
0.3700712	0.07104131	0.1416236	0.4055289	0.05681208	0.1989932
0.168987	0.1090284	0.4289716	0.09290953	0.1614913	0.15971
0.1178442	0.06987297	0.3349555
0.1454948	0.09685566	0.4040358	0.1731597	0.1763187
0.2747604	0.337481	0.1393623	0.1165479
0.1342661	0.1189976	0.4397935	0.007895258
0.235833	0.184735	0.3561809	0.00391368	0.1481856	0.1640567	0.2467255
0.1175122	0.2037464	0.3882133	0.05006975	0.1173498	0.118808
0.135056	0.3159303	0.03154653	0.1407048	0.09639118	0.2038099
0.1722466	0.4010017	0.02306929	0.1816684	0.261553	0.154592
0.2450316	0.3726007	0.00413754	0.1144763	0.1621639
0.2239244	0.003620908	0.2104538	0.3563812
0.1489912	0.04101896	0.1437908	0.38783	0.1433038	0.1282023	0.1980652
0.1437898	0.03579185	0.1467461	0.3244481	0.1037614
0.1280296	0.00473789	0.1474736	0.404072
0.1619547	0.005009051	0.1900914	0.3523506
0.177914	0.01630609	0.3548449	0.1704974	0.1663322
0.2175041	0.005202297	0.3232191	0.1669414	0.2473561	0.1000378
0.04421863	0.01177536	0.34557	0.1792027	0.1033055	0.1104621	0.02824502	0.1880719
0.2421294	0.009199872	0.3647596	0.1795796	0.02585746	0.1832171	0.1268852	0.1524863	0.1581999
0.2233717	0.01712816	0.3342925	0.1812969	0.04952003	0.06850416
0.274549	0.00254832	0.3851913	0.1222339
0.3141831	0.04550585	0.152724	0.2858106
0.1734024	0.04046105	0.1693866	0.3959299	0.1698155	0.2023669
0.1574427	0.01228276	0.1618842	0.3455526
0.08032635	0.01367757	0.1947025	0.3046022	0.1274374	0.1971112
0.2565374	0.004044914	0.165163	0.3811241	0.1664566	0.1753598
0.2948559	0.01275944	0.1212712	0.4082732	0.2643892
0.234423	0.03565499	0.3478933	0.09422563	0.04336452	0.1227063
0.1796517	0.01116215	0.3433656	0.08793937
0.1592345	0.005458579	0.3344616	0.1488426	0.2284456
0.2984673	0.01465563	0.1743015	0.3483506	0.1450318	0.1366527	0.1819398	0.1897354
0.2804813	0.009425336	0.1328908
0.2150012	0.1590191	0.3443856	0.08316477	0.1282787	0.3056893	0.1989266
0.1639356	0.1445949	0.0244917	0.4027198	0.15061	0.2356255
0.2329092	0.1812344	0.02285349	0.3688529	0.07271175	0.2140166
0.132575	0.1177075	0.001854399	0.4005647
0.25506	0.02897601	0.4390855	0.1958936	0.1722952
0.1232735	0.008496292	0.4390855	0.184878	0.1181337
0.1509502	0.03599511	0.4030897	0.1127118	0.1070951	0.05867941	0.2758758
0.2240267	0.01104602	0.4349399	0.14346	0.08646712	0.1371125
0.1280851	0.002173031	0.325382	0.2302581	0.09934527	0.184335
0.2811337	0.0004545735	0.3211328	0.1945547	0.1022745	0.1935368	0.2206709
0.1590473	0.001428562	0.3024768	0.1504893	0.1589068	0.1400119	0.2950146	0.2652174
0.1454881	0.01173873	0.387771	0.1461815	0.08860406	0.1390189
0.2230032	0.05990397	0.3670972	0.09957792	0.1475685	0.1766435	0.1380186
0.1911638	0.3837396	0.1367666	0.02797404	0.1284182	0.2084181
0.1664661	0.362521	0.1761181	0.02537942
0.1216991	0.335255	0.1820349	0.04590136	0.1777178
0.1140482	0.3710527	0.04233913	0.1891044	0.09676901	0.1929947
0.2050748	0.4418096	0.01266333	0.1343337	0.1932167	0.1745554	0.224781
0.1512145	0.439807	0.09508099
0.1717854	0.07838992	0.3172076	0.2273904
0.2231363	0.087929	0.3199341	0.1354373	0.184047	0.1952997
0.1804912	0.1883906	0.3551263	0.001786363	0.2429455	0.1635812	0.2386455
0.1156442	0.2234188	0.338716	0.005212495	0.2424461	0.1777674	0.2096062
0.2081644	0.009403047	0.2758012	0.1352727	0.02468515	0.1834448	0.1188597
0.302946	0.009368805	0.1946031	0.383759
0.1010486	0.003355005	0.3710729	0.1574653	0.1453805
0.09369798	0.004721258	0.4118065	0.1423049	0.2107855	0.1726682
0.235175	0.01509512	0.504076	0.2043663	0.09243313	0.2378435
0.1892906	0.00880236	0.4021153
0.2700945	0.052688	0.3885993	0.1333692
0.2303325	0.003188268	0.3609761	0.09967418
0.2216287	0.01554562	0.4241448
0.1809636	0.007514045	0.4760673	0.3883008	0.1359867	0.1800675
0.179579	0.009544167	0.4093027	0.180429	0.1810867
0.1850618	0.009848783	0.3568977	0.09328145	0.1712072
0.2501781	0.01859125	0.3846464	0.1841213	0.1963472
0.1213945	0.003222401	0.3781595	0.182812	0.1587369	0.2255211	0.1655668
0.1645744	0.003336665	0.4406534	0.1932753	0.1116441
0.1960546	0.006668904	0.412064	0.1450044	0.1458599	0.1739741	0.1417241
0.07373428	0.006380031	0.43451	0.139419
0.1882381	0.06319803	0.2077065	0.3107803	0.2962977	0.2462461	0.2106928
0.331187	0.02214557	0.1686445	0.2949417	0.1817988
0.1445069	0.05774912	0.3784217	0.1415375
0.1542342	0.007029927	0.1983414	0.376251	0.2138906	0.1830774	0.2710994	0.1490084
0.2614332	0.01004474	0.3629519	0.1717182	0.07385581
0.3520075	0.001281903	0.3629519	0.1365251	0.09095989	0.2423548
0.114921	0.02327139	0.3963666	0.2266175	0.2270023
0.1887942	0.002850813	0.3630959	0.2064632	0.2434052
0.09893633	0.00811872	0.4561036	0.2273137	0.1092476	0.1650147	0.06473342
0.2926343	0.003448933	0.4658266	0.1845927	0.08235315	0.2988844
0.2168404	0.003505276	0.1351088	0.3502807	0.1623935	0.1666888
0.1058474	0.06486036	0.1533399	0.3417904	0.1887624	0.1886278
0.1528782	0.05732431	0.247047	0.3482245	0.1118379
0.1825371	0.004225592	0.344173	0.1253841	0.1537701
0.2708776	0.005939495	0.147942	0.4080335	0.1129895
0.2044683	0.3031506	0.09284034	0.3508865	0.2528109
0.1374926	0.3504994	0.1002779	0.03137958	0.1613447	0.2764825
0.1753623	0.353041	0.1218576
0.1508488	0.3316133	0.02120789	0.1477575
0.2757471	0.01973616	0.1729707	0.3056657
0.1484856	0.02027808	0.3644686	0.1691593
0.2151021	0.00306735	0.1434668	0.3977671	0.1617442	0.1053251
0.2415359	0.01043787	0.3730795	0.1357145
0.2415359	0.01917217	0.3850747	0.2210647	0.1526135	0.1706744
0.1460483	0.0185658	0.3958814	0.1278735	0.1902302
0.1405807	0.01917662	0.3785837	0.1908539
0.2075809	0.02398235	0.3746837	0.1318428	0.2372358
0.1656942	0.01396349	0.1555111	0.3615615
0.1486973	0.0462813	0.3615615	0.1804284	0.171908	0.2020121
0.1502212	0.005029618	0.3451427	0.1493192	0.2219653	0.1886675
0.2446416	0.02270135	0.3451427	0.1373124	0.1379626
0.2258919	0.05205786	0.3242694	0.1222932	0.196126	0.1128325
0.1455812	0.3843641	0.0890106	0.1862903
0.188393	0.1054087	0.4632246	0.1162972	0.2364421	0.12659
0.2322591	0.2775338	0.08048747	0.0909138	0.1252503	0.1950326
0.2638708	0.4200492	0.030367	0.2077044	0.2063918
0.0955152	0.4159087	0.03542518	0.1992764	0.1269345
0.216517	0.3815226	0.02027894	0.1881148
0.1496879	0.4053117	0.007406509	0.147452
0.175294	0.369493	0.02245055	0.2223372
0.2317731	0.3750994	0.009265938	0.1403992
0.1621505	0.3275306	0.005042405	0.10312	0.2184432	0.2880153	0.1104539	0.2321329
0.1507523	0.3833303	0.03958594	0.1480579	0.199864
0.1792921	0.4177355	0.01110359	0.127354	0.0778987
0.2379312	0.3442515	0.005389443	0.1180177	0.1170702
0.2447366	0.3672559	0.001309985	0.1794408	0.1363893
0.1249107	0.3585614	0.03926085	0.1605894
0.2169358	0.4290627	0.0259553	0.1675937	0.1406536	0.1320671	0.1084153
0.2378619	0.3771089	0.03444139	0.163536	0.1610521
0.1617374	0.3644839	0.03657342	0.1778272	0.1800665	0.1044162
0.2968045	0.3531837	0.0130784	0.2647693	0.1331622
0.1566266	0.448126	0.003694558	0.1470609	0.04041449	0.2599819	0.1826179
0.2206371	0.009166206	0.1622415	0.3371716	0.1524958	0.2296469	0.1191843
0.2483295	0.04777287	0.1702341	0.1143711	0.3399646
0.150573	0.00233542	0.1680029	0.339441	0.07734605	0.1499653
0.1971902	0.01736525	0.1896055	0.3852526	0.1188568
0.1456943	0.03306066	0.384198	0.2146103	0.2090202
0.1921399	0.008364858	0.2909406	0.1289264
0.05745792	0.01114565	0.1881671	0.3686988	0.1719797	0.1484019
0.1140386	0.2962103	0.1102527
0.2640558	0.4810854	0.1037656	0.1624762	0.1221932
0.2448397	0.1271883	0.3203129	0.1675695
0.08707573	0.14255	0.3910658
0.2005318	0.1278828	0.3681226
0.09656226	0.09451369	0.3616338
0.1877952	0.03146681	0.3349386	0.1328992	0.187019	0.1514634	0.19001
0.223518	0.001726605	0.358635	0.1676023	0.200893
0.2638991	0.01097887	0.3138431	0.1838965	0.1708523
0.2428132	0.02417794	0.3156501	0.174638	0.17683	0.3043672	0.1539524	0.280625	0.08098323
0.1889239	0.034352	0.3688184	0.1833555	0.1411291	0.2289032
0.2584207	0.03351601	0.3747624	0.2278831	0.1505028	0.1543164
0.1593295	0.03533278	0.4198997	0.1915975	0.2585285
0.2317172	0.003254174	0.4013896	0.2149141	0.2042062
0.1938571	0.01103546	0.4450241	0.3055887	0.1220793	0.2155135
0.1710363	0.06451429	0.3902463	0.140575
0.1698522	0.03690651	0.4251785	0.1315161
0.1792228	0.03660708	0.5447418	0.1574193	0.07354225	0.22561
0.1614172	0.009304793	0.2707487	0.1669333	0.1979207
0.07653462	0.0162937	0.3813112	0.2206571	0.2065759	0.1741993	0.1668966	0.2578297
0.1438249	0.001957713	0.4070889	0.1819838	0.09895049	0.2060058
0.1950158	0.005269285	0.3649336	0.1526108	0.1132975
0.2226282	0.01918899	0.2118235	0.2893497	0.1635358	0.09701963
0.09021446	0.0201195	0.418722	0.1194761	0.0902359	0.1475141	0.09690645	0.128519
0.1175791	0.008384111	0.276221	0.1409503	0.2238715
0.1931154	0.01566015	0.3699693	0.1473847	0.06524363	0.1941386
0.1115879	0.01336991	0.4219622	0.1409064	0.2536942
0.07740162	0.01132806	0.3083683	0.0975967
0.1791283	0.007513503	0.3856184	0.1312195	0.2727708	0.09309354
0.1822838	0.006400383	0.3953399	0.1546813	0.2724388	0.1042722
0.1033553	0.01192314	0.4487113	0.1763258	0.1476341	0.211342
0.090613	0.01974334	0.3414447	0.1775897
0.2159414	0.0005217617	0.2257566	0.4493993	0.2757251
0.2302535	0.05872768	0.3107952	0.1869417
0.1445204	0.023498	0.3829567	0.1489057	0.1001531	0.1237896
0.2510581	0.0252883	0.3706619	0.1313183	0.1879518	0.0759004
0.2646213	0.02448237	0.3895693	0.1184463	0.1141574
0.2849277	0.02841612	0.2121124
0.214777	0.001978571	0.4894929	0.1634805	0.1733241	0.1792898
0.2314021	0.003535055	0.4140166	0.1858245	0.2113733	0.2491069	0.122645	0.274521
0.2554075	0.003322333	0.4140166	0.1412835	0.1953065	0.2357697	0.2463533
0.1539364	0.008624863	0.3751072	0.1829253	0.1787021	0.114592	0.19194
0.2594473	0.3362975	0.1187012	0.08181495	0.260795	0.1339243
0.1315965	0.1573548	0.3524928	0.1697063
0.1808564	0.07034326	0.3366668	0.1255075	0.1963896	0.269527
0.1254419	0.09559657	0.3276193
0.2481045	0.1113249	0.1201524	0.3249576	0.1738032
0.09808996	0.08928594	0.3619319
0.2042115	0.1022223	0.3442344
0.1408422	0.090341	0.3342364	0.2990338	0.2831861
0.1712038	0.1053416	0.3760055	0.08646956	0.1846948
0.1409736	0.1228937	0.4224443	0.1686969
0.23557	0.09138315	0.3279187	0.2075273	0.2108685	0.1860604
0.2201534	0.1257502	0.4722108	0.182385	0.06353811
0.163134	0.3415975	0.003175396	0.2856027	0.239088	0.1791963	0.2270054	0.2396721
0.2077957	0.02003473	0.2831282	0.2362667	0.2154609
0.1712396	0.006349953	0.3155239	0.1211224	0.1859942	0.05644069	0.2330635	0.3121102
0.2152626	0.03882137	0.1818636	0.379889	0.202817
0.1888926	0.009063297	0.3201809	0.2271887	0.1906219
0.1524142	0.03854115	0.4801314	0.1788706	0.1164969
0.1953744	0.03279759	0.47819	0.167785	0.1257867	0.1978933
0.2082792	0.003838244	0.3745305	0.2047576	0.06225678
0.2295953	0.00614047	0.3795294	0.1566553	0.1678572	0.1614068	0.2320952	0.1978706
0.2321119	0.01091127	0.3675693	0.1783793
0.1622579	0.1238087	0.3888965	0.07852825
0.1506844	0.1090344	0.3620136	0.1518938
0.1599421	0.337031	0.09935358	0.2243054	0.1753827
0.2984467	0.3649698	0.0866151	0.05263339
0.2548971	0.3696473	0.1079962	0.1204789	0.1156568	0.08667574
0.2044562	0.4119783	0.09093837	0.223758
0.2005299	0.3705688	0.07985759	0.1979831	0.03752962	0.05323363
0.1570828	0.09167929	0.2218495	0.3536719	0.1476386	0.2381932
0.1742557	0.1038243	0.3981092
0.2019988	0.1106841	0.2765428	0.1946026	0.1274046
0.1577976	0.1375772	0.1487876	0.3329882	0.2665016
0.2985292	0.1075482	0.4406444	0.2135462
0.3009742	0.04341714	0.1776317	0.2408734
0.2509741	0.01378888	0.2955276	0.1375391	0.1313226	0.3272295
0.1486845	0.0189278	0.3596743	0.1901801	0.2144701	0.2279038	0.1733106	0.05711951	0.2001521
0.1978991	0.03336337	0.3468313	0.1753313	0.1098246
0.2003288	0.009530268	0.3436981	0.07782448	0.1737416
0.267158	0.01025664	0.3269706	0.1534859	0.1234587
0.2612862	0.05313807	0.2646371	0.1176997
0.3331039	0.07430848	0.1789189
0.3615133	0.08768974	0.09621916
0.3462489	0.006387384	0.1750861
0.3017675	0.01331456	0.1548777	0.3059989	0.1389609
0.2283328	0.07369838	0.2778461	0.03852918	0.2662709	0.1474216
0.2054154	0.07320298	0.3609051	0.1482292	0.2098912
0.1853075	0.01303764	0.2842843	0.1862859
0.1915807	0.01871076	0.375016	0.1876474	0.1319252	0.2206205
0.1707353	0.03587786	0.3610413	0.1893932	0.1685716	0.1673354
0.07277096	0.00384523	0.3828567	0.1209287
0.1082071	0.02301267	0.3633805	0.1397714	0.1777611
0.3523408	0.05739569	0.4379922	0.2103986	0.2207082	0.2225417	0.3480993
0.2140615	0.03276252	0.3710074	0.07657112	0.2337365	0.179445	0.1787469	0.2047949
0.147933	0.01618543	0.3320582	0.179476	0.2733479
0.1957989	0.0344483	0.3234217	0.1278006
0.2474699	0.01168605	0.3409019	0.1180316	0.1699212	0.2665005	0.1196685
0.2191969	0.02920758	0.3669497	0.2274215	0.1742389
0.2901337	0.0003960525	0.337732	0.1238838	0.1119953	0.3109972
0.05112289	0.02758935	0.4312748	0.1815616	0.2953251	0.1602051
0.1819826	0.319659	0.1191523	0.06569368
0.2017242	0.3744353	0.008214701	0.2305117	0.04739049	0.250054
0.2536082	0.359486	0.01680704	0.1161456	0.1774182
0.09152441	0.3853825	0.1075933	0.1735321	0.1259472
0.2151834	0.4788041	0.008038816	0.1885019	0.07682605	0.2422004	0.1714025	0.2008722	0.1094195
0.3062336	0.001922072	0.1912276	0.3063107	0.2263268	0.1156348	0.2867098	0.1559545
0.2477239	0.0008775514	0.322764	0.1091761
0.1135141	0.004060721	0.3284787	0.140028	0.1272419	0.09837222	0.1019995
0.2091216	0.002753499	0.3521081	0.1385402	0.219141	0.1914999
0.1804784	0.02270848	0.3545707	0.1752918	0.07638739	0.1577065
0.2726837	0.008931013	0.4432276	0.139755	0.09670659
0.2554523	0.02268317	0.3425642	0.1412689	0.1214765
0.1755897	0.0256143	0.3603253	0.1720022	0.1990343
0.1132288	0.006992021	0.3725196	0.1666848	0.1314194
0.1073244	0.02640707	0.3223601	0.1604853
0.1577417	0.004301224	0.3176867	0.1389174	0.1364697	0.1544637
0.3505341	0.03253967	0.3303574	0.158678	0.07107762	0.1586602
0.2086234	0.02339054	0.1538587	0.3411749	0.2072294	0.2653168	0.1815767
0.1617356	0.01878866	0.3035881	0.186558	0.1651605	0.2178318
0.2681372	0.03922082	0.3450267	0.2038776
0.1885403	0.02826196	0.3420201	0.1486254
0.1786841	0.005512352	0.3203811	0.2135943	0.1997835	0.1848586	0.1676355
0.2600539	0.05320432	0.3988922	0.2306808	0.04946068
0.1009681	0.01069348	0.3988922	0.1050389	0.09794898
0.1548303	0.002541718	0.3166033	0.210126	0.2001699
0.1555998	0.007964353	0.4065793	0.1765577	0.05400044
0.3177976	0.01194219	0.3387681	0.1591282	0.2258835	0.1014327
0.2025289	0.02780515	0.3117269	0.1601387	0.2503081
0.1887979	0.01313877	0.3614648	0.2190727	0.1884192	0.1822656	0.1348482
0.122374	0.008237093	0.4045236	0.1523864	0.08044481
0.2154342	0.01221155	0.3664728	0.2004634	0.1665281	0.1101226	0.3385686
0.1887645	0.006756091	0.3236632	0.1243711	0.07694539
0.2235965	0.005587788	0.3803312	0.1457904	0.1096794
0.2999606	0.009681165	0.3835638	0.1972513	0.111235	0.1488316
0.04515663	0.01184989	0.1433806	0.3239971
0.1502668	0.0009254833	0.2057704	0.3587191	0.211267	0.2929385	0.1813612
0.177457	0.01274788	0.3539884	0.1911289	0.2757787	0.2313384	0.1515703	0.2080614
0.1875023	0.009582822	0.4516036	0.1547473	0.2676003	0.1548233
0.1159043	0.0206578	0.3749636	0.155354	0.2231978	0.1684927	0.06207299
0.1380103	0.07464403	0.4497004	0.1652242
0.1930595	0.01050499	0.1916477	0.3463676
0.2371621	0.0140676	0.1511278	0.3303614
0.1443503	0.01339568	0.1158507	0.387605	0.2017531	0.1933759
0.1253957	0.007737998	0.3705302	0.138528	0.1607973
0.1499832	0.02277659	0.3229865	0.1217085	0.157716
0.2129942	0.02001643	0.4181301	0.1962723	0.254262	0.1343225
0.1762458	0.01050994	0.3475202	0.2135997
0.1774899	0.01516195	0.08918339	0.3951483	0.2877214	0.2345967	0.2542945	0.08813045
0.1207725	0.005030277	0.124113	0.2864818	0.2973094	0.09019986
0.2336811	0.1064333	0.1938534	0.4177341	0.231258	0.04729018	0.09712266
0.08649071	0.01070325	0.2880322	0.3735133	0.1802571	0.1985218	0.1554126
0.1871771	0.03362674	0.397879	0.1554099	0.156028
0.2925466	0.03626155	0.397879	0.1732919	0.1490197	0.1800356	0.2382679	0.0647901
0.4069532	0.03429556	0.3380906	0.1920723	0.09627686	0.1770992	0.06229887
0.2686167	0.02142057	0.3302797	0.185414	0.1090025	0.2261802	0.2890382
0.3914806	0.09609069	0.3392168	0.06467449	0.184173	0.1825685
0.1713544	0.1168339	0.270043	0.09284937
0.2977118	0.4208217	0.1327783	0.09620184	0.1139144	0.03440586	0.06143208
0.1354153	0.3710725	0.152072	0.01844632	0.16984	0.001487418
0.2529815	0.3355407	0.1347601	0.004224325	0.1467213
0.2287769	0.4154981	0.002498351	0.1341781	0.1379425	0.2725217	0.2421199
0.2047204	0.3033319	0.01717836	0.1537048	0.2070768
0.1828328	0.4083251	0.01584983	0.1400579	0.05877077
0.19945	0.3746773	0.02363419	0.1567779	0.132556	0.2606853	0.1181067	0.1388435
0.1316624	0.3683651	0.002696729	0.1900401	0.1636082
0.1423382	0.4219781	0.006181584	0.1513926	0.198848
0.06089039	0.4010262	0.0006706291	0.2295105	0.2315889
0.1883171	0.000285888	0.1225346	0.3238404	0.3062866
0.2073504	0.001846449	0.3755328	0.05912939	0.2391391	0.1702489
0.1086378	0.001519162	0.3892663	0.1845154	0.09804391
0.227758	0.003571625	0.319666	0.1465609	0.2528886	0.2729001	0.2376398	0.118582
0.1475051	0.01512816	0.4184696	0.1445301	0.1476742
0.1137443	0.005813477	0.3297523	0.215888
0.2702795	0.01463847	0.1990033	0.4307816	0.192977	0.155429	0.2321407	0.2559256
0.1489973	0.004205502	0.1321406	0.3314053	0.24263	0.1608751	0.172167	0.1178875
0.1674891	0.01086617	0.2095077	0.3750438
0.2281878	0.002956651	0.4739595	0.1603776
0.1087156	0.008163692	0.4402956	0.2003649	0.249447
0.2908169	0.02538162	0.3924337	0.1895875	0.2339483	0.1622419
0.2152788	0.0184999	0.343889	0.1410232	0.07496832
0.1374698	0.009995547	0.301902	0.1300807	0.1609071	0.2179037	0.2394963
0.1297678	0.04607868	0.3952799	0.1740593	0.1428447
0.05605322	0.0167323	0.379279	0.1404149	0.148835
0.1782515	0.01217282	0.1463155	0.4228458
0.08041728	0.02540864	0.122408	0.4421968
0.1431514	0.02073633	0.4579439	0.1444158	0.08195965	0.2408578	0.2299994
0.2277661	0.04376154	0.3587207	0.1800247	0.1173587
0.1464322	0.01259526	0.3731995	0.1412464	0.2103967
0.3269675	0.00810864	0.363833	0.1476141	0.1360809	0.05361399
0.2211342	0.00279606	0.3448401	0.09937648	0.1169344	0.2776721
0.1974822	0.01102452	0.345841	0.1662069	0.1441136	0.2388961
0.235462	0.02515062	0.4412246	0.2300358	0.04071804	0.1960473
0.2037883	0.06014636	0.4164107	0.1823415	0.2007405	0.1587002	0.2861097
0.1794914	0.03068781	0.410446	0.1982442	0.2434594	0.03965443	0.1037152	0.06887204	0.2093785	0.07754132
0.1251114	0.02127939	0.3549213	0.1878512	0.02453667	0.05116029
0.2882244	0.00630887	0.4613551	0.2123365
0.167429	0.00860184	0.3295894	0.2243208	0.1782537
0.2038779	0.08554849	0.3577462	0.2090236	0.07917314	0.134298
0.2074137	0.02256346	0.4324341	0.1945779	0.1246267	0.1676643	0.1721467	0.1145188	0.2937125
0.2578982	0.01953369	0.3231092	0.2130385	0.1366216	0.1890827
0.2076518	0.0149995	0.1637006	0.4154862	0.2261004	0.06777112
0.1926855	0.0100481	0.1191568	0.4216977	0.1012262	0.07276878
0.2062391	0.02285385	0.3958836	0.1724673	0.1699701
0.35064	0.006575343	0.3782501	0.2503411	0.150838
0.2211413	0.007563715	0.3636423	0.1451039	0.1317761	0.1062383	0.1804721	0.1172267
0.2460595	0.01992975	0.2897372	0.1328238	0.0754172
0.225136	0.01307853	0.3740015	0.1330446	0.1339137
0.2128529	0.0359395	0.3069222	0.1743575	1.125574e-05	0.2296485	0.2576021
0.1111515	0.01765356	0.1134225	0.3040833	0.1322487	0.3236716
0.2293856	0.03686458	0.1455401	0.3499775	0.2100537	0.196679	0.2188852
0.08767386	0.01492731	0.2158143	0.264484	0.1011918	0.2126442
0.1735781	0.003900959	0.1747204	0.4344649	0.2405028
0.1169721	0.016579	0.1486288	0.3888417	0.1326946	0.3009746	0.190283
0.1953793	0.007332878	0.4191815	0.1335132	0.1543414
0.2422764	0.01303922	0.3854236	0.2077128	0.1991771	0.2033772	0.1775051	0.0130894	0.1199876
0.2709739	0.002931313	0.4854589	0.2005117	0.1782005	0.1849929
0.0946825	0.02492916	0.4008307	0.1846295	0.1580125	0.1784985	0.1197556
0.2202656	0.004047931	0.3442964	0.1489126
0.2154094	0.01371514	0.3414246	0.1696726	0.1627678	0.1455171
0.2237498	0.06282887	0.3550718	0.1371393
0.3063192	0.04233649	0.359163	0.2078554	0.2904784
0.1784223	0.0001075373	0.3473056	0.1532403	0.1136369	0.1726949
0.1499374	0.004176308	0.3802844	0.1349302	0.1279063
0.103261	0.01061933	0.3170774	0.2172178	0.2389985	0.1403125	0.2051419	0.146402
0.1458249	0.009480165	0.3629064	0.1764259
0.1879241	0.04238233	0.3517231	0.1662884
0.3301623	0.005067493	0.140484	0.3937663	0.3084503	0.09426096
0.06499633	0.01723739	0.1358185	0.4290131	0.2483881
0.1761298	0.04628704	0.3975094	0.2052683	0.2044062	0.133765
0.2313471	0.006970832	0.3308301	0.1300837	0.1545592
0.2328091	0.01289958	0.3157868	0.1754664	0.1573559	0.2380338
0.1914807	0.01574179	0.3352516	0.1579079	0.03110085	0.2420719	0.2136104
0.1017674	0.01225441	0.4046747	0.1854369
0.1408337	0.001586687	0.409886	0.2182835	0.1407805
0.2605165	0.01193189	0.3916825	0.1776311
0.2579888	0.01535399	0.3789697	0.1728957	0.1899011	0.1991683
0.1547908	0.01781399	0.4878778	0.1833072	0.08078136
0.1651564	0.008493283	0.3864444	0.1821257	0.3135697
0.2162639	0.03405274	0.4172889	0.1425176	0.1600392	0.05465124
0.1408183	0.0249735	0.3408229	0.1780592	0.1895024
0.1929421	0.02618888	0.4493264	0.1279998	0.1155683	0.2170946
0.1359621	0.01758082	0.3609846	0.1720358
0.134129	0.01969942	0.4254494	0.135637	0.3080699
0.1941187	0.01996726	0.4254494	0.1481391	0.1826384	0.2916626
0.2433306	0.02699674	0.3555006	0.173773
0.3663834	0.001038259	0.1331483	0.3843862	0.1313987	0.1495569	0.1996401	0.1735328
0.1185732	0.01020844	0.3663582	0.1942824	0.1587383
0.1849335	0.02256008	0.416972	0.1310822	0.1765182	0.2723903	0.17177
0.2916139	0.01012235	0.4167833	0.2087749	0.1686385	0.08230346	0.1794729	0.1378322
0.3029811	0.008061034	0.4215474	0.2170772	0.2276459
0.1540927	0.002837525	0.3525614	0.1963261
0.2945905	0.045687	0.3308771	0.1805414
0.218826	0.06793514	0.420099	0.1794692
0.1898892	0.002341818	0.1451287	0.3370952	0.1539758	0.2290431	0.1846914	0.1961892
0.176923	0.01372091	0.4401225	0.1939503	0.2193599
0.1963963	0.0336713	0.3822223	0.1383454	0.1608172	0.1027636
0.2298391	0.04555667	0.3389901	0.1282635	0.1746563
0.2585171	0.06308683	0.4559678	0.1472708
0.1862389	0.3918759	0.1118248	0.1770337
0.1297202	0.3517655	0.1454606
0.1278398	0.3298464	0.06331792
0.1063169	0.444023	0.09793377	0.2639137
0.1555267	0.3275455	0.09351433	0.2038747
0.1316984	0.398525	0.01060638	0.1769261	0.1262935	0.03736552	0.1599469
0.1321773	0.3709869	0.007408875	0.1666567	0.2853219	0.06790453
0.1805788	0.3538052	0.003408953	0.09772966
0.1723158	0.2982113	0.01169766	0.1929568	0.08435973	0.2200358
0.2086549	0.4162096	0.00829511	0.2537084	0.2241761	0.07527696
0.2603665	0.4241594	0.007610516	0.1851476	0.08361346	0.2435654
0.1902479	0.03351615	0.3472547	0.1874986
0.2574262	0.007900131	0.4257284	0.147575	0.08039773
0.1470842	0.01197211	0.2946217	0.2610056
0.17147	0.01862864	0.3590462	0.1677004	0.2236765	0.1896182	0.1216639
0.1883415	0.02016436	0.483932	0.1453846	0.237234	0.1593668
0.1566569	0.008848634	0.1334418	0.3471187	0.2305342	0.2591344	0.2751059
0.1879022	0.04938787	0.1009395	0.3184462	0.2472565	0.2056508
0.1616734	0.002493471	0.2570679	0.4426037
0.250946	0.01559726	0.3830226	0.1876446	0.1960929	0.122766
0.2734418	0.02132266	0.1378341	0.3285096	0.08216657	0.2136616
0.1153333	0.05350301	0.1249591	0.3378835	0.2327509	0.1285922
0.2717052	0.01773441	0.3356608	0.2389532
0.1992818	0.07282047	0.3922514	0.1242244
0.3209671	0.01244628	0.3018915	0.1517863	0.222778	0.09310199
0.2075259	0.00935128	0.2889815	0.1121876	0.1348634	0.09001343	0.1626767
0.2027148	0.009223751	0.4178678	0.2205825	0.1988757	0.2062505
0.1333404	0.04095488	0.2706424	0.1625764	0.1452547
0.1128624	0.01534973	0.469731	0.208426
0.2120646	0.01007571	0.4082928	0.1532256	0.1461089
0.2526523	0.003405201	0.4187833	0.1747116	0.1218165	0.1862696
0.1303412	0.01045536	0.4028097	0.1403129	0.2613886	0.1003147	0.136949	0.2571961
0.1289975	0.02311769	0.3744	0.1995204	0.3059751
0.2043567	0.0345805	0.4526851	0.12468	0.1869232	0.2077209	0.1269924
0.1420178	0.003573765	0.3206767	0.1821585	0.1759081	0.2639611	0.07194457
0.2617813	0.002436049	0.3914076	0.2203683	0.2065475	0.1826764
0.1537333	0.03234161	0.1992676	0.3937	0.1438091
0.1627815	0.006242076	0.1932747	0.3908099
0.1800687	0.001184357	0.4216593	0.1953758	0.1279678	0.1856163	0.2216766	0.1347084
0.1346813	0.005260124	0.4626861	0.1910309	0.1771148
0.2779326	0.0288647	0.3318257	0.1801063	0.1974485	0.1724179	0.1906199
0.1927482	0.004469287	0.403693	0.1297529	0.1524908
0.1228628	0.004461774	0.3168999	0.1733799
0.1797502	0.005566427	0.3435934	0.1102143	0.1190816	0.1164	0.1191816
0.1808558	0.007113843	0.4211848	0.1420167	0.07814851
0.2166231	0.01319552	0.4380651	0.1764931	0.1572352	0.1176753
0.08270265	0.04328456	0.3087955	0.1300431	0.09769406
0.1082897	0.001426611	0.2789542	0.1375753
0.1546958	0.02444154	0.1531678	0.3888017	0.1690563	0.2278467	0.2365289
0.2662973	0.008102899	0.1832279	0.2863501	0.1254658
0.2487362	0.004767293	0.196342	0.454542	0.2288563	0.1011483	0.2155986	0.1895303
0.2956513	0.0007566797	0.4308739	0.1032635	0.2600682	0.1984322
0.2576282	0.02981336	0.3154203	0.1590772	0.2420775
0.1719724	0.01492418	0.3143212	0.2005955
0.1974864	0.04471654	0.09837539	0.4420288	0.2088729	0.1881977
0.1543479	0.4139944	0.1106399
0.1798604	0.339911	0.07905725	0.197685
0.1225789	0.08880092	0.3468404	0.2296261	0.2697382
0.3810969	0.08121083	0.2997197
0.1772952	0.07092752	0.3679268	0.2798675	0.11483	0.1929993
0.2233435	0.3625578	0.1057052	0.1429243
0.1046559	0.3130403	0.07934952	0.2140706	0.1831309	0.05624411	0.1659779	0.326938
0.196862	0.341294	0.0345356	0.1591222	0.2559376	0.07560117	0.2775046
0.3046427	0.341294	0.004376045	0.1580298	0.1927846	0.1193687	0.2870937
0.1174681	0.4802739	0.03027256	0.1675625	0.06668193	0.1743208	0.1430902	0.1043555	0.118953
0.1985752	0.3997206	0.06788629	0.1360225	0.2079737	0.1478898
0.1567322	0.3673865	0.03195147	0.1560472	0.1465309
0.1904466	0.3431572	0.03831597	0.1491078	0.166953	0.1487855
0.2565065	0.4013736	0.102282	0.0857359	0.09982382	0.2362481
0.2403096	0.3480042	0.2132934	0.02088535	0.2241473	0.3133427
0.2435084	0.03743301	0.1615982	0.3458971	0.1852717	0.3198732
0.2350335	0.07941881	0.2364373	0.3319194	0.1197477
0.3089487	0.0367215	0.4215469	0.1991878
0.3232973	0.01258343	0.3400994	0.1367738	0.1270442
0.1778278	0.02832994	0.4303843	0.1989097	0.1689818	0.2338018
0.2791636	0.001219413	0.3116382	0.07759196	0.1695447	0.282011
0.2190824	0.0008516004	0.1647565	0.4152731	0.170412	0.2064969
0.1501658	0.008844035	0.1296312	0.3013947	0.1838662	0.2963161
0.1619206	0.04064035	0.1436483	0.3908205
0.1716846	0.003207404	0.1632481	0.347599
0.1444152	0.001029694	0.1810756	0.3966479	0.2295672
0.2620787	0.005194274	0.1263852	0.3966479	0.15127	0.2727177
0.1267272	0.01058476	0.3712099	0.1314622	0.09369764
0.2328437	0.006227484	0.3281883	0.1770878	0.117171	0.09781858	0.1921141
0.2818334	0.07299713	0.3790226	0.1941519	0.1863248
0.2167561	0.3747814	0.02470266	0.1675113	0.1724869	0.2246923	0.2192968
0.3236086	0.3372697	0.08652355	0.1085516	0.3160345
0.1965885	0.3519719	0.09524945	0.1200351	0.2722921
0.3006038	0.4255638	0.1241003	0.2072211
0.213353	0.1008124	0.4019358	0.1676686
0.2640238	0.1146757	0.3437515	0.10905
0.2127571	0.06619766	0.3864185	0.1747603	0.2316117	0.1837165	0.1546831
0.2311277	0.06784509	0.3443114	0.1204851	0.1980447	0.1332813	0.1537063	0.07231579
0.1840699	0.1086112	0.2908221	0.2372887
0.229277	0.3938551	0.01946748	0.2621477	0.2119584
0.1854314	0.003781939	0.253094	0.2179637
0.3206605	0.004757876	0.1917964	0.3536273
0.3409146	0.01152164	0.1663588
0.1858726	0.007682826	0.1864204	0.2636493	0.1882923
0.2688487	0.001582727	0.191098	0.4127253	0.02869596
0.2157472	0.005784818	0.3577538	0.1782911	0.1449716
0.2038396	0.005425868	0.4000488	0.1772726	0.1360843
0.2477368	0.002646609	0.428435	0.1808505	0.1856161
0.137004	0.0169488	0.4911681	0.1724179	0.1550167	0.08936384
0.1764237	0.01352641	0.3266077	0.1547245	0.1220246	0.1663887	0.1706693
0.2319482	0.3618934	0.06351681	0.2556798	0.2003916
0.1814461	0.305269	0.1175003
0.3171491	0.3108196	0.1895766	0.09842621	0.08464868	0.3041382
0.2108802	0.3695223	0.1260931	0.03136663	0.1188346	0.1784744
0.1818792	0.3695223	0.04624444	0.1525899	0.1450578
0.1306908	0.00557971	0.1744034	0.3832131	0.08603776
0.214237	0.01729449	0.1488142	0.3703426	0.06516821	0.1124995	0.2059899	0.1970611
0.1061556	0.03845335	0.4406096	0.1991813	0.08518137
0.2077081	0.009917218	0.4144258	0.179077	0.1585398	0.1458811
0.1770821	0.01461538	0.2737238	0.2144928	0.1822834
0.1972406	0.02539147	0.3810559	0.2088765	0.1438526	0.1654281
0.1613091	0.05397445	0.359865	0.1762989	0.1233837
0.343124	0.01709833	0.383938	0.2091807	0.1551672
0.1482577	0.009383538	0.4248593	0.2227231
0.1085096	0.0109988	0.3852632	0.136939
0.2326862	0.0006724717	0.1606325	0.3366504	0.2727699	0.1384618
0.199695	0.01601163	0.250317	0.4093171	0.1806713	0.3281973
0.2949233	0.01819598	0.1857265
0.3542002	0.005715386	0.1617218
0.2068092	0.009853385	0.168938	0.2918695
0.1569658	0.01362504	0.3286791	0.1288294	0.1605323
0.1074298	0.01983805	0.3650668	0.1538507	0.1425115
0.2036107	0.0250918	0.1315267	0.2907762	0.09742096	0.2791459	0.1078356
0.234052	0.02608034	0.1668767	0.4600661	0.2439424
0.1387405	0.008689547	0.3872747	0.1638869	0.2316788	0.2830171
0.2082867	0.005286439	0.1540149	0.4225942	0.1429158
0.1451502	0.006454388	0.1389818	0.3421407	0.2165451
0.2305568	0.006825068	0.1315719	0.4571809	0.07112115
0.249444	0.0100064	0.3559648	0.1407186	0.182041	0.1095385
0.1297912	0.04434173	0.4439129	0.2113899	0.09729191	0.104654
0.1894185	0.006927896	0.4866638	0.1616054	0.08688392
0.1147555	0.003480919	0.4508659	0.1770862	0.1865849
0.1138637	0.001569207	0.426502	0.204534
0.134237	0.0009637258	0.1538554	0.3987391	0.2501491
0.2625877	0.0002438728	0.1629005	0.3645501	0.2378016	0.1942519
0.1920799	0.02147	0.1252433	0.3645501	0.1631097
0.1642644	0.006958742	0.3108176	0.2088637	0.1345219	0.124357
0.07315495	0.02070929	0.480947	0.1742006
0.1846434	0.02145232	0.4041017	0.1662781	0.1060789
0.3318923	0.01286974	0.3961048	0.08154665	0.1402891
0.09234313	0.01631527	0.3350249	0.170026	0.2238386	0.132925
0.1816283	0.002734212	0.371367	0.1681095	0.1647145	0.0641
0.1588935	0.0009561036	0.3730292	0.1074818	0.2098594	0.1238947	0.09888544
0.2189202	0.001637899	0.3609496	0.2485294	0.1869661	0.177158	0.1398095	0.1629957
0.1163966	0.004400896	0.3830916	0.1384903
0.129847	0.003799178	0.3735247	0.2006041	0.09515964	0.3826325
0.1659513	0.02024534	0.1452934	0.4406719	0.1494213	0.2128849
0.2244385	0.05455466	0.1312791	0.3728658	0.0993751
0.1715525	0.1138586	0.3793463	0.2440627
0.1624173	0.06888583	0.2681968	0.2171332
0.2111819	0.07657323	0.3054645	0.2264076	0.05751038
0.1051586	0.09483063	0.3663608
0.2254637	0.1077204	0.3672618	0.07680126
0.09370836	0.3460893	0.04661143	0.09592238	0.2921331
0.09180298	0.4232745	0.1258597	0.08572359
0.1888119	0.3876215	0.1578019	0.2511223
0.1484507	0.3503645	0.05838048	0.06541802	0.0782742
0.2215528	0.3976809	0.09856369	0.2764686
0.08507819	0.3435727	0.02265117	0.1780361	0.2470536	0.2103059	0.03735569
0.3017474	0.3823745	0.02929068	0.1361765	0.132067
0.2362183	0.3836857	0.02507383	0.1471907	0.191528	0.1631555	0.1743895	0.2352296
0.2289887	0.4110075	0.0008089492	0.1786131	0.1417458	0.1839711
0.2153476	0.3231631	0.01107379	0.1326785	0.1835603
0.150003	0.4413289	0.02559746	0.2412254
0.102957	0.358496	0.05181277	0.1126498	0.200722	0.1359372
0.2035854	0.00659779	0.1955939	0.2069717	0.1693039	0.3434974	0.1750702	0.2239109
0.1010423	0.01848661	0.2673549	0.484647	0.06900748
0.1001809	0.01362512	0.3824856	0.1188566	0.1264709	0.1595584
0.2513436	0.01090938	0.4015446	0.15013	0.1982164	0.2300527
0.2765823	0.02246298	0.4015446	0.1446158	0.1607365
0.1780754	0.07251364	0.3785352	0.09896614	0.2923293
0.1873174	0.09128667	0.3198177	0.2748371
0.160145	0.1175313	0.3944584	0.1271689	0.2022666
0.1680579	0.2932685	0.114713	0.07782409	0.1136113	0.3246308	0.1867381	0.180246
0.2510215	0.1374771	0.4065431	0.07827079	0.1029919
0.1868574	0.3142581	0.08892774	0.03018431	0.06290449
0.15925	0.4084942	0.1125428
0.26222	0.3582784	0.1208697	0.1364991	0.08916487
0.198264	0.3969395	0.1077989	0.2226493	0.04424057	0.04942485
0.2511913	0.3381586	0.2760933	0.01488622	0.1948538	0.1557115
0.2202965	0.436642	0.01424902	0.195087	0.08295622	0.1766757
0.3631184	0.01485261	0.1436356	0.2644584
0.3441702	0.01084241	0.1443036	0.1634012
0.3000887	0.006770655	0.1921319	0.1624863
0.2276423	0.05379114	0.2463032	0.3746238	0.1542007	0.1552899	0.1524778
0.1423138	0.3396759	0.2154604	0.1164229	0.1547772	0.2193704	0.1661782	0.1963755
0.1836545	0.438573	0.1027485	0.1010752
0.1048908	0.3514894	0.1817039	0.02452236	0.131053	0.3141403	0.130703	0.07725788	0.1542395
0.2375708	0.2523912	0.1354576	0.001610813	0.3907653	0.3255211	0.1357637
0.2246649	0.1566342	0.03370574	0.3454951	0.1038568	0.1751137	0.1506392
0.3139082	0.01759586	0.3515382	0.1577679	0.07075227
0.2368795	0.003464551	0.4072894	0.1908384	0.234298	0.2145657
0.250752	0.009768734	0.4383172	0.1438911	0.09187563	0.3319107	0.1868856
0.1502137	0.04846359	0.5397126	0.1705489	0.1226906
0.1290536	0.04328207	0.3811722	0.06997833
0.1394676	0.02496837	0.3834746	0.1478827	0.1124047	0.2109759
0.2081666	0.04629072	0.3785021
0.2498631	0.04028112	0.3113827	0.1794736	0.1489333	0.1119516	0.1952244
0.2292534	0.1046583	0.3345434	0.02042525
0.2200108	0.1463636	0.3661424	0.008799587	0.0777808	0.2621196
0.1528975	0.3781054	0.0405046	0.1188077	0.1501688	0.2165892
0.184009	0.04138066	0.2086129	0.3304935	0.1614288	0.1486132	0.102033
0.2602627	0.02628842	0.153697	0.3087578	0.155895
0.1787698	0.001336867	0.1519644	0.3414891	0.067562	0.2556647
0.1176128	0.0110149	0.1307733	0.3064759
0.1586222	0.00258925	0.3514014	0.1954573	0.1738032
0.2335091	0.02386016	0.3849221	0.1803228	0.1513068
0.2816191	0.005819868	0.3437413	0.1269363	0.1489704	0.2222708	0.1322324	0.09183732
0.355152	0.007679711	0.3850231	0.1852876	0.1321683	0.2518315	0.167075
0.2341681	0.003474805	0.1746561	0.3436922	0.04956924	0.1571731
0.189983	0.024876	0.2149548	0.4563324	0.1418092	0.2543752
0.1935282	0.004501057	0.1985747	0.3208679	0.1115896	0.1423872
0.3556933	0.0009211732	0.4708892	0.1253551	0.1176056	0.1817646
0.1382512	0.0004750943	0.389596	0.1862259	0.0723601	0.04435565	0.2347986	0.08805723
0.2553152	0.001185929	0.5247407	0.1703333	0.1534854	0.1907208
0.2166305	0.0336033	0.3546969	0.1639779	0.1392162	0.1271027
0.1896815	0.001917415	0.3744465	0.1585955
0.2713635	0.007389198	0.3744465	0.1469131	0.287435	0.2130523	0.4083091	0.1687646
0.2550692	0.0417456	0.2692194	0.1429494
0.2756026	0.009577562	0.1757605	0.2522647	0.2240881
0.2313104	0.05847035	0.268071	0.3826568	0.08621571
0.2969023	0.03695305	0.184297	0.3756699	0.1407652
0.2117337	0.02595766	0.3577214	0.08156243	0.1868676
0.2136485	0.01758012	0.3369829	0.1963452	0.1284237
0.2316151	0.01415041	0.4032149	0.1224033	0.2275584	0.2071222	0.1543634
0.1268011	0.01758272	0.3647677	0.1204171
0.1629389	0.007330089	0.4121291	0.157979
0.1728726	0.03049914	0.3434024	0.1531364
0.07663901	0.009386681	0.3982708	0.1811697
0.1919859	0.01044177	0.4754183	0.135406	0.2212521	0.2136514	0.1557266
0.2250987	0.020159	0.4041434	0.2109393	0.1735804	0.05070361
0.05887485	0.002061944	0.3502349	0.1781485	0.09473865	0.1943489
0.1810568	0.001604256	0.3420394	0.2254851	0.1466649
0.2382895	0.05112956	0.3529832	0.1485969	0.1061827	0.2094102
0.1086622	0.002658114	0.369416	0.1367387	0.2538743
0.1717207	0.008082866	0.3549749	0.1537062
0.2300342	0.004073162	0.3920749	0.1736833	0.08195084	0.117621
0.261646	0.0146252	0.3153623	0.1335135	0.2601538	0.2867742	0.1077509	0.1658461
0.3566346	0.001416072	0.08953402	0.3665161	0.3550361
0.2327629	0.01232012	0.3330986	0.2431658	0.1573137	0.1479269
0.1712527	0.005750269	0.4525621	0.1952316	0.1515584
0.2420699	0.002600994	0.3959505	0.1387588	0.139612	0.1689252	0.1566493	0.2613119
0.1935014	0.04302826	0.4385759	0.1513577	0.2198207	0.1983319	0.1802574
0.1131676	0.03294097	0.3633862	0.1841835	0.1384492	0.1313033
0.3389712	0.01683608	0.3752341	0.1888246	0.1976005
0.1408572	0.008911775	0.392131	0.1933648	0.06103665	0.2529076
0.1828938	0.0009397758	0.4231333	0.1853442	0.1059401	0.2206273	0.1448018
0.2118948	0.009124639	0.5064383	0.169494	0.07374063	0.2155895	0.07461247	0.08679853
0.1325567	0.01657876	0.2072848	0.1721548	0.3966408	0.2278899
0.2789728	0.1048937	0.4776721	0.2264297	0.1021677	0.191728	0.1746712
0.1897745	0.4034368	0.1413344	0.1434982	0.1901103
0.2328274	0.3268713	0.09551803	0.03941297	0.2247631	0.1274841
0.3006652	0.3386093	0.1074798	0.1201429
0.1166155	0.35149	0.08137762
0.1511539	0.3647602	0.08741107	0.1292539	0.06739637
0.2834473	0.3647602	0.0758437	0.2248909	0.2105634	0.1802614	0.07926436
0.1536527	0.3563844	0.1219086	0.1978079	0.1237439
0.1498576	0.3563844	0.1099269	0.1029624
0.1894052	0.3710115	0.0565276	0.1053154	0.2492665	0.1296931	0.1855555	0.07278483
0.2036734	0.3777775	0.04271713	0.1510872	0.2178101	0.22068	0.05492826
0.2510249	0.3235131	0.1070006	0.2167087
0.2357707	0.07410418	0.1109364	0.2737612
0.1760167	0.111356	0.3436548	0.1380448
0.08341423	0.02128326	0.3874807	0.1904042
0.1340056	0.02916726	0.3282825	0.1709797
0.192904	0.01259504	0.4152567	0.1019157	0.08180825	0.1833996
0.1965645	0.02963535	0.4232905	0.2075646	0.05951403	0.1375362	0.2154599	0.3560823
0.2139216	0.02740751	0.5312958	0.1612262
0.2204582	0.03778947	0.3488617	0.1428711	0.1999974
0.2878856	0.01964917	0.3397973	0.1632916	0.2012119
0.2453111	0.02658813	0.3076347	0.2009244	0.2424326
0.2534963	0.02352353	0.3808225	0.1407429	0.1199038
0.1278604	0.05051212	0.3601844	0.2050382	0.1443303	0.3000156
0.2079818	0.02592833	0.1393812	0.2074186	0.257791	0.2131504
0.2798211	0.004033782	0.1520419	0.3835048	0.1085817
0.2630012	0.004112973	0.1858612	0.3636518	0.1899235	0.1663488
0.1688954	0.01273724	0.1283771	0.3613003
0.1880585	0.008242444	0.1222366	0.4069602	0.2666906
0.3062806	0.03246767	0.2248586	0.3770967	0.1000496	0.1871133	0.1045698
0.2604874	0.04066137	0.159849	0.3536986	0.1972132	0.09696758	0.2112648
0.2268043	0.02805553	0.1612652	0.09675323	0.3620439
0.08372206	0.06687185	0.3620439	0.1646854	0.1389352
