SurvivalProbabilities
0.4009283
0.475308	0.3893716
0.3986518	0.432308	0.4225768
0.4269238	0.4691973
0.4329109
0.4078207	0.4437722	0.4875196
0.4292597	0.4599976
0.4173968	0.4813008


0.4303961

0.4538492	0.4581988
0.4239932	0.4547017

0.4765596	0.4197883	0.4684685
0.4411683	0.4237965
0.4200802	0.4867286	0.4655278
0.4242455	0.404462	0.4599477	0.3838148
0.4804672	0.4886086


0.5067096
0.510055	0.4257165	0.4360801	0.4348612	0.4175259	0.4978533

0.5146313	0.4378813	0.4530992
0.4742319

0.4312764	0.4465028
0.4712428
0.5241943	0.4541394
0.5325831	0.4606264

0.4412374	0.5107704
0.4817974	0.4654157	0.4811369

0.5131608	0.4273635	0.434798
0.4205673	0.4612698	0.4788549
0.4000349
0.4125309	0.3837449
0.4171163
0.4413905
0.4581502	0.4135105
0.4601657	0.468409	0.4709618	0.4082574
0.4629869
0.4632075	0.4154625	0.4439494
0.4571303
0.4984937
0.4807676
0.3988298	0.421023	0.5010798
0.3985134	0.4253378
0.369002	0.4652665
0.4370538
0.4611462	0.4805856
0.4415624	0.427588	0.4828707
0.4341234
0.4957761
0.4437494
0.4035205	0.4734298
0.4962383	0.4207677	0.4266538
0.4337074	0.4614802	0.4526964
0.4429463
0.4746111	0.4163696	0.4696182
0.4887431
0.4290625	0.4316115	0.4440748	0.4573553
0.4808664	0.4057867	0.3806442	0.4949235
0.4006179	0.4768801	0.4991598
0.4320731	0.4495789	0.4495811
0.3747658	0.4120766


0.4428691
0.378561	0.4584158
0.422194	0.4493734	0.4986544	0.4003887	0.4016204
0.5194916
0.4671859	0.4682432
0.483214	0.4296901	0.5042847	0.4008871
0.4602754	0.4301607	0.4384516	0.4075198	0.4283383
0.4181881	0.4525037	0.4185327	0.3948976	0.4284712	0.4633323
0.4661516	0.4479553	0.5621223	0.4363507
0.4206487
0.4194254
0.4891367
0.4149836	0.4903961	0.5381241
0.4664895	0.4351074
0.4564112	0.4427456
0.4093208	0.4320995
0.494749	0.4649177	0.40377
0.4400707
0.4308957

0.3757669	0.4409454
0.5184764
0.3901496	0.4530348
0.4677566
0.3946961	0.401674
0.4545988	0.4736696	0.4227803	0.4654977	0.4687388
0.4350407
0.4700913	0.3935093	0.4266238
0.4081206	0.4649388
0.4514406	0.4423299	0.4655615
0.401818	0.4426298	0.4564145	0.4456858	0.486297	0.4466608
0.4007676	0.3681189
0.4928444
0.4179165	0.5405342	0.3969644
0.4389376	0.3678764
0.4355082	0.3946408	0.4249859	0.4754443
0.4339417	0.5466175	0.379687
0.442925
0.4679961	0.4933281
0.4652978	0.4561747
0.4893807	0.4339054
0.4323691	0.4577927	0.5787345
0.4664255	0.4375197	0.5050835
0.4351473	0.4989597
0.4617421	0.4411389	0.5104244
0.3884855	0.4696021	0.4415986
0.4497135


0.4504409	0.4617526	0.3964783


0.4397839

0.486927
0.5181792	0.3958076	0.4546186
0.533646
0.4492095	0.463124	0.4579394

0.5067194

0.44773	0.4367034	0.4659088
0.4206639	0.4365661	0.4454864
0.4439932
0.4058412	0.4213235
0.4791967	0.4613713	0.503574
0.4251153	0.4387148
0.4252035	0.4418827
0.5573875
0.4780592	0.3954029	0.5059181

0.3968189	0.371768	0.4781972	0.4641128
0.4275966	0.4507814	0.4740204
0.3842503	0.3985469
0.3840208
0.460688	0.4837533
0.49557
0.4320865
0.4478238	0.3881215
0.4348612	0.4354665
0.49592	0.460303
0.4568992
0.4175708
0.5053074	0.4347934	0.4462062	0.4961848	0.4360785
0.4680452	0.4326532
0.3906147	0.4875578


0.4920713
0.4329283
0.4316397
0.4658656	0.4056373	0.4185858	0.450756
0.4606817
0.4145646	0.4113463
0.4490955
0.4331625	0.4448465	0.4535448
0.4325975
0.4620125	0.4538001	0.426011

0.4347476	0.4497013	0.4057588
0.4388222
0.3699972	0.4605356	0.4980033	0.4139144	0.4494555
0.4529092	0.3891392	0.4341901	0.4926149	0.5208674
0.4344158	0.4187333	0.5033141
0.4317707
0.4849988	0.4736564
0.408121	0.4821069
0.4479684	0.4870851
0.4552829	0.4310912
0.4420403	0.4648615
0.4177645	0.4395796
0.402303	0.4810316	0.4325201
0.4423863	0.4469949
0.4425882	0.4735815	0.4582762
0.3770405
0.4515063
0.4915596	0.439291
0.420334
0.4699226	0.4999842
0.5068764

0.4727291
0.43816	0.4781501
0.4511628
0.5172381	0.3993594
0.4052591
0.457169	0.4099363	0.4338976	0.4773893	0.4125236
0.394456	0.4884334	0.4031067
0.4588753	0.436021
0.4287078	0.3947415
0.4507538	0.4088604	0.4136434
0.4539463	0.4406033
0.4004017	0.4729886
0.455937	0.4574462	0.4707538
0.4656777	0.34777	0.4286004
0.4089313	0.4375099
0.4984437	0.4310606
0.4865582	0.5182069	0.4034332	0.4350019	0.488189
0.4812579
0.455835	0.4137294
0.472546
0.4976957	0.4420544	0.3941506
0.4520686	0.453649
0.5118516	0.5158627	0.4565632	0.454402
0.4393474	0.4482307	0.4275503
0.4301312
0.4078206	0.5206059	0.4723547
0.4178563	0.4407601
0.4695176	0.4444562	0.4708201
0.4677503	0.4330002

0.4898471	0.480684

0.4190438	0.4551099	0.4464793	0.4750719	0.4299118
0.4168988	0.5017438	0.4731966	0.4700056
0.4387568	0.421518	0.4059801	0.4726816	0.4800164
0.4006891	0.4097402	0.4316566
0.4257135	0.4345058	0.4495242
0.4937724
0.4297104	0.5151611
0.4429843	0.4854532	0.4376704	0.4926322	0.4146477
0.4959053
0.4871395	0.4941071
0.4893816	0.4692128	0.4604787
0.453506

0.4643749	0.4812306
0.4703944	0.408896	0.4559002	0.5022793
0.473275	0.4019997
0.4448647	0.4583889
0.4459881	0.398339	0.4755652	0.4515317
0.4282127	0.4388047	0.4173354	0.4854177
0.4611607	0.4335007	0.5051445	0.4555797
0.4459894	0.5032219	0.4513088
0.403113	0.4147376	0.4148035
0.3959886	0.4084424	0.429497
0.4505295	0.4949234	0.4263472

0.4121382	0.4652564
0.4987954	0.4451224
0.4703479
0.4512586

0.3903629	0.4693968
0.4153756	0.4293932	0.5173921
0.3603185	0.5049659
0.4988429	0.4627244	0.5257263
0.4568329
0.4607042
0.4634251
0.4604475	0.4138144	0.4701443	0.4120645
0.5068954	0.4562876
0.5333479	0.4919157	0.4362946
0.4309038	0.4910137	0.4638517
0.407895	0.4018292	0.395107
0.501574	0.4658631

0.4760368	0.4080014
0.4653768
0.4877087

0.391074	0.4273373	0.3952351
0.4420149
0.467731
0.4293273
0.4305515
0.496306	0.4184399	0.4679956
0.4441552
0.441173
0.4965889	0.502342
0.4379124	0.5172586

0.44241
0.3901617	0.4642271	0.4560066
0.4282984
0.4675711
0.3975274	0.5241108	0.4755495
0.4994474
0.5105566	0.4314914
0.4562719	0.4581082	0.4414863	0.4876781
0.4631985	0.4862202
0.388645	0.4762159
0.4624081	0.4270204

0.4105638	0.4287127
0.403752	0.4217158	0.5343372	0.4863115	0.4303956
0.4313808	0.4695814	0.4645185
0.4024163	0.4103258
0.4782092	0.4131866
0.5170968
0.3960464	0.4880051	0.4347309

0.4568417	0.4801991	0.4519587
0.3800933	0.4305069	0.4827312	0.4674764
0.4237751	0.4847245
0.4985769
0.4232132

0.4409333	0.5064028	0.4271847

0.4420745	0.4455107

0.4100261	0.3636538
0.4454237
0.4373032
0.4410367	0.4548333	0.4466749
0.4219694	0.4961605
0.4083322	0.4402395	0.4468102
0.4533352	0.4580798	0.4299452
0.4468999	0.4585791	0.4805335
0.4822485
0.4238191	0.386114	0.4483732
0.4446292	0.5149936	0.3591989
0.4123103

0.5107895
0.4234025	0.4762516
0.5183236	0.4392835
0.4297571

0.4403297	0.3963684
0.4257917	0.4032175
0.4862924	0.4100465
0.4294946
0.4421172	0.4069968	0.4329104
0.4094033	0.4310704
0.5040396	0.4648935	0.4217906
0.3895582
0.4673028	0.3771569
0.4322908	0.4525378	0.4587663	0.4374121
0.5124288	0.4264023
0.4512622	0.4754987	0.393084
0.4337199	0.4728155
0.4451902	0.4958617
0.4580947	0.4051233
0.4572474	0.3987674	0.4361714
0.4278781
0.4075224
0.5221034	0.4655934

0.4488679	0.4682091	0.4076127
0.4203593

0.4535149	0.3753645	0.471447
0.3580153	0.4603619	0.4341679
0.4555825
0.4073504	0.4158146
0.4699971	0.4569373	0.3928535	0.3957295
0.4739486	0.4928551	0.4605655	0.4765108
0.4401935
0.446197	0.4839257
0.4259258
0.5005437	0.4370049	0.4152968
0.4746749	0.4749661
0.4926326	0.4189892	0.4624669	0.4188049	0.5009476	0.4323586
0.4421117	0.3829321	0.4659492	0.5124864	0.4707495	0.4537759
0.4348035	0.49863	0.4575642	0.4051864
0.4839161	0.4387119	0.3790321
0.4994389	0.4909734	0.4513459	0.4987065
0.4618034
0.5028884	0.4779436
0.4546855	0.4668795	0.4340795
0.4008468
0.4482491	0.4932887	0.4621274
0.5052007
0.4561892	0.4683763
0.4843439	0.479493	0.4749518
0.383311	0.4246733
0.4239379	0.4802388	0.422096
0.4870982	0.4719139
0.5220926	0.3863244	0.4727395	0.5151325
0.4022152
0.3977206
0.4786955
0.4841468
0.4050461
0.4475116	0.4411242	0.4007391	0.5337908	0.3889215
0.4027561
0.4880528
0.4356604	0.4479475	0.4079549
0.3739239	0.4561194

0.4115335	0.4346918	0.4279809
0.455891
0.4616602	0.4602125
0.4344172
0.4413955


0.4136156
0.4578236	0.4757279
0.4662932	0.3906407	0.4737323	0.4155062

0.4297523	0.4641511	0.5183892	0.4176982
0.4183432	0.3899392
0.489194
0.4939895

0.4884404	0.4581909
0.4596295
0.421791	0.3944188	0.4662959
0.4296576	0.4749405
0.4526995	0.4155395

0.39755	0.4903351

0.4842136	0.4653288
0.4894944	0.4087297
0.3786053
0.4392657	0.4190837
0.4344027	0.4458263
0.475301	0.4673114

0.4271938	0.4316881	0.4694197	0.4875581	0.4450509
0.444718	0.4282793	0.4465888
0.504328	0.4629915
0.4454858
0.4203999	0.4527399
0.4659391
0.4163139	0.4092314	0.4309064
0.4715848	0.4165674
0.3247353	0.4007533	0.4633752
0.3846114	0.5283847
0.4533663
0.4437274	0.4914329	0.4491575
0.4392258	0.4196363	0.4687634	0.4201106	0.3730081
0.4424177	0.4775279
0.5167386
0.4428017	0.4193992	0.4340161
0.4652099
0.4282918
0.4374726	0.3922262
0.4505479
0.4165729	0.4381235
0.4379307
0.46896	0.4553931

0.4614967	0.4958662
0.4397464
0.5258636

0.4356038	0.4282618

0.4510946
0.4515015	0.4492227
0.4532597	0.4619984

0.5156786
0.4854937	0.4813217
0.3971423	0.4406041
0.4448779	0.443253	0.4937401	0.477995
0.4208101
0.4427101
0.4379594
0.4129998	0.5490398

0.4281289
0.4729183	0.4823411	0.4232891
0.4165128
0.4486962	0.5796675
0.4465486
0.5224444	0.4264799
0.465326	0.530171
0.438653	0.439142
0.4127514
0.4904241
0.4685479	0.4792447	0.4836187
0.4217864

0.4291375	0.3765502	0.480441	0.4075226
0.4490151	0.4461389	0.4536915
0.4910749	0.4312813
0.4422763
0.4094039	0.3983622
0.4452697
0.5106268
0.5278358	0.3892743	0.4829652
0.4302408	0.4326974
0.445319
0.3898913	0.458646	0.4480831	0.4315608
0.3981699	0.3685548
0.5032364	0.3965918
0.4727731	0.4560608
0.4520813

0.4119579	0.3970487	0.4467648
0.4909117
0.4954687	0.3779258	0.3947579	0.3951442
0.4796816	0.475534
0.4042012	0.4247625	0.5290932	0.429461
0.4212562
0.4420088	0.4115792	0.4462213
0.4186596	0.5065152	0.4033852
0.460032
0.4849295	0.4675331	0.3984165	0.4605451

0.4629216	0.4496459	0.4539203
0.4638094
0.4379116	0.4470419
0.4629958	0.4398497	0.4072291
0.4814023

0.4664172	0.4337816
0.4296235	0.4487044	0.3962992
0.3676842	0.4472942	0.4097081	0.3802715
0.4842932	0.420683	0.4463317
0.448899
0.39659
0.4369429	0.5196361	0.4291993	0.419125
0.4937958	0.4150152

0.4840324


0.4683635	0.432357

0.5039947
0.4563256	0.4052492	0.4875864
0.4586102	0.460588	0.5295821	0.3786421	0.4615776
0.4310431	0.4936393

0.4788232
0.4369109
0.4692451	0.4969112	0.380668	0.4048496
0.4015224	0.4150014
0.4093503	0.4897434	0.4471436	0.4358658	0.4811628
0.5172616	0.440149	0.436315	0.4547636	0.5448381	0.4246946
0.4905225	0.518855
0.5087496	0.4284877
0.3644209	0.4939613
0.470237	0.4909697
0.4705324	0.5535435
0.4260428	0.4073095	0.3770708
0.4714829


0.4719474	0.4395042


0.4528778	0.4008884	0.4706294
0.4235664
0.3751096	0.4113001
0.4306994
0.4649678	0.4157336	0.515861
0.4084057
0.4298962	0.3912337
0.4088589
0.4422387	0.3856578
0.4841042	0.5112565	0.4260918	0.5089526
0.4652342	0.4055385
0.4208698	0.4592009
0.4237506
0.4647236	0.4605427
0.4362182	0.3863246
0.4856353	0.4336405	0.4793188	0.4908153
0.4611875	0.4556008	0.4282089
0.5250517	0.4126145	0.413129

0.4651475	0.4280858
0.4133025
0.4612686
0.4535392
0.4857812
0.4872989	0.4246993	0.4197418
0.4673635	0.4740745
0.52033	0.5344978	0.4331002	0.4482612
0.444846	0.3886439
0.4561229	0.4410979
0.4277508	0.4678165
0.438764
0.4500869	0.4379365	0.4040106
0.4312416
0.3963247	0.4378579	0.4519869
0.4281487	0.5129657
0.4343993	0.5186637

0.4218265	0.4575486	0.4178193
0.3855216
0.4917089
0.4740318	0.4271391
0.5150466	0.515606	0.4095607
0.4350088	0.5103278	0.4214488
0.4522032	0.4025833
0.4476546	0.5134895	0.4683277
0.4076517	0.4524928	0.416077	0.41933
0.4775036	0.3605387	0.4981091
0.4763708	0.446663	0.351388
0.4585664	0.4503802

0.433619	0.4430608	0.4498099	0.5029928
0.47052	0.476539	0.4400794	0.4583263	0.4423533
0.520092	0.4373836
0.4157619	0.4480093	0.4859618

0.4286721	0.4674186
0.4192121	0.4365068

0.4535766	0.4940489	0.4152672
0.4048847
0.5005668
0.4750394
0.3977976	0.4187694	0.481972
0.4661736	0.4432448	0.4392976
0.4792914	0.4604784	0.4604208	0.4949811
0.4161719	0.4742572	0.4757171	0.4093963	0.5048246	0.4566153
0.4507597	0.4787204	0.4843968	0.4563728
0.4420672	0.4697329	0.4420964	0.4704035
0.4039133	0.4717779
0.4122738	0.448623
0.4083116	0.4282516
0.434276	0.4018171	0.4500789
0.5272687	0.4383673
0.484533	0.4994717


0.4564607
0.4079257	0.4604616	0.4822113	0.4845729
0.4610223	0.419356	0.4275047	0.4721854
0.4687015	0.3802438
0.5363337	0.4778451	0.3983902
0.3516669	0.463038	0.5088804
0.4212951	0.4430665
0.4112439
0.4015189	0.4635088
0.4729806	0.4933834
0.4944767	0.4557507	0.4497559
0.4835984	0.4150549	0.4289794	0.4072589	0.4328307	0.4313562	0.5466527
0.4642148	0.463967	0.420933
0.4235171	0.4444892	0.4447324	0.4517979	0.3902037	0.4821739
0.4246996	0.474423
0.3281377	0.4287032

0.4814439
0.4470024	0.4118875
0.4067173	0.5379083	0.5131144	0.4625459	0.3956292
0.4472289
0.52425	0.4785901
0.4715133	0.4434081	0.4357101
0.4423257
0.3916325	0.4818097
0.4635983	0.4574432
0.4367179	0.463148
0.4804218
0.4051979
0.4564083
0.4186527	0.3966111	0.494184
0.4530263	0.4043056	0.436533
0.4668834
0.4846394
0.3843421
0.4992584	0.5446991
0.4220184
0.4342514	0.4322647
0.4231066	0.4712443	0.4209433
0.4398254	0.4646258
0.4410862	0.3945081	0.4559405	0.4000669	0.4727089
0.4134693	0.4038676	0.4786925	0.4346866
0.465658	0.4612817	0.472118
0.4739075	0.447753
0.4402621	0.444398	0.4622928
0.4548441	0.4645035	0.4296944
0.4588431	0.4315258	0.4118667
0.4985785
0.4930267	0.4875195

0.4579684	0.3811452

0.4840214	0.4357907
0.425579
0.4842414
0.4428753	0.4830043
0.4324673	0.4264359	0.460009	0.410182	0.4376152
0.460614	0.3966826	0.4607365
0.4688034	0.4645854


0.4128401	0.4764639	0.4610424
0.4346706	0.4801552
0.4480792
0.4359549
0.3972708

0.436108	0.452232
0.4283594
0.3676675
0.4687502	0.4224642	0.4301681
0.4286783	0.4202026	0.4718541
0.4512848	0.4783399
0.4920643

0.42815

0.421137	0.4549431

0.4571842	0.3966933	0.4645121
0.4473611	0.4519122	0.4536778
0.4227691
0.4446741
0.462352	0.4556521	0.518249	0.4067365
0.5300174
0.4962382	0.4719965
0.4608534
0.4676285	0.4654787	0.4298693
0.4690486	0.4462123
0.4475579	0.4628987
0.4874916	0.474855	0.4785262
0.4134986	0.4665259

0.4875369	0.5330313
0.4421806	0.4897989
0.5019893	0.4751143
0.4677039

0.4562148	0.4903748	0.4297958	0.4664691
0.4180448	0.4834832
0.3951166	0.4187567	0.4672617
0.4245736
0.5035431
0.475372	0.4512506	0.4443525	0.4555035
0.4260067	0.4866946	0.4869503
0.4324824	0.4264516	0.4896872
0.4365916
0.450633
0.4347535
0.4747673	0.4836286
0.4337201	0.400172	0.4149964
0.4581708
0.4459589	0.4637914
0.4765865	0.4514529	0.4378677	0.4281093
0.4327551	0.44865
0.4027118	0.467236	0.4509624	0.3995638
0.4336937	0.4055661	0.5274886
0.394072	0.4550542	0.4702795
0.4623639	0.4415913	0.427021
0.4111972	0.383063	0.5161263	0.43011
0.3874837	0.4385783	0.3923565	0.4669167	0.427678
0.4631959
0.4398819	0.5132723
0.518129	0.4618923	0.4909453
0.480672	0.3956181	0.4965381
0.4151339	0.5135844	0.415244	0.4623416
0.376214
0.4411777	0.4209248
0.4590576	0.4461104
0.490673	0.4946102
0.4966664	0.4705051
0.3741604
0.42537	0.4385729
0.4236674
0.4256669	0.4261308	0.4674547
0.4431037
0.5029086	0.4823136
0.4412643
0.4011723	0.5117464
0.4221005	0.3992711
0.4962393	0.4158398	0.4995566
0.4954701	0.4405259	0.3945005	0.5039851	0.4182473
0.4142753	0.4709222
0.4686559	0.4042477	0.5076257	0.449244
0.40131
0.4366544	0.4372024
0.4818991	0.5249888	0.474325
0.4915127
0.4624069	0.4455917	0.4727106
0.4498135	0.5281758

0.4100199	0.4852751	0.4515781
0.4291293
0.4467715

0.4682358	0.4460653
0.4021617
0.4140539	0.4226625
0.3746904
0.4341653	0.4613602	0.3920431
0.4830652	0.4034158	0.4247468	0.4820557	0.3868682	0.4191862
0.3714484	0.4998435	0.32798
0.4507586
0.4452763	0.4887507	0.391544
0.4418354	0.4345088

0.4984268	0.4118039
0.4879185	0.4733523	0.4618706
0.4156453
0.3907723
0.5015858	0.4169489
0.4368682
0.4810925
0.4386936
0.4785244	0.5173159
0.4456344
0.508273	0.5038456
0.4810189
0.4773836

0.4603705
0.4379513	0.5217704	0.5205795
0.4335619	0.4810503	0.4870896	0.4047982	0.4689256
0.4916319	0.4635158
0.4215996	0.4440453	0.4513256	0.45858

0.4591326	0.4605001
0.4378625	0.4646813	0.4677051	0.5549085
0.4132339	0.4718411	0.4216213
0.4968944	0.4682602
0.5099057	0.4380549
0.4390695	0.4486982	0.4562721	0.4453518	0.487724
0.4565329	0.3895267	0.4426416	0.421973
0.4831252	0.4020195	0.4372432
0.4381835	0.4829024
0.4150336	0.3987535	0.4363366
0.49084	0.439172	0.4451732	0.5188837	0.4320981
0.4841489	0.4270314	0.4230448
0.4309815	0.4236251
0.4623452	0.5008435

0.3764725	0.4401828
0.4610158	0.4761992
0.5090685	0.4816247
