generation,N_shifts,logPrior,logLik,eventRate,acceptRate
0,0,0.752752,-316.028,1,0
10000,1,2.56031,-237.555,0.348929,0.410759
20000,0,1.02255,-238.159,0.425436,0.37985
30000,0,0.0946049,-246.151,1.24336,0.401953
40000,0,0.810876,-236.284,0.696901,0.40495
50000,0,0.870175,-237.209,0.334513,0.4041
60000,0,1.32673,-240.097,0.173979,0.39914
70000,0,1.16744,-241.264,0.0440422,0.3855
80000,2,1.88897,-237.14,1.57194,0.392867
90000,0,0.137794,-236.841,1.44407,0.4126
100000,0,0.309935,-238.25,0.385956,0.394006
110000,0,1.35687,-236.386,0.0513348,0.4072
120000,0,0.374952,-237.585,1.13036,0.39454
130000,0,0.458027,-238.438,0.702252,0.4042
140000,1,0.157587,-237.119,1.81665,0.4079
150000,0,1.33533,-236.523,0.0408384,0.3868
160000,2,-1.17854,-243.08,2.16858,0.410033
170000,0,0.282806,-238.377,0.855753,0.401
180000,2,1.80078,-238.622,1.53585,0.3967
190000,0,1.42186,-237.145,0.148204,0.39075
200000,0,-1.64267,-236.585,0.994182,0.3847
210000,0,0.462615,-236.618,1.08965,0.395675
220000,1,-0.424661,-233.79,1.53591,0.3803
230000,0,0.917542,-236.419,0.644925,0.396247
240000,1,0.528193,-232.914,2.13331,0.40785
250000,0,1.22155,-238.901,0.226569,0.388375
260000,0,-0.693104,-237.958,2.23268,0.3975
270000,0,1.23773,-237.313,0.300514,0.4023
280000,0,0.603278,-236.84,0.946065,0.38875
290000,0,0.228298,-237.525,1.30975,0.38635
300000,1,0.184529,-237.196,1.49676,0.4103
310000,1,-0.184058,-238.35,2.35529,0.394813
320000,0,0.463524,-239.109,0.703659,0.4035
330000,0,1.37267,-236.842,0.00992714,0.40194
340000,0,0.323304,-236.557,0.114893,0.423925
350000,0,0.308961,-241.712,0.480076,0.399789
360000,0,1.4481,-237.934,0.130291,0.3695
370000,0,1.36641,-237.671,0.205707,0.40184
380000,0,-2.69795,-237.15,3.79288,0.3885
390000,1,-0.281458,-232.574,1.42214,0.402733
400000,0,0.600964,-238.146,0.272306,0.406257
410000,0,0.651926,-241.11,0.753804,0.39
420000,0,0.904455,-238.05,0.55768,0.398925
430000,0,1.25553,-237.386,0.0236241,0.38145
440000,0,1.15654,-239.473,0.408431,0.39375
450000,0,1.12526,-237.742,0.340137,0.398462
460000,0,0.914527,-237.066,0.533012,0.38995
470000,0,1.3472,-238.43,0.115199,0.388887
480000,1,0.588913,-235.666,0.531904,0.4053
490000,0,0.886123,-236.643,0.18429,0.386675
500000,0,1.42691,-239.756,0.0366747,0.393225
510000,0,0.983026,-237.587,0.499642,0.394363
520000,0,0.932103,-239.623,0.33846,0.4005
530000,0,1.38874,-237.858,0.12711,0.4233
540000,0,0.962553,-237.695,0.455619,0.3826
550000,0,0.562093,-236.863,0.965689,0.4043
560000,0,1.13125,-236.578,0.414327,0.4099
570000,1,-0.00795559,-239.442,0.569221,0.3684
580000,2,0.137554,-239.512,0.403029,0.3976
590000,0,-1.76345,-236.621,1.19999,0.3929
600000,0,1.40758,-237.406,0.000285276,0.38698
610000,1,2.21645,-238.007,0.477158,0.387914
620000,0,1.37659,-237.97,0.0348707,0.35775
630000,0,1.3194,-237.225,0.0974003,0.3719
640000,1,-3.49491,-238.9,2.34494,0.3751
650000,0,-0.396344,-236.018,0.165009,0.378117
660000,0,0.0227162,-236.33,1.37342,0.385822
670000,0,0.996082,-237.388,0.5398,0.390483
680000,0,-2.02968,-236.283,1.24791,0.381833
690000,0,1.30099,-236.913,0.216641,0.3857
700000,0,0.855759,-237.566,0.642416,0.387067
710000,0,0.284287,-237.817,0.124176,0.394367
720000,2,1.22941,-237.442,1.71859,0.39585
730000,1,1.92806,-232.766,0.429107,0.4098
740000,0,0.85904,-239.082,0.611296,0.39026
750000,0,1.34193,-240.707,0.043317,0.3957
760000,0,1.34209,-236.808,0.114732,0.3863
770000,0,1.29616,-238.146,0.1719,0.3779
780000,0,0.988718,-237.719,0.467778,0.393329
790000,0,-0.105125,-240.107,0.861129,0.3931
800000,0,-2.41986,-236.009,1.34209,0.3909
810000,0,-0.0928056,-237.207,1.02294,0.3928
820000,1,-2.8887,-236.453,1.34102,0.389572
830000,0,1.03208,-237.466,0.426715,0.38719
840000,0,-0.539775,-242.05,1.33475,0.3959
850000,0,0.190018,-236.112,1.38996,0.3905
860000,0,0.984005,-236.911,0.235995,0.38316
870000,0,0.790418,-238.973,0.65902,0.385743
880000,0,0.32826,-237.259,0.950309,0.38065
890000,0,1.33213,-237.661,0.190155,0.3993
900000,0,1.31621,-237.095,0.0727667,0.38142
910000,0,1.14021,-238.843,0.296297,0.388414
920000,0,0.669739,-238.726,0.558972,0.3953
930000,0,1.34602,-236.934,0.0610775,0.392433
940000,3,1.90193,-238.995,1.31664,0.39112
950000,1,0.143746,-231.751,1.05142,0.391225
960000,0,1.09533,-245.756,0.287924,0.395933
970000,1,-1.10578,-237.994,0.883602,0.39202
980000,0,1.30631,-238.698,0.193636,0.3999
990000,0,0.718744,-236.873,0.466286,0.4189
1000000,0,1.21086,-237.584,0.162092,0.4005
1010000,0,0.978086,-236.312,0.287026,0.38984
1020000,1,-2.36548,-238.563,1.30514,0.391814
1030000,0,1.18142,-236.477,0.376385,0.3811
1040000,0,1.1106,-236.76,0.127759,0.3756
1050000,0,0.509677,-237.483,0.701496,0.390667
1060000,1,0.472288,-239.134,0.929618,0.38995
1070000,1,-1.45453,-238.475,1.17413,0.3758
1080000,0,0.532022,-237.186,0.625118,0.393163
1090000,0,0.438447,-237.413,1.06721,0.39072
1100000,0,1.16438,-237.873,0.262509,0.38434
1110000,0,0.52945,-237.901,0.943292,0.3544
1120000,0,1.12796,-238.847,0.0809237,0.371167
1130000,1,0.618056,-238.606,0.647359,0.381517
1140000,0,1.03144,-237.568,0.365549,0.3771
1150000,2,1.4906,-235.328,1.84547,0.382967
1160000,0,0.949556,-236.852,0.395808,0.3878
1170000,0,1.37281,-238.698,0.018821,0.4426
1180000,0,-0.867222,-237.745,0.0396548,0.3885
1190000,0,-0.160817,-238.854,0.930221,0.390238
1200000,0,0.156849,-241.523,1.20984,0.4228
1210000,0,1.0845,-236.777,0.484874,0.400643
1220000,0,1.42247,-237.103,0.102334,0.40205
1230000,0,0.63565,-237.919,0.751792,0.3935
1240000,1,-0.567749,-238.307,1.20945,0.392227
1250000,1,1.40411,-236.668,0.792001,0.38125
1260000,0,0.227576,-239.846,0.829737,0.416
1270000,0,0.787207,-236.743,0.736067,0.3713
1280000,0,1.10116,-238.598,0.373424,0.3848
1290000,0,0.129873,-236.357,1.43323,0.3778
1300000,0,0.721234,-236.778,0.848103,0.382275
1310000,0,1.31416,-237.13,0.247288,0.3798
1320000,0,-0.760008,-236.866,2.29376,0.3597
1330000,0,0.883563,-236.327,0.163446,0.37635
1340000,0,-0.00495279,-236.366,0.535054,0.388222
1350000,0,-0.0828984,-237.07,1.10415,0.406
1360000,0,0.973881,-239.326,0.478114,0.40455
1370000,0,1.40597,-237.651,0.0591122,0.402
1380000,0,1.52388,-236.859,0.0618772,0.386625
1390000,0,0.784213,-238.813,0.484973,0.3777
1400000,0,0.446022,-237.018,1.10743,0.38506
1410000,0,1.03524,-237.604,0.467318,0.35
1420000,0,1.35425,-236.921,0.126663,0.4132
1430000,0,0.728594,-236.127,0.757714,0.3988
1440000,1,2.07396,-237.783,0.758524,0.3906
1450000,0,1.01032,-240.093,0.444577,0.3728
1460000,1,1.64488,-234.299,0.440298,0.4155
1470000,0,1.39268,-238.204,0.0931594,0.4336
1480000,2,-4.05584,-238.596,4.0971,0.397289
1490000,0,1.0038,-239.585,0.196741,0.4049
1500000,0,0.323945,-237.237,0.0918189,0.388979
1510000,0,1.28365,-237.419,0.194778,0.3803
1520000,0,1.1925,-237.642,0.167425,0.3859
1530000,0,0.421018,-236.299,1.01098,0.38965
1540000,0,1.22947,-237.454,0.164034,0.39414
1550000,0,-1.80935,-238.339,0.393481,0.4042
1560000,0,1.12987,-239.676,0.041074,0.395967
1570000,0,0.543122,-236.294,0.587387,0.3984
1580000,0,0.820452,-238.295,0.532611,0.39968
1590000,0,0.77467,-239.435,0.58671,0.3874
1600000,0,-0.553936,-236.671,2.06954,0.3828
1610000,0,0.82472,-236.741,0.697764,0.396711
1620000,0,0.193049,-237.111,0.515203,0.392
1630000,1,-0.34581,-237.773,1.14025,0.4026
1640000,0,-0.317967,-236.952,0.458096,0.4087
1650000,0,0.784589,-239.214,0.710967,0.407183
1660000,0,0.0678874,-240.76,0.987998,0.398467
1670000,0,1.14218,-237.19,0.258155,0.397075
1680000,0,1.45135,-237.515,0.0883649,0.3773
1690000,0,0.842757,-238.064,0.755267,0.377
1700000,0,1.14561,-241.263,0.113945,0.39006
1710000,0,-0.0811341,-236.262,0.00460026,0.386
1720000,0,1.51706,-237.235,0.0349023,0.390825
1730000,0,1.47637,-237.648,0.04795,0.392789
1740000,2,0.941955,-239.259,1.58686,0.3823
1750000,0,0.974369,-239.63,0.461603,0.37815
1760000,2,-0.742675,-240.813,2.59473,0.40236
1770000,0,0.890845,-239.23,0.416202,0.393163
1780000,0,0.722031,-236.111,0.787672,0.379975
1790000,0,1.35964,-236.485,0.211539,0.39505
1800000,0,1.43146,-236.506,0.0845791,0.39545
1810000,0,1.16061,-237.74,0.356927,0.39425
1820000,0,0.825624,-237.426,0.148193,0.39645
1830000,0,0.983346,-236.788,0.55418,0.401775
1840000,0,0.273575,-236.132,0.426934,0.3754
1850000,0,0.262516,-236.835,1.22039,0.385571
1860000,0,0.898062,-237.433,0.548967,0.3959
1870000,0,1.07709,-236.563,0.270707,0.397525
1880000,0,1.49983,-236.597,0.0519905,0.3581
1890000,0,-0.390948,-236.434,0.0706567,0.38578
1900000,0,1.09867,-239.067,0.328455,0.40195
1910000,0,1.32199,-240.726,0.180391,0.3763
1920000,1,2.15404,-237.266,0.551103,0.394967
1930000,1,0.455656,-241.704,0.996199,0.3924
1940000,1,-0.251723,-235.493,1.47711,0.39075
1950000,0,0.638202,-237.154,0.0223304,0.379
1960000,0,1.25166,-236.235,0.0974182,0.3917
1970000,0,0.957132,-238.951,0.329892,0.395592
1980000,1,-0.875884,-232.017,0.071556,0.3813
1990000,1,-2.87506,-236.882,1.1609,0.3757
2000000,2,0.753469,-239.801,0.730778,0.395067
2010000,0,1.23657,-236.472,0.256084,0.38495
2020000,0,1.46683,-236.639,0.0683273,0.4032
2030000,0,1.04969,-238.658,0.36991,0.383773
2040000,1,1.94896,-235.183,0.200501,0.397525
2050000,1,0.335582,-233.072,2.10759,0.4042
2060000,1,0.429917,-239.589,0.125725,0.4111
2070000,2,-1.09805,-237.425,0.5348,0.4075
2080000,2,2.42182,-233.177,0.685208,0.392231
2090000,0,1.10846,-237.557,0.403776,0.4068
2100000,0,-0.441372,-236.428,1.99627,0.3767
2110000,0,1.46231,-237.06,0.07448,0.38284
2120000,0,1.29388,-236.81,0.259582,0.3956
2130000,0,0.760433,-237.031,0.475226,0.4029
2140000,0,1.24862,-236.806,0.256701,0.412133
2150000,0,0.694392,-236.79,0.472749,0.409533
2160000,0,0.913263,-237.232,0.536188,0.4094
2170000,0,1.15384,-236.716,0.329981,0.3717
2180000,0,0.662469,-239.755,0.789405,0.40526
2190000,0,-3.41239,-237.294,1.49778,0.40426
2200000,0,0.859994,-237.645,0.104851,0.4078
2210000,1,0.288658,-237.35,1.04019,0.3738
2220000,0,0.854566,-236.729,0.717879,0.3816
2230000,0,0.875409,-237.445,0.620705,0.398276
2240000,0,1.08425,-242.983,0.234533,0.40065
2250000,0,0.85502,-239.379,0.522809,0.3933
2260000,0,0.481942,-237.561,1.01001,0.3955
2270000,0,0.952085,-237.107,0.154576,0.4248
2280000,0,1.09038,-237.613,0.257681,0.3833
2290000,0,1.02853,-236.876,0.440771,0.3922
2300000,0,1.1148,-236.437,0.368008,0.38405
2310000,0,-0.99056,-237.771,0.120081,0.386792
2320000,0,0.679598,-236.518,0.527523,0.36815
2330000,0,1.09644,-238.565,0.395916,0.3885
2340000,0,1.26341,-237.889,0.155239,0.3842
2350000,1,0.177617,-233.815,0.297464,0.392
2360000,0,0.928954,-236.012,0.385928,0.38476
2370000,1,0.164416,-236.628,0.817024,0.3845
2380000,0,1.36045,-236.296,0.229242,0.4637
2390000,0,0.74402,-238.574,0.740994,0.4298
2400000,0,0.532198,-240.736,0.429727,0.3813
2410000,0,0.644108,-237.319,0.588825,0.393145
2420000,0,0.0506699,-237.611,0.177131,0.396514
2430000,0,0.283891,-236.147,0.0222218,0.400671
2440000,0,0.709862,-239.882,0.428109,0.40335
2450000,0,-3.93906,-236.637,0.586932,0.385775
2460000,0,-0.378378,-236.638,1.62876,0.38705
2470000,0,-1.80044,-239.399,0.400209,0.3804
2480000,1,1.67988,-238.177,1.22129,0.3836
2490000,1,-0.99036,-232.001,0.948572,0.3913
2500000,0,1.47595,-238.396,0.0259267,0.4065
2510000,0,1.48732,-236.547,0.063745,0.3979
2520000,0,1.00572,-236.308,0.139571,0.388933
2530000,0,0.807242,-238.73,0.632633,0.384767
2540000,2,-2.32853,-241.274,0.825101,0.3878
2550000,0,0.289375,-236.933,0.230276,0.387267
2560000,0,0.590917,-238.237,0.278063,0.4423
2570000,0,-0.117905,-240.445,1.13733,0.3872
2580000,0,1.20421,-237.523,0.345611,0.3977
2590000,0,1.10546,-237.394,0.382492,0.42875
2600000,0,0.254717,-235.938,0.0886946,0.410133
2610000,0,1.41979,-236.77,0.0291808,0.4145
2620000,3,-0.0979592,-241.115,2.34647,0.40118
2630000,1,-1.86725,-238.271,2.39461,0.40902
2640000,0,1.37798,-237.132,0.158401,0.4023
2650000,0,1.39448,-236.931,0.0417786,0.380633
2660000,0,1.01748,-236.42,0.0334375,0.4104
2670000,0,1.2541,-238.887,0.14725,0.388943
2680000,0,1.38122,-237.084,0.162658,0.39245
2690000,0,0.694636,-237.03,0.846491,0.3986
2700000,0,0.928308,-236.288,0.375683,0.3688
2710000,1,2.09333,-237.803,0.360052,0.39518
2720000,0,1.38396,-238.164,0.137097,0.40995
2730000,0,0.905293,-239.103,0.523431,0.3978
2740000,0,-0.566369,-239.119,1.94017,0.4329
2750000,0,1.55768,-237.862,0.016287,0.4016
2760000,0,1.1897,-236.953,0.287252,0.39882
2770000,0,0.566704,-238.218,0.241995,0.3787
2780000,0,0.893819,-236.118,0.0594946,0.393488
2790000,0,0.86976,-236.623,0.512216,0.3943
2800000,0,1.1777,-236.799,0.110907,0.3964
2810000,0,0.896994,-236.309,0.425715,0.3778
2820000,0,0.346472,-237.373,1.14312,0.3733
2830000,0,1.36485,-238.687,0.0328491,0.38615
2840000,0,0.772004,-237.076,0.775218,0.390344
2850000,0,0.615542,-237.036,0.860212,0.401
2860000,2,1.60588,-234.784,1.21064,0.38805
2870000,0,1.2631,-237.273,0.256137,0.38788
2880000,0,1.28281,-238.233,0.109459,0.39765
2890000,3,-2.38631,-229.137,1.97919,0.3983
2900000,0,1.1477,-236.161,0.429394,0.405733
2910000,0,-0.0209969,-236.332,0.159357,0.393533
2920000,0,1.50352,-237.203,0.0308581,0.402683
2930000,0,0.24477,-237.344,1.27558,0.410225
2940000,0,1.46065,-236.551,0.0952032,0.38425
2950000,0,0.719679,-236.926,0.0765371,0.39246
2960000,0,0.580871,-235.971,0.449591,0.39362
2970000,0,1.25218,-240.339,0.0212164,0.382333
2980000,2,0.407192,-236.821,1.75983,0.3818
2990000,0,1.04546,-238.187,0.367075,0.384
3000000,0,0.771702,-238.294,0.719729,0.3813
3010000,1,-0.277054,-241.696,0.986643,0.39056
3020000,0,0.0933867,-237.375,0.751643,0.39125
3030000,0,0.498973,-238.938,0.925356,0.4027
3040000,0,0.351636,-241.614,0.780254,0.4315
3050000,0,-0.469473,-236.491,0.459682,0.3875
3060000,0,0.552972,-237.374,0.88296,0.393267
3070000,0,1.30664,-238.048,0.109539,0.38535
3080000,0,0.22591,-236.55,1.26403,0.38345
3090000,0,0.572921,-237.81,0.222247,0.39428
3100000,0,1.37131,-238.643,0.230177,0.3905
3110000,0,0.658281,-239.675,0.319392,0.3907
3120000,0,1.52784,-236.184,0.030421,0.391236
3130000,0,0.545482,-237.948,0.750804,0.392
3140000,0,1.25474,-238.269,0.0909497,0.388329
3150000,0,0.60182,-237.093,0.881047,0.3919
3160000,1,-1.01961,-238.097,0.768821,0.4117
3170000,0,-0.016651,-236.515,0.737785,0.3865
3180000,0,0.592599,-237.204,0.00302291,0.3959
3190000,0,0.57456,-238.581,0.878002,0.397043
3200000,0,0.204547,-241.294,0.54475,0.395214
3210000,0,1.31153,-238.86,0.133206,0.38005
3220000,0,1.31517,-240.495,0.106707,0.3914
3230000,0,-0.265341,-235.983,0.222311,0.38472
3240000,0,-0.174632,-240.73,1.04105,0.4129
3250000,0,0.660739,-240.474,0.617448,0.400236
3260000,0,-0.487735,-238.433,0.7473,0.3769
3270000,0,-0.392729,-236.97,1.6005,0.3964
3280000,0,1.26926,-237.828,0.122766,0.3928
3290000,0,1.28414,-237.357,0.241525,0.397671
3300000,0,1.01862,-236.914,0.125583,0.3837
3310000,0,1.37497,-236.269,0.101431,0.3552
3320000,0,1.31145,-241.4,0.18538,0.3773
3330000,0,1.18942,-238.832,0.164917,0.372
3340000,1,1.23304,-237.255,1.4341,0.37915
3350000,0,0.748541,-236.488,0.0559229,0.379744
3360000,0,0.0848606,-237.554,0.724515,0.3963
3370000,0,1.4315,-237.265,0.0468024,0.3883
3380000,0,0.859975,-237.725,0.63884,0.38658
3390000,0,-0.146997,-239.344,0.339315,0.38092
3400000,0,1.45634,-237.701,0.0730882,0.383733
3410000,0,1.03779,-239.584,0.133183,0.3812
3420000,0,1.09917,-237.67,0.338636,0.391767
3430000,0,-0.259827,-238.203,0.543393,0.3689
3440000,0,1.50089,-236.785,0.050066,0.388033
3450000,0,1.02906,-238.327,0.373364,0.39385
3460000,1,1.70324,-236.632,0.61016,0.388483
3470000,0,0.666472,-236.56,0.801418,0.39765
3480000,0,1.37835,-236.49,0.0588328,0.39094
3490000,0,-1.2219,-238.461,0.616845,0.39222
3500000,0,0.538699,-236.898,0.736796,0.390575
3510000,0,1.45497,-236.474,0.101834,0.3978
3520000,0,1.15476,-236.592,0.412801,0.376933
3530000,0,0.734093,-236.962,0.51278,0.385917
3540000,0,1.50176,-236.871,0.0225559,0.399
3550000,0,-1.69346,-238.048,1.61125,0.39475
3560000,0,1.36277,-237.094,0.0718726,0.382213
3570000,0,1.20936,-237.693,0.248998,0.37945
3580000,0,1.24246,-236.322,0.25208,0.391486
3590000,0,0.889801,-237.543,0.625861,0.4117
3600000,0,-0.0881799,-239.565,1.14604,0.39665
3610000,0,1.35945,-239.974,0.125949,0.3849
3620000,0,0.999187,-237.501,0.208706,0.391238
3630000,0,1.09042,-238.165,0.340341,0.41
3640000,0,0.843908,-236.99,0.12106,0.383525
3650000,0,1.19089,-239.309,0.0667403,0.381671
3660000,0,1.08469,-237.424,0.44468,0.3826
3670000,0,0.153921,-236.431,0.0857672,0.4007
3680000,0,1.08948,-238.779,0.131073,0.386
3690000,0,0.78331,-239.755,0.637985,0.400267
3700000,0,1.1234,-237.266,0.480904,0.3846
3710000,0,1.26142,-239.399,0.173013,0.3703
3720000,0,0.202776,-242.091,0.36106,0.3833
3730000,0,0.129012,-237.159,0.123876,0.38749
3740000,0,0.871109,-237.49,0.194654,0.3959
3750000,0,-0.710375,-236.095,1.92141,0.38834
3760000,0,1.0052,-236.804,0.511553,0.3835
3770000,0,0.348257,-236.291,1.08724,0.3849
3780000,0,1.0646,-238.542,0.386053,0.3854
3790000,0,0.944889,-237.328,0.485602,0.378033
3800000,0,0.60165,-237.313,0.809413,0.38615
3810000,0,0.473156,-244.135,0.636502,0.394
3820000,0,0.232662,-240.271,0.594734,0.387662
3830000,0,1.18227,-236.959,0.343536,0.39281
3840000,0,1.25042,-238.072,0.135747,0.3749
3850000,0,1.03666,-238.538,0.170796,0.391433
3860000,1,-2.7804,-238.356,4.02388,0.3891
3870000,1,0.736103,-235.92,0.856262,0.4148
3880000,1,1.30539,-237.517,1.17014,0.396087
3890000,1,0.940618,-237.182,0.632363,0.40475
3900000,1,-1.81457,-240.656,0.816977,0.4115
3910000,1,1.96254,-238.136,0.124312,0.418425
3920000,0,1.4151,-236.225,0.130177,0.403675
3930000,0,0.0940025,-236.006,1.01059,0.39045
3940000,0,1.57487,-236.207,0.00397747,0.40665
3950000,0,1.07365,-236.669,0.187785,0.3749
3960000,1,-0.352491,-236.068,0.399303,0.3981
3970000,1,-1.40547,-237.338,0.806506,0.4162
3980000,0,1.12254,-240.241,0.350447,0.392183
3990000,0,-1.66654,-236.613,2.8269,0.38375
4000000,0,0.8864,-237.123,0.622448,0.3958
4010000,0,0.293128,-238.254,0.538723,0.4097
4020000,0,-0.811951,-236.947,1.82332,0.393425
4030000,0,0.967793,-238.696,0.568044,0.396533
4040000,0,0.153889,-236.749,1.28817,0.403033
4050000,0,0.716612,-238.46,0.554137,0.40135
4060000,1,1.71844,-237.426,0.609378,0.41675
4070000,0,0.827319,-237.323,0.119195,0.39864
4080000,0,1.02318,-238.584,0.509298,0.3936
4090000,0,1.37649,-236.629,0.144323,0.39165
4100000,0,1.44312,-237.584,0.079985,0.3734
4110000,0,0.991625,-236.808,0.575806,0.398791
4120000,0,1.25195,-239.099,0.0721685,0.4054
4130000,0,0.841942,-236.444,0.484829,0.3947
4140000,0,0.331244,-237.009,1.14063,0.390467
4150000,0,0.442586,-239.449,0.689941,0.39456
4160000,0,1.49611,-236.263,0.0251381,0.38105
4170000,0,0.659411,-239.526,0.953917,0.378425
4180000,0,0.163765,-237.716,0.863502,0.383567
4190000,0,0.944771,-238.579,0.329034,0.3834
4200000,1,-0.31051,-239.317,0.557832,0.389275
4210000,0,0.945586,-237.933,0.556939,0.394175
4220000,1,2.70154,-238.318,0.476481,0.3767
4230000,0,0.357336,-240.258,0.779249,0.40165
4240000,0,0.483515,-240.952,1.06069,0.3885
4250000,0,1.49467,-237.01,0.0351504,0.3735
4260000,0,-0.0602769,-237.344,0.377663,0.386275
4270000,0,-0.558211,-236.525,2.08558,0.3947
4280000,0,0.311325,-237.307,1.24045,0.3647
4290000,0,-0.717692,-237.366,0.746572,0.381835
4300000,0,0.647026,-237.288,0.260889,0.38404
4310000,0,0.736147,-237.139,0.831317,0.37915
4320000,0,0.478984,-237.657,0.365925,0.3899
4330000,0,1.30028,-237.991,0.220198,0.386133
4340000,0,0.092997,-240.19,1.02198,0.4116
4350000,0,0.714664,-238.545,0.78303,0.3865
4360000,0,0.522893,-236.117,1.00358,0.3953
4370000,1,2.11498,-237.657,0.479291,0.4159
4380000,0,0.764611,-237.84,0.17529,0.397683
4390000,0,1.22769,-236.826,0.0669188,0.38884
4400000,0,0.210995,-240.019,0.809896,0.38425
4410000,0,1.37066,-237.059,0.173995,0.3784
4420000,0,1.03614,-236.638,0.20258,0.401933
4430000,0,1.37248,-238.475,0.210005,0.398367
4440000,0,1.39486,-238.029,0.171388,0.4014
4450000,0,-0.792785,-237.33,0.30472,0.41555
4460000,0,0.92268,-238.357,0.231979,0.39915
4470000,0,0.643573,-238.776,0.474377,0.3893
4480000,0,0.654762,-239.674,0.779511,0.3984
4490000,1,-0.868114,-237.731,0.659057,0.4086
4500000,0,0.572763,-237.821,0.776983,0.3951
4510000,0,0.254791,-236.599,1.30846,0.3854
4520000,0,0.138652,-237.998,0.538666,0.39216
4530000,0,0.903676,-239.525,0.0961368,0.379275
4540000,0,1.32668,-237.492,0.199531,0.3725
4550000,1,0.546063,-236.478,2.52474,0.4017
4560000,0,1.30624,-238.702,0.255775,0.40536
4570000,0,1.25614,-238.466,0.219791,0.390511
4580000,0,0.985541,-237.329,0.390995,0.39335
4590000,0,-3.30794,-236.577,3.88351,0.3994
4600000,0,0.694401,-237.652,0.689265,0.382125
4610000,0,0.497617,-236.712,0.859014,0.3743
4620000,0,0.742524,-237.821,0.585685,0.37968
4630000,0,0.571314,-236.225,0.98464,0.3751
4640000,0,0.916701,-239.172,0.252954,0.389333
4650000,0,0.836795,-237.764,0.353458,0.3666
4660000,0,-2.51578,-237.019,0.246566,0.381225
4670000,0,1.17467,-236.883,0.347536,0.3753
4680000,1,1.76619,-236.471,0.876811,0.385567
4690000,0,-1.27558,-236.488,2.60107,0.3943
4700000,1,2.70735,-236.584,0.166024,0.4046
4710000,0,0.802634,-237.456,0.696892,0.3975
4720000,0,0.994454,-236.853,0.354548,0.39365
4730000,0,1.35131,-239.685,0.00444264,0.38515
4740000,0,1.26985,-237.789,0.123021,0.39495
4750000,0,1.35334,-236.992,0.123859,0.3841
4760000,1,-0.00752166,-243.206,1.56475,0.38345
4770000,0,1.23619,-236.522,0.179686,0.405
4780000,1,-2.37699,-238.678,0.959801,0.3971
4790000,0,0.747335,-240.024,0.516532,0.39
4800000,0,1.16751,-237.441,0.141682,0.3657
4810000,0,0.409711,-237.494,1.04081,0.37515
4820000,0,1.00662,-236.466,0.48771,0.387368
4830000,0,-0.0564384,-236.262,0.451539,0.388683
4840000,0,1.06853,-237.127,0.377923,0.39875
4850000,0,-1.41877,-237.366,2.87549,0.40395
4860000,0,0.948472,-238.965,0.556492,0.40855
4870000,0,-0.386381,-238.268,1.85967,0.3668
4880000,0,0.161438,-237.234,1.43979,0.385733
4890000,0,1.32563,-236.892,0.169424,0.40085
4900000,0,0.921221,-239.18,0.529584,0.394
4910000,1,-0.0218,-238.594,0.915698,0.4013
4920000,0,1.42127,-237.307,0.110967,0.394483
4930000,0,0.455705,-236.939,0.964378,0.3868
4940000,0,0.566279,-236.639,0.940076,0.4007
4950000,0,1.15582,-237.544,0.0846775,0.379
4960000,0,0.94253,-238.055,0.572908,0.392713
4970000,0,0.277798,-240.407,0.881065,0.391783
4980000,0,1.1101,-237.099,0.204685,0.398844
4990000,0,1.33694,-236.511,0.117834,0.3736
5000000,0,1.25083,-237.774,0.198177,0.3729
5010000,0,0.533206,-237.496,0.988643,0.4118
5020000,0,-0.955321,-237.98,0.740759,0.4012
5030000,0,0.441276,-239.434,0.850111,0.3909
5040000,0,0.152097,-237.216,1.14882,0.387744
5050000,1,0.281836,-236.078,0.770668,0.3969
5060000,0,-0.485018,-238.081,1.76695,0.3988
5070000,0,1.09025,-238.077,0.140703,0.39968
5080000,0,-0.101911,-237.659,1.62047,0.4105
5090000,0,1.15359,-238.753,0.173558,0.3933
5100000,0,1.05944,-240.467,0.248755,0.4248
5110000,0,0.452916,-236.244,0.811085,0.3911
5120000,0,0.490998,-240.584,0.4521,0.39992
5130000,0,0.578895,-236.571,0.64236,0.396594
5140000,0,1.34452,-236.277,0.22723,0.400209
5150000,1,1.36893,-234.802,0.843402,0.393
5160000,0,-0.739765,-236.33,0.28878,0.3995
5170000,3,0.725145,-238.802,1.69614,0.3874
5180000,1,-1.80402,-237.205,0.451347,0.382075
5190000,0,-0.904924,-236.767,2.42435,0.3885
5200000,0,1.16182,-239.795,0.256805,0.393967
5210000,2,-2.47191,-235.22,3.34723,0.399722
5220000,2,-1.48845,-234.014,0.824791,0.40714
5230000,0,1.09343,-240.173,0.0647358,0.405225
5240000,0,0.445719,-237.894,0.931303,0.39845
5250000,0,-0.527907,-236.339,1.91455,0.4304
5260000,0,1.09586,-236.711,0.445507,0.399567
5270000,0,0.789782,-236.326,0.314189,0.3965
5280000,0,0.717646,-239.315,0.441757,0.40285
5290000,0,-0.333532,-236.726,0.24989,0.4031
5300000,0,0.597855,-237.261,0.93748,0.3796
5310000,0,1.43137,-239.17,0.00828497,0.3965
5320000,0,0.868431,-238.041,0.412672,0.379767
5330000,0,0.745554,-236.516,0.853423,0.37495
5340000,0,0.295275,-236.518,0.954888,0.3861
5350000,0,1.41789,-236.99,0.120225,0.3795
5360000,0,1.28843,-236.55,0.187432,0.391533
5370000,0,-0.0488807,-237.793,1.37869,0.3883
5380000,0,1.13021,-238.548,0.153139,0.3856
5390000,0,0.968792,-236.681,0.215696,0.4157
5400000,0,1.1002,-239.002,0.153166,0.3885
5410000,0,0.489032,-236.983,0.236974,0.383
5420000,0,0.640008,-235.969,0.283157,0.38879
5430000,0,0.714352,-238.509,0.803738,0.397105
5440000,0,0.841214,-237.28,0.196684,0.3834
5450000,0,0.696887,-237.475,0.384121,0.3807
5460000,0,1.47472,-238.565,0.0409983,0.373233
5470000,0,1.06088,-239.071,0.280989,0.3876
5480000,0,1.2275,-236.081,0.324246,0.385917
5490000,0,-1.07418,-239.007,1.04001,0.3989
5500000,1,-4.92743,-231.681,2.94529,0.38872
5510000,0,0.725589,-238.414,0.0510759,0.382533
5520000,0,1.51294,-236.336,0.0471817,0.37725
5530000,0,1.10405,-237.317,0.446382,0.375
5540000,0,1.57332,-236.61,0.000713108,0.3944
5550000,0,0.87065,-238.299,0.570301,0.38665
5560000,0,-0.568376,-237.169,1.4371,0.3812
5570000,0,0.381005,-237.363,1.12348,0.383933
5580000,2,0.770092,-238.293,1.78963,0.3743
5590000,0,1.32741,-237.293,0.136414,0.3694
5600000,0,1.13121,-239.746,0.178567,0.386564
5610000,0,1.17195,-236.338,0.165182,0.38576
5620000,1,1.11744,-237.523,0.878733,0.389133
5630000,0,-1.97791,-241.26,2.11632,0.39345
5640000,0,0.620558,-238.698,0.61638,0.389067
5650000,1,-1.56894,-240.23,0.585766,0.4018
5660000,0,0.995943,-237.179,0.488404,0.391625
5670000,0,1.39308,-237.975,0.121658,0.4
5680000,0,0.165235,-239.064,0.178783,0.4176
5690000,0,0.102916,-238.881,1.1476,0.393025
5700000,0,0.343391,-238.578,1.05501,0.37195
5710000,0,-0.814279,-236.871,0.0126503,0.4257
5720000,0,1.06271,-237.163,0.503191,0.3778
5730000,1,1.30053,-238.838,0.504507,0.390175
5740000,0,0.292813,-236.941,1.25869,0.382
5750000,0,1.02226,-238.156,0.463775,0.404767
5760000,0,0.833549,-238.465,0.773595,0.4024
5770000,0,0.643773,-238.582,0.59903,0.402433
5780000,0,0.817514,-237.971,0.0923115,0.385
5790000,0,0.711192,-237.014,0.0576622,0.402483
5800000,0,0.177172,-237.961,0.136004,0.398244
5810000,0,0.621351,-237.418,0.678916,0.4019
5820000,1,0.814678,-239.283,0.663071,0.393383
5830000,1,1.53458,-237.07,0.37058,0.3826
5840000,0,1.19764,-237.205,0.166298,0.41185
5850000,1,1.3884,-238.013,0.82189,0.40035
5860000,0,1.35799,-238.793,0.0525852,0.3931
5870000,0,0.324936,-240.803,0.876597,0.3936
5880000,0,0.998648,-238.728,0.254571,0.396325
5890000,0,-0.189655,-237.199,1.73064,0.40345
5900000,0,0.563076,-238.415,0.200991,0.3852
5910000,0,1.19485,-236.295,0.373405,0.3854
5920000,0,1.25042,-239.099,0.0195316,0.380833
5930000,0,0.734894,-239.223,0.576491,0.392725
5940000,1,1.16339,-235.836,1.2867,0.390533
5950000,0,0.605873,-239.968,0.224414,0.4134
5960000,0,0.73329,-237.979,0.40936,0.3955
5970000,0,1.24186,-238.679,0.17033,0.3809
5980000,0,0.789556,-237.093,0.696494,0.40965
5990000,0,-1.11642,-238.367,0.400805,0.3763
6000000,0,1.33476,-236.14,0.10382,0.39985
6010000,0,1.52001,-236.812,0.0126507,0.391537
6020000,0,-0.351629,-236.201,0.997341,0.38646
6030000,0,-0.411377,-236.922,1.21048,0.3947
6040000,0,0.567004,-236.127,0.200509,0.392
6050000,1,-3.06524,-236.321,2.4129,0.39274
6060000,0,0.596549,-237.953,0.380354,0.39666
6070000,0,0.916455,-239.928,0.513082,0.398
6080000,0,-0.320988,-241.164,1.62427,0.38464
6090000,0,-3.86725,-237.385,1.20624,0.37715
6100000,1,0.920607,-236.079,1.54688,0.4
6110000,0,0.305471,-236.498,1.2149,0.3772
6120000,1,2.09044,-238.351,0.236553,0.3982
6130000,0,1.48796,-236.859,0.0488265,0.387486
6140000,0,1.45563,-238.09,0.072733,0.386944
6150000,0,0.309029,-240.545,1.31523,0.40035
6160000,0,0.246231,-236.656,1.28057,0.401771
6170000,0,1.21583,-236.345,0.333553,0.4122
6180000,0,0.434853,-237.992,0.955601,0.40285
6190000,0,1.04469,-236.241,0.495932,0.399714
6200000,0,0.0911256,-236.228,1.40397,0.3913
6210000,0,0.266249,-236.328,0.389908,0.4053
6220000,0,0.360078,-237.567,1.13046,0.390667
6230000,1,2.19091,-238.301,0.436061,0.39225
6240000,1,1.10083,-238.475,0.892185,0.397833
6250000,0,0.246066,-239.414,1.13766,0.3991
6260000,0,0.947479,-239.521,0.526405,0.3905
6270000,0,0.804119,-236.149,0.685623,0.3829
6280000,0,1.13961,-237.522,0.0336219,0.4129
6290000,0,1.2246,-238.461,0.292272,0.4181
6300000,0,1.1253,-242.264,0.187086,0.394814
6310000,0,1.3161,-238.745,0.0577155,0.395227
6320000,0,0.946202,-236.657,0.522262,0.387343
6330000,0,0.012645,-236.556,0.0625576,0.3793
6340000,1,1.74014,-233.904,0.900804,0.404
6350000,0,1.46078,-237.366,0.0763383,0.3803
6360000,0,0.393506,-239.175,0.0270773,0.378414
6370000,0,1.11381,-237.333,0.349869,0.38245
6380000,0,1.42346,-236.593,0.0314922,0.41265
6390000,0,0.41539,-236.615,1.10665,0.40025
6400000,0,1.03897,-236.538,0.333497,0.3887
6410000,0,0.644322,-238.037,0.52085,0.39145
6420000,0,1.28654,-237.152,0.242876,0.3899
6430000,0,1.35595,-237.204,0.117662,0.384267
6440000,0,0.742652,-237.715,0.783868,0.387815
6450000,1,1.72285,-232.481,0.357377,0.40185
6460000,0,1.1462,-237.971,0.297768,0.3886
6470000,0,0.72484,-237.958,0.467128,0.39025
6480000,0,0.887936,-236.916,0.605592,0.3899
6490000,0,1.02558,-238.005,0.404313,0.3845
6500000,1,2.01376,-237.456,0.699906,0.376
6510000,2,-0.452461,-232.389,0.796728,0.4347
6520000,0,0.907514,-238.686,0.618602,0.3947
6530000,0,1.4217,-236.646,0.0478199,0.3848
6540000,0,1.38881,-237.76,0.195043,0.394725
6550000,0,0.485262,-238.34,0.238591,0.40225
6560000,0,0.929405,-236.683,0.047748,0.402238
6570000,0,1.07022,-238.909,0.11207,0.3759
6580000,0,0.245565,-237.401,0.627238,0.3975
6590000,1,-0.275054,-236.513,1.27391,0.404907
6600000,0,1.37776,-237.672,0.14178,0.3756
6610000,0,0.787004,-242.443,0.382563,0.3873
6620000,0,0.97274,-238.64,0.451432,0.399071
6630000,0,0.552001,-239.178,0.0937027,0.3668
6640000,0,0.934665,-236.85,0.597764,0.39105
6650000,0,0.781415,-237.225,0.719158,0.3893
6660000,0,1.36831,-238.01,0.148036,0.3922
6670000,0,-0.205051,-236.768,0.315943,0.394462
6680000,0,0.823952,-238.349,0.354245,0.3996
6690000,0,0.95136,-239.428,0.303963,0.41255
6700000,0,-1.48314,-236.32,0.124278,0.3892
6710000,0,0.876918,-239.824,0.405246,0.38978
6720000,1,1.29132,-237.696,1.20194,0.38055
6730000,0,1.02918,-240.215,0.394583,0.3957
6740000,0,1.43835,-237.81,0.0429235,0.395355
6750000,0,-0.724329,-236.137,2.24677,0.3962
6760000,0,-0.467957,-236.849,0.00505452,0.393933
6770000,1,-0.157544,-238.959,1.46986,0.39055
6780000,0,0.945548,-236.261,0.434585,0.3785
6790000,0,0.227451,-238.069,0.2672,0.4142
6800000,0,-1.07294,-237.19,0.0799467,0.398162
6810000,0,0.366766,-237.321,0.35528,0.39882
6820000,1,1.18815,-232.601,1.17655,0.4184
6830000,0,0.249567,-237.321,0.640422,0.4564
6840000,0,-0.00308828,-237.173,1.49875,0.42192
6850000,0,0.777917,-240.342,0.137076,0.3933
6860000,0,1.1947,-238.406,0.244661,0.38705
6870000,0,1.45541,-238.304,0.104274,0.3978
6880000,0,1.49529,-237.516,0.0151878,0.382633
6890000,0,1.50967,-236.828,0.0606815,0.396465
6900000,0,0.0271456,-238.325,0.181345,0.4033
6910000,1,0.488782,-237.774,1.70293,0.40294
6920000,0,0.673681,-237.926,0.0350689,0.394375
6930000,0,1.29637,-239.603,0.199038,0.381633
6940000,0,0.157913,-237.159,0.0821991,0.3844
6950000,0,1.43946,-237.348,0.00624375,0.392833
6960000,0,1.0394,-236.594,0.501742,0.3824
6970000,0,1.06937,-237.349,0.425705,0.37296
6980000,0,1.29443,-239.269,0.159149,0.3759
6990000,0,1.2267,-238.003,0.237979,0.4003
7000000,0,0.30147,-238.088,0.278915,0.4097
7010000,0,1.13305,-236.956,0.427592,0.39425
7020000,0,0.817105,-238.227,0.571006,0.385718
7030000,0,1.21327,-237.406,0.14663,0.38285
7040000,0,0.528611,-236.439,0.148228,0.38435
7050000,0,1.1539,-238.855,0.00222183,0.3909
7060000,1,0.744386,-239.841,1.12206,0.384325
7070000,0,0.981618,-238.179,0.0405727,0.388923
7080000,0,0.49231,-236.731,0.89226,0.39086
7090000,0,1.17767,-237.089,0.336277,0.3938
7100000,0,-0.229559,-236.533,0.243588,0.3893
7110000,0,1.47391,-238.593,0.0128392,0.382967
7120000,0,1.52288,-236.871,0.000282826,0.39304
7130000,0,0.425617,-236.574,0.611517,0.3888
7140000,0,1.15125,-237.155,0.387043,0.390675
7150000,0,-0.180355,-238.331,0.830396,0.4064
7160000,0,1.03333,-236.367,0.495863,0.4019
7170000,0,-3.45835,-237.706,0.842843,0.388617
7180000,0,0.318371,-238.583,0.790408,0.393917
7190000,0,0.467614,-238.328,0.163176,0.3781
7200000,0,0.450166,-236.576,1.10377,0.382567
7210000,1,-0.204853,-233.069,0.907394,0.38638
7220000,0,1.26398,-238.066,0.27825,0.3904
7230000,0,1.33226,-236.744,0.0395819,0.39138
7240000,0,1.18063,-237.458,0.368893,0.3835
7250000,0,1.15571,-238.251,0.273503,0.38695
7260000,0,1.30386,-237.688,0.139054,0.390733
7270000,0,0.977981,-236.32,0.368752,0.392033
7280000,0,0.725493,-238.704,0.213697,0.3904
7290000,0,0.662558,-237.582,0.691433,0.39385
7300000,1,-1.09378,-240.49,1.63661,0.4788
7310000,0,1.36902,-237.93,0.120207,0.3966
7320000,0,-0.0201263,-237.184,1.46373,0.396825
7330000,0,0.627119,-237.5,0.790882,0.3945
7340000,0,1.31524,-239.497,0.132373,0.377333
7350000,0,-0.178478,-236.939,1.53004,0.393
7360000,0,1.29084,-238.59,0.198919,0.38915
7370000,0,1.27467,-236.242,0.191757,0.39004
7380000,0,0.928884,-236.695,0.206217,0.4082
7390000,0,0.99262,-236.289,0.458562,0.3885
7400000,0,0.0353657,-239.126,1.5219,0.3788
7410000,0,0.918349,-236.794,0.551795,0.39825
7420000,0,1.27921,-239.862,0.117735,0.39868
7430000,0,0.679967,-237.188,0.0709822,0.393189
7440000,0,1.26477,-236.719,0.229523,0.398233
7450000,0,0.0009764,-237.242,1.48906,0.390633
7460000,1,1.29142,-234.285,0.942642,0.4077
7470000,0,1.45227,-236.25,0.103102,0.398267
7480000,0,-0.416741,-238.202,1.5198,0.38955
7490000,0,0.959687,-237.083,0.566534,0.393933
7500000,3,-3.8769,-239.004,4.55334,0.3722
7510000,0,0.803176,-237.214,0.643259,0.379433
7520000,0,0.992319,-236.331,0.576933,0.387089
7530000,0,0.765846,-239.274,0.602998,0.4128
7540000,0,1.15018,-237.291,0.360021,0.408667
7550000,0,1.27043,-238.005,0.0573234,0.3569
7560000,1,1.21472,-238.323,1.2445,0.3832
7570000,0,1.3137,-237.999,0.283471,0.38925
7580000,0,0.280931,-239.944,1.06617,0.41065
7590000,0,0.852572,-236.397,0.717828,0.3766
7600000,2,-1.29172,-237.817,1.81275,0.40052
7610000,0,1.43086,-236.419,0.130809,0.3839
7620000,0,1.10357,-238.1,0.141509,0.405267
7630000,0,1.41451,-239.077,0.0321045,0.381183
7640000,0,1.27021,-236.609,0.271299,0.3599
7650000,0,1.25916,-237.479,0.25201,0.37085
7660000,0,1.04715,-236.068,0.277969,0.3993
7670000,1,-0.0340136,-234.575,2.03203,0.37535
7680000,0,0.954083,-238.303,0.578255,0.38495
7690000,0,0.954192,-237.739,0.559793,0.3842
7700000,0,0.824615,-238.583,0.00200609,0.3809
7710000,0,0.6783,-237.369,0.851709,0.3796
7720000,0,1.05884,-237.352,0.445425,0.394433
7730000,0,0.891215,-237.141,0.584441,0.4051
7740000,0,0.227874,-237.83,0.611766,0.390025
7750000,0,0.74739,-236.134,0.824587,0.398325
7760000,1,1.74284,-236.215,0.886809,0.4461
7770000,0,0.628989,-237.04,0.733886,0.39994
7780000,0,0.86802,-237.377,0.312149,0.393
7790000,0,0.4704,-240.057,0.400502,0.393267
7800000,0,1.07925,-237.152,0.449073,0.3706
7810000,0,1.33423,-237.259,0.131551,0.394375
7820000,0,-0.141673,-236.706,1.71462,0.4009
7830000,0,1.27339,-238.67,0.00510288,0.378667
7840000,0,-0.647802,-236.283,0.237744,0.393683
7850000,0,0.786894,-236.244,0.128153,0.379
7860000,0,0.739975,-236.576,0.311372,0.388075
7870000,0,0.990168,-236.565,0.550724,0.388425
7880000,1,-1.59622,-237.73,0.27957,0.38005
7890000,0,0.788135,-238.056,0.718481,0.4103
7900000,0,1.24711,-236.308,0.321864,0.402733
7910000,0,1.00696,-237.714,0.243013,0.3884
7920000,0,1.49998,-237.761,0.0397824,0.395867
7930000,1,-0.482413,-237.212,2.09131,0.386324
7940000,0,1.27567,-237.098,0.247196,0.37845
7950000,0,0.0193064,-239.442,1.27074,0.38105
7960000,0,0.299298,-236.216,0.116339,0.3611
7970000,0,-0.39969,-236.548,1.67059,0.379133
7980000,0,1.48972,-236.399,0.105684,0.412
7990000,0,1.04202,-238.448,0.463844,0.37574
8000000,0,1.01961,-237.193,0.107949,0.404
8010000,0,0.955492,-236.463,0.399727,0.38754
8020000,0,1.45926,-237.997,0.0895238,0.3805
8030000,0,0.740097,-239.509,0.320318,0.3669
8040000,0,1.53557,-238.956,0.0227699,0.3713
8050000,0,0.717853,-237.74,0.174673,0.380825
8060000,0,0.669752,-237.686,0.663477,0.38865
8070000,2,0.102047,-238.226,0.629079,0.390389
8080000,0,0.698384,-239.031,0.82708,0.3819
8090000,0,0.887643,-236.928,0.178929,0.387933
8100000,0,1.45636,-238.009,0.0484732,0.3906
8110000,0,1.10949,-236.805,0.419902,0.414133
8120000,0,-0.207246,-236.671,0.42338,0.4006
8130000,1,1.12512,-237.38,0.713549,0.413783
8140000,0,1.33264,-238.01,0.0135899,0.3592
8150000,0,0.506769,-236.846,0.986099,0.3956
8160000,1,0.975733,-237.079,1.01407,0.387583
8170000,0,1.4725,-236.756,0.00703438,0.40605
8180000,0,0.66721,-237.265,0.562229,0.392483
8190000,0,0.545128,-236.612,0.0890839,0.3958
8200000,0,-0.893627,-237.628,0.0948314,0.3902
8210000,0,-0.192017,-240.14,1.58301,0.3987
8220000,0,-0.257154,-237.801,1.77082,0.391867
8230000,0,0.204902,-237.064,1.30913,0.3908
8240000,1,-0.831524,-238.752,0.910147,0.4
8250000,0,0.601118,-237.162,0.913426,0.397391
8260000,0,1.3863,-236.949,0.15011,0.4006
8270000,0,1.33097,-236.677,0.038869,0.390833
8280000,0,-0.77043,-236.855,0.380928,0.390667
8290000,0,1.24775,-240.193,0.24032,0.3647
8300000,0,0.853961,-237.795,0.464282,0.404475
8310000,0,1.25948,-238.215,0.259667,0.419
8320000,0,1.33273,-236.654,0.238179,0.402375
8330000,0,1.50218,-236.838,0.0940294,0.39085
8340000,0,0.779597,-242.269,0.102381,0.3931
8350000,0,1.28074,-240.589,0.265264,0.3888
8360000,0,0.625462,-238.34,0.318809,0.382
8370000,0,0.882269,-236.472,0.657226,0.3875
8380000,0,1.29146,-238.937,0.10422,0.38685
8390000,0,0.0724491,-236.271,1.48733,0.408267
8400000,1,-1.15872,-240.306,1.12843,0.392213
8410000,0,1.47178,-237.465,0.0671819,0.4064
8420000,1,-0.555464,-237.656,1.77959,0.402925
8430000,0,1.07679,-237.404,0.406923,0.40015
8440000,1,-1.57947,-238.082,3.03622,0.3833
8450000,0,0.490805,-236.653,0.927059,0.38435
8460000,0,0.470136,-238.253,0.70452,0.3854
8470000,0,-0.0291872,-238.263,0.299426,0.4006
8480000,0,1.44576,-236.454,0.0755395,0.39615
8490000,0,0.730381,-239.698,0.468624,0.3774
8500000,0,1.26722,-244.915,0.298889,0.39295
8510000,0,-0.273943,-237.896,1.18556,0.3961
8520000,0,0.522887,-241.357,0.41735,0.40135
8530000,0,-1.55949,-239.195,2.6842,0.4054
8540000,0,-0.916097,-236.371,1.4642,0.3977
8550000,0,1.34294,-237.137,0.0876177,0.387
8560000,0,1.09765,-236.251,0.480507,0.390775
8570000,0,1.39791,-237.265,0.125521,0.38524
8580000,0,-2.06649,-236.947,1.61731,0.3749
8590000,0,1.22932,-239.099,0.183821,0.376125
8600000,0,1.27099,-237.49,0.099072,0.392925
8610000,0,0.396576,-239.154,0.861719,0.38455
8620000,3,-0.987039,-236.142,4.14484,0.38415
8630000,1,-0.260528,-235.957,1.3165,0.3875
8640000,0,0.630999,-236.598,0.195627,0.41665
8650000,0,1.23697,-237.094,0.318238,0.39905
8660000,0,1.3932,-236.328,0.164445,0.39685
8670000,0,-0.409617,-238.39,1.83937,0.4017
8680000,1,2.34735,-237.241,0.0693355,0.4002
8690000,1,0.807607,-239.432,1.97641,0.3951
8700000,0,1.45975,-237.883,0.107515,0.382775
8710000,0,1.16152,-238.255,0.0515429,0.390371
8720000,1,-1.32794,-237.075,1.01347,0.382367
8730000,0,1.10485,-240.12,0.180848,0.401
8740000,0,0.592367,-239.72,0.894749,0.4073
8750000,0,0.556479,-236.963,0.977781,0.385257
8760000,0,1.24792,-237.211,0.274792,0.3946
8770000,0,0.256328,-235.956,0.732552,0.3825
8780000,0,0.102406,-236.464,0.803616,0.39868
8790000,0,1.39369,-237.132,0.127523,0.4
8800000,0,0.8008,-237.667,0.507567,0.3981
8810000,0,0.907268,-236.51,0.568591,0.394382
8820000,0,1.23754,-237.48,0.292299,0.39245
8830000,0,1.26035,-237.161,0.258798,0.386833
8840000,0,1.21262,-237.243,0.262425,0.393129
8850000,0,-0.306048,-236.067,0.685563,0.399
8860000,1,1.09237,-237.651,0.289636,0.40094
8870000,0,-0.328599,-239.148,1.79506,0.3638
8880000,0,0.701696,-239.257,0.0969882,0.381333
8890000,0,1.56967,-236.271,0.00410279,0.39165
8900000,0,0.616584,-236.446,0.116889,0.39305
8910000,0,1.13428,-236.823,0.396928,0.39475
8920000,0,1.40385,-239.601,0.0189554,0.3776
8930000,0,1.24131,-236.555,0.234671,0.3882
8940000,1,1.31402,-236.457,0.814327,0.3892
8950000,0,1.02869,-238.608,0.537983,0.393125
8960000,1,2.83624,-237.889,0.174362,0.4069
8970000,0,1.00079,-236.611,0.600199,0.397567
8980000,1,0.0222553,-241.251,0.679217,0.39375
8990000,0,0.624625,-237.637,0.739522,0.3872
9000000,0,1.55717,-236.791,0.0130923,0.3825
9010000,0,-1.16436,-238.436,0.231018,0.3789
9020000,2,0.747326,-237.112,0.908285,0.389636
9030000,0,0.740163,-236.089,0.03252,0.3932
9040000,0,1.31056,-236.278,0.250725,0.392533
9050000,0,0.496982,-236.022,0.0922095,0.4047
9060000,0,1.09461,-236.284,0.266154,0.4128
9070000,1,0.744842,-236.41,0.509549,0.4009
9080000,0,1.0395,-236.944,0.453742,0.40084
9090000,0,1.10291,-237.556,0.344299,0.398783
9100000,1,1.42544,-239.765,0.954407,0.3933
9110000,0,0.944208,-236.881,0.562672,0.3712
9120000,1,0.956226,-237.053,0.855759,0.3822
9130000,2,-1.31885,-240.751,2.04773,0.389645
9140000,3,-0.374972,-238.741,2.39415,0.383
9150000,1,1.99492,-239.24,0.679758,0.4162
9160000,0,1.09477,-237.08,0.389398,0.4262
9170000,0,1.25623,-237.559,0.270455,0.398056
9180000,0,1.27093,-236.832,0.278129,0.401233
9190000,3,1.30835,-236.737,1.55649,0.4027
9200000,2,2.98505,-237.164,0.706494,0.406533
9210000,0,0.650604,-238.915,0.796708,0.399183
9220000,0,1.04736,-237.478,0.511477,0.3977
9230000,0,1.00379,-237.99,0.458315,0.37285
9240000,0,-1.03407,-236.016,0.155863,0.3785
9250000,0,-0.1664,-237.77,1.69029,0.3856
9260000,0,0.13605,-236.734,1.46794,0.4085
9270000,0,0.693986,-239.798,0.469927,0.40085
9280000,0,1.35859,-239.195,0.0908491,0.40328
9290000,0,1.1446,-238.647,0.32978,0.396582
9300000,0,1.33936,-236.459,0.223524,0.39545
9310000,0,0.963993,-240.045,0.329861,0.3962
9320000,0,1.21204,-237.872,0.117532,0.405
9330000,0,1.42721,-236.622,0.125877,0.398683
9340000,0,1.16011,-237.638,0.265056,0.36995
9350000,0,0.839732,-237.15,0.62756,0.3869
9360000,0,1.20739,-240.49,0.0894643,0.3798
9370000,0,0.957503,-239.089,0.118948,0.389125
9380000,0,0.812438,-237.038,0.471746,0.384362
9390000,0,1.06869,-238.721,0.425059,0.376767
9400000,0,1.42976,-237.02,0.045746,0.374333
9410000,0,1.11295,-237.035,0.364871,0.389087
9420000,1,1.6413,-238.95,0.76062,0.39625
9430000,0,0.649108,-239.033,0.729656,0.39345
9440000,0,1.28742,-236.363,0.152085,0.3991
9450000,0,0.586089,-238.78,0.958179,0.383929
9460000,0,-1.38856,-236.302,0.929744,0.4024
9470000,0,1.06567,-241.341,0.362731,0.391288
9480000,0,1.4059,-236.293,0.171029,0.4082
9490000,0,1.34849,-236.305,0.209491,0.403125
9500000,0,1.09434,-236.188,0.0994845,0.398429
9510000,0,1.49781,-237.183,0.0939718,0.40002
9520000,0,1.52967,-236.218,0.0452193,0.398167
9530000,0,-0.304486,-237.996,0.235599,0.3931
9540000,0,-0.231617,-238.325,1.42431,0.3773
9550000,0,1.00226,-237.891,0.229122,0.4134
9560000,1,0.925873,-237.602,0.86688,0.390733
9570000,0,0.72971,-238.915,0.53314,0.4037
9580000,0,-1.92041,-237.929,3.09635,0.389133
9590000,0,0.529814,-240.773,0.334757,0.3866
9600000,1,1.05858,-238.177,0.783515,0.38114
9610000,1,0.0643227,-237.383,0.439076,0.3864
9620000,0,0.137618,-238.61,0.121852,0.3844
9630000,0,0.0925643,-236.674,1.35207,0.36125
9640000,1,1.11365,-237.386,0.914599,0.3836
9650000,0,1.12984,-237.432,0.292084,0.3886
9660000,0,0.554779,-237.539,0.812011,0.381133
9670000,0,0.349459,-239.8,0.572876,0.379825
9680000,1,-0.46194,-239.98,0.743793,0.3664
9690000,1,0.773833,-237.445,1.50045,0.3712
9700000,0,1.20201,-237.902,0.215874,0.3781
9710000,1,2.33372,-235.626,0.377315,0.393433
9720000,0,1.25699,-237.395,0.27313,0.4039
9730000,2,1.11258,-238.856,1.83869,0.3993
9740000,0,-0.137597,-238.705,1.0461,0.3842
9750000,0,0.878567,-236.789,0.301864,0.3698
9760000,1,1.68464,-236.924,1.28008,0.3969
9770000,0,0.561015,-238.396,0.467433,0.394425
9780000,0,-0.761899,-236.838,1.1483,0.385329
9790000,0,1.19416,-237.793,0.290016,0.369167
9800000,1,-2.79941,-237.385,0.295052,0.38262
9810000,3,0.90347,-237.101,1.2928,0.3966
9820000,0,0.629232,-239.192,0.374433,0.3933
9830000,0,-1.56174,-236.979,0.428075,0.39136
9840000,0,1.26438,-237.013,0.230132,0.389033
9850000,0,0.152717,-236.156,0.651244,0.3974
9860000,0,1.2434,-236.506,0.31973,0.3912
9870000,0,0.964245,-241.718,0.466597,0.38722
9880000,0,0.655579,-236.899,0.133334,0.3861
9890000,0,0.276378,-237.88,0.0711271,0.3798
9900000,0,1.336,-236.403,0.0710963,0.3707
9910000,0,1.06147,-238.928,0.335412,0.3674
9920000,3,-2.94303,-237.598,2.08827,0.389507
9930000,0,1.46003,-236.638,0.000866865,0.39674
9940000,0,1.12391,-237.37,0.253882,0.387525
9950000,0,1.23163,-238.647,0.150112,0.3849
9960000,0,1.22836,-237.245,0.177851,0.393133
9970000,0,0.867023,-236.708,0.672998,0.41088
9980000,0,0.213127,-237.038,1.16816,0.406633
9990000,0,0.545139,-236.842,1.00463,0.3818
