ExtinctionRateChangeTimes
17.19398	21.99242	8.712796
0.7971703	12.9208	24.73688
2.36054	17.91529
16.37046	17.15837
24.0538
11.12567
17.76927	19.28081
14.82478	13.07287
17.12025	11.20209	0.1560053
11.65476
22.82446	16.20981	15.26696	6.544451
18.77693	20.28291	24.62999	24.79572
18.55758
20.54193
19.13554
5.051435	14.29894
18.3496	16.34849
19.03038	22.85448

9.033919	19.5126

20.87677	13.77913	22.96476	4.945782	24.55697
18.12386
1.695292
0.9472237
9.246282	16.72388	14.5369
24.2282	17.79565	7.476732
18.70477	17.22834

18.33672
14.56785
4.50153	9.635484
0.8356665


21.20251	17.95896
24.19998	2.72061

13.8863	22.59715	17.40946
13.14907	1.876038
15.47624	8.786769

5.332865	18.94351	22.37198
22.69235	19.71268	15.50692
15.06978
13.87511
21.38346
10.1478	5.727186
1.795986
7.655368	4.076431
1.602198	8.464624	18.6275
15.41298	11.54614	23.27996
7.763243	9.656188
18.79	17.38443	18.00933
14.44003	18.60945
10.12209	5.672291

13.32344
0.6317145
18.5726	9.15647
2.586884
0.3878999	14.5033	23.53358	1.343042	12.60304	19.04349
12.32646	4.766638
9.238374
3.703987	10.61171	13.86214
20.78351
10.82835	13.61072
23.28723	10.82537
21.42085	24.62775	13.32712
1.950182
24.33515	20.53025	0.3166426	14.44229
5.696962	24.90047	8.135569
4.143242
14.57078	12.76953	17.80422
17.20269	24.7521	9.074764	6.730374

6.690149
15.27037
6.803941	6.69189	8.989896
14.53902	0.1864134
1.755167	11.1313	20.82455	21.31038

18.00498	13.31635	14.93095
17.10063	23.15466	14.07534
0.3186598	23.28017
4.90671	19.87393


4.314152
2.818678	4.8115	1.664134
4.982919	4.001023
17.67847
22.98416
0.6603516
11.69384	4.273597
11.03788
23.10655	22.81356
21.97356	2.192965	15.27775

19.0987	13.73066	24.60414
14.12585	1.173839	0.1779449	17.08601
10.20408	11.86759
16.78731	5.123864	18.70111	14.03928	3.16887
12.69472	22.14309	14.04119	22.97036	8.662865
15.37115	5.032435	24.91638
1.792327	4.937741
19.45536	8.989063

14.38999
11.70631	0.3078651
23.50741	12.37864
16.81601	16.03939	22.83169
16.36942	7.77922

18.21213	13.87921
12.89712	9.750633	24.63272
14.61997	24.33293
22.66858
5.657013
15.37512	22.91912	16.94243	23.55962

21.64294	11.39054
20.4498	3.239434
11.61005	6.513056	7.345278
9.682719
6.825892	6.954961	11.52019	16.73822

19.40086	0.08009247
20.38813
17.28631
2.394575	11.06815	22.49775
14.03624

17.74783	23.27185
8.648018	15.48808	9.983124
24.33935	13.08927
1.145816	16.60991
23.42939
14.22645	3.999351	23.9216	20.25405	13.34968	3.140121
3.027308	14.41238
5.521075	7.93246
22.75258	17.98232	1.038229
16.20401
12.74783	3.074477	24.36184
16.71629	17.82077	1.462245
22.70187	18.59504	25.0038	13.90827
3.297863	22.20887
8.598474	9.183057
9.773015
23.57404

15.88526
17.55312	16.9742

8.835263	10.8587	4.238037
13.89101	9.618831	10.3526	4.223565	12.09288

4.975321
4.293429	6.513987
22.91407	1.043652	20.43388
19.79393	7.028438	12.40724
11.34331	5.666217
13.23294	15.16313	23.89074	12.04184	6.408212
4.008083	24.20396	24.60486	11.78049
15.18337
5.389398	7.489424	9.287395	6.29059	20.62456
2.251138

3.904835	4.557114


16.51295	7.96371
10.93922	0.3440283
11.67328
9.783071	2.654731
7.305917
24.03822	2.900208
16.05462	7.524362
24.28959	22.41156
22.40756	0.7010672	7.842807

16.20631
13.6174	3.170016
19.0926	0.1039715
20.23261	19.72978
1.762995	15.30278	22.18149	20.61188
10.79045	9.281468
23.27658	7.7189	21.76942	16.43488	9.909685
14.10953	23.39421
14.21351	11.76491	5.566791

1.607282	6.559593

4.770197	0.06782985
23.01917	19.89078

18.36437	15.26627	8.787859	8.97165
1.727266	6.565932


20.92508	21.46366
17.68585	24.0449
0.65221	15.00349
14.9341	6.993189	14.81305

20.15566	9.364856	5.827728
3.853578	12.58908
8.441012	7.232617
23.09954	4.810625	19.07169	8.89844	17.59679	22.62107
12.34037	0.01147502	3.907038	19.69123
21.41714	20.045
17.02799	23.49493	5.946088	3.364628	11.75146	4.330756	9.600997
19.5513	4.778789
17.72887	17.65345	11.00627	2.995987	2.82736
13.86436
21.67727	1.366769	10.49674
3.571031	21.80529
22.62876	19.59257	24.44886	13.83156	14.41196
15.87774	6.021757	14.76331
6.928152	22.74707
17.37475
9.074903
16.06835
20.43709	16.38919	23.191
8.938099	15.32681	17.48432
24.84101	20.85762	23.89774
23.76129

22.42025

0.9388269	4.984818	1.551871
24.51741	7.569517	17.97982
8.412291
7.120552	20.1216
3.506523
19.88057	16.30527
4.837093	14.12933
19.75983
20.03805
8.434245	6.953615
17.38023	13.56053	21.79022
14.63462	18.74325
10.07643	9.706065	18.3614	1.904349
13.0682	17.52374	8.585967	21.91391

24.58406	2.500618	12.85264
23.109	20.89351
16.96721	12.10895	0.9261478
6.436661	13.82508	20.94496

20.69662	7.77097	21.02296
19.5136	11.87414
24.05908
20.09507	8.398094
18.95045	6.412438
20.29689	21.70386
22.15574
23.3209	12.02678

6.967078	9.723666	9.454413
10.93891
24.73048	6.993043	14.65327	1.804069
9.616829	15.16952	9.200647	14.92047
18.28371	5.386307	15.57802
11.73146	21.23173	1.50068
9.180566
23.00743	4.059371	17.32056
17.04408	1.613867
4.464501	1.408329

20.49445	20.67058

16.90465
2.696298


13.0442
6.007109	8.657939	2.593057
3.576056
11.166
11.67452	9.292602
11.0828	19.97517	19.36611

22.24243
13.87165
4.145524	4.984177	4.520383	11.57587

16.05546	15.90991	24.01057
0.2100934	16.25892
17.85219	10.88254
13.22051
14.98249	21.03771	2.748518	12.29795
6.550954	3.525532


22.75784	15.04415	0.5644721
18.62752	5.018668	20.50177
16.96551	15.1039	20.84261	4.887413	6.715095

10.90176

21.43906	5.087819
5.528102
2.338631
2.240568	8.542916
13.89494	23.15535
13.91344	17.97723
7.011773	17.95971
1.527388
24.34542
5.018392	18.03105	11.4473
8.339157	12.70092	7.507365
19.92619	7.242529	11.0649
19.45235	19.62485	16.50712
5.939327	4.242526	19.53569	18.51753	3.168148
22.2849	20.73318
6.442725
10.89882
14.75513
18.92043

5.016259
3.141758	16.52759	0.9717422
18.0651

12.36672	2.380353	7.073888	5.380595	16.6353
7.047186	1.388501	3.261151

18.92961
8.72045
14.1277	21.87557	24.05565	6.962011
12.09148	3.699252	5.768077
11.34739	6.4203	10.40556	23.52328	19.16637	15.59015	0.724654
13.7311	23.43563	21.05714
2.236664

11.96304	18.5561
10.77585	21.963
4.147832	23.83774	9.34247	6.803231
9.534511	7.563718
13.72401	24.81681	22.13089
12.68656	15.72729	2.250096	18.45487
20.26038	18.16743
22.50333
14.7492

16.7447	18.05567	19.21269	18.6377
23.19437	1.232716
23.402	14.2582	24.86952
7.212167	16.33874	22.28773
19.16701	21.84716	5.312891	21.66974
16.43542	12.19385	0.2239948	1.017659
2.486025	2.835436	15.32099
17.38493	9.816556
20.26036	3.265994
13.90737
21.93269	3.206932
22.06945	9.994334	19.90371	19.33559
25.03238	8.323591	18.50821
11.23075	12.6152	14.5081	0.704905
6.446578	20.86001	19.84643	17.11525	0.389629	11.122

21.37768
15.81807	14.02326
17.40572
2.078171
16.57641	20.08567	0.6660357
17.37195	6.34098
17.52637


16.47162	17.15654	12.71357
1.554148	20.40187

20.45137	8.474572

23.5314
19.4652	11.27954	6.577005
19.80907	10.56037

20.33314
0.7460753
21.23133	9.280411	17.30232
17.39774	10.58296
11.08405	24.10625	8.954629	17.76839
8.759477	20.73482
13.86147	9.736355	9.146732	18.75088
10.1095	3.233456
9.771601
15.31674
19.38591	12.53267
7.522441	9.179709	0.7673518
13.98169
1.593304	15.20152
1.222824
19.37188	8.901849	23.92623
15.70648	23.09528	7.927693
18.76339	3.713796	6.502217
16.76797	9.666851
23.5092	23.52139	5.695506	3.259341
21.65658	6.214088
10.06674	5.466794	19.76348	8.614767	17.79007	17.65598
24.38347
16.72787	16.69749
17.25647
2.330997
14.15449
18.7046	1.793895	13.86618	5.173409
12.15387	11.48015
3.766246	1.61405

24.35362	20.25172
18.92906	18.62203	5.102706
0.5082934
4.282302	22.6789	8.702336	15.37631
2.051544	10.35794


19.24592	20.7574
5.580629	18.58367	0.6093452
21.15718	13.85468
21.9498	12.11831	12.91538



14.54602	13.93257	11.28003	22.22991	4.866101
8.896598
16.40731	10.39968	20.22043
4.121051	19.27399
23.86186	24.35061	22.1848
14.22615	3.160479
19.02749
1.044136	18.41516	11.10964	14.65008	22.1504	15.45802
11.63648	10.43873	13.80028	14.64889
8.070953	10.92422	7.400764
15.72277
11.84414	9.045974	23.8863	17.532
14.53067
2.874154
20.25372	16.81642	0.2101607
4.265677	3.818009	4.305631
24.21052	11.87744	21.04549
4.892606	7.063306	18.72495
20.98338	22.3603
0.5453479	18.05551
24.54124	6.756009
19.43428	16.73603

3.769414	2.807882
10.58024	21.71115
10.8451
5.064345	9.519888
15.66645	1.822893	10.25329
21.2736	8.461261
11.21087

10.75341	0.1972656
17.79257	15.98249	15.39737	10.65758	13.89466	19.28703

15.2123	4.563967	16.8871
18.51081	6.185727	7.670534

20.43364	17.69037	13.54467
15.58733

21.0757	18.01191	22.80006	16.86714	21.69364	20.287
4.274932	11.33405
0.07785509

23.15925	7.496595	6.802625	0.5484645
1.623417	6.406516	2.311857
6.104884
8.827433	12.8535	5.035774
6.43173	9.079886	14.51851

18.53295	21.36716
20.43425	16.66658	21.16767
19.85941	2.159074
21.02339
16.15448	11.39717	18.96487
10.17672	20.16867	21.95302
0.505097
15.11216
23.65238	22.29991	3.12412	21.16449
0.264736	20.67557
4.536485	23.73591

10.5179	6.070255
0.8597645	1.374122	23.21539
22.77323
10.23562	15.76409	3.395869
6.367941
7.944722	19.28471
1.567431	3.074796	19.3249
20.77661	23.63222
0.2399473	14.10802	23.81918	23.17761	20.02854

8.901188	5.832927

20.2928	13.833	4.716419	6.94959

5.554688	19.97433
24.73721

5.903338

14.72922	11.65447	8.769184	20.68696	23.64822
19.31542	22.21305
20.71975

2.356194
3.386787	6.637061	12.92829	10.07399	12.17391
12.37795	0.1098969	8.912258
18.81886	11.06238	19.57784
13.01274	4.652254	4.024168	10.65352
6.181017	25.01804

17.62762
2.387401	19.28578
14.87871
14.03461	21.19612
14.48168	5.154477
14.84944	16.96259	15.07597
13.10503
19.58578	15.52448	12.66784
7.33851	21.30865
2.603397	1.226588

24.48672	2.248945	5.616906
12.91928
7.301789	19.20132
11.23814
23.03939
10.39667	13.02265	13.25127
19.30642	0.9370158
21.70061
9.345452
3.466403	18.04349	20.1192	11.24855

12.226
11.25027	16.59128	16.68763

17.9704

16.50785

16.50089
17.32387	10.93968	3.940172	7.897338
14.47143	11.32142	19.70329	15.00134
6.739761
16.13948	8.715698
19.60656
1.657296	16.00402
12.19643	10.38011	21.02387	20.28065
23.43227
14.22367
23.36222	24.71983
16.7003	11.7465	15.00289
23.28345	10.0535	22.08442
1.800503
6.369966	18.03292
17.86563	3.82791	2.021027
22.44774
4.124107	16.67098	17.94186
14.04912	22.5303	15.44186	24.11396
10.0992	6.33404
3.647893



16.48686	3.171954
20.53226	10.76042
6.4236	3.867809	24.39076	19.05036

23.49979	3.119806	23.41562
5.758441	16.7661
14.65025	6.175453	19.05515
17.50661	13.90945
17.34842	1.427366
18.99517
10.77356
3.928882	14.5807
8.289596
20.28182	11.77373	22.87198	6.269307	10.02506	8.249481
12.52126	24.39583
0.4305603	7.554327
22.7588	0.9777884	15.9259	7.610201
21.32324	24.7961	24.03272	18.708
20.44463	9.997239	20.34753
19.75689	24.3015	14.45126
19.418
5.039638
1.28299	20.24602	19.19634	14.87929
11.59779	1.711258	0.0188923	0.8587591
2.786723

2.16025	6.627168
7.433795	2.577845	12.04164
16.9844	22.76923
7.87881
24.85926	6.291782	8.481925
18.66999	10.08757	21.61663
21.9094	7.665081	5.678414
11.17257
15.97768

16.67486
16.28734	6.301668	20.77311
2.854195	15.56826	12.30911	8.584071
16.99714	15.34401	3.951282


12.15765	13.77591
18.07761	8.628295	5.463331	20.69208
10.58093

19.39856	10.97685
21.3663	15.21427	1.42201
1.876496
17.67766	8.344992
1.863619	9.866122
18.88087	17.01767	7.683736	20.35757
20.6845	4.857423	5.319457	18.31828
24.79263
19.71268	24.514	16.27125
18.61596	17.47451	5.009113
11.91233	1.735801
21.28505	0.4526576
9.754719
15.60182	23.71153
24.1435	22.57466	4.65443
11.40278	18.37602	10.38002
7.447587
14.35819	21.35146
9.148415	3.671341
15.17696	19.70667	0.7376413
20.77824
9.078628	21.34898	16.36344	21.01305
3.221808	2.68923	22.70412	10.58619
10.85958	4.214996	0.5562332
0.6856203	12.78658

19.47409	14.67274

2.155198
15.25178	5.623079
8.688932
18.60223
9.957642

6.22667	14.35202
9.329552
2.230469	23.27425	20.86232	3.209056	1.00813
1.110272	16.79024
15.04998	15.21253	17.86327	18.34643

15.75217
11.98302	10.15362	8.089983	1.533611
3.833168
9.247827	4.273579
2.779892

8.4134	10.6878	12.04477	3.09905


17.17125
7.049852	15.5114	11.04343
3.508075	2.96245	12.34902	16.10456	15.75289
20.39725	12.9394	15.22704
8.589963	2.754234
19.53481	21.64658
15.95058	22.59909	1.704705

13.81862
2.191079
18.21969	1.976626	16.88312	4.654034

19.58133	24.09982	10.43659	20.03231


12.47748	24.3529	24.57284	24.21559
7.233313
21.22838	7.694916
20.87405
22.77357	9.405544
20.59667	3.554758	20.59406	16.98824
9.593474	1.685317	8.281876
20.92074	4.009295	8.410669
2.8575
22.98158
5.546616	15.23076

0.5616967	10.77516	9.745587
14.85887	6.715923	10.06768	0.8540359

16.8169	3.31659	18.36353
14.01784	15.06963	22.65493	1.506558	14.29546	11.39294	4.857528

13.33464
5.320942
23.58373	19.94775	15.96687	24.26116
19.74294	18.85047	21.95538	16.03771
7.473953	10.68777	7.125718
20.93889
8.056765	12.23179	5.728151
2.535393	21.28427


14.40051	24.11077	6.457008
0.8585595	20.65865
11.63938	6.099078
1.459425	15.6381	16.93966	1.239122
0.08901003	18.26413
10.20518
1.994792	9.243858
3.545384
7.719372	8.847958	5.218086
9.224475	3.666136
10.05302
8.67867	0.6724286	3.2164	4.042724
3.532862	0.1694532	12.64734	14.15182
8.760597	5.740085	3.608986
11.21204
19.56394	23.62058
11.54956	16.98014
19.21738
17.40136	17.3673	20.16213	12.09493

15.63201
18.89261	19.15242	10.72587
12.40542	24.23866
23.68252
15.47859	20.80157
22.15626	4.742625
9.436242
19.51592	17.61324
9.217786	11.00337	22.90523
11.39874	3.812673
0.9446116
12.36205	0.7863835	15.35339
16.79057	17.17005	8.539471
18.75565	20.35662	10.74994	4.021661	10.80288	19.11222
0.5723326	11.41609


22.06875	6.747719	19.06514
24.53405	9.864315	22.43999	5.587548	12.81258
14.87299
18.14639	1.515999
15.60112
5.552486	12.48003	3.454692

7.149563	20.92077	21.02862
18.3644	12.36821	19.47122	18.67804
6.603993
16.75202
14.31225	20.73035	24.80917
18.07392
17.84993	11.24685
3.125945
23.49723	9.981711
1.129133	3.42953
19.99521	8.690086	10.53811
19.05816
17.52555
5.116615	0.817421
6.448477	9.502603
9.516047	19.36404	17.46131	5.396474

4.683417	0.3179697	5.519427	4.915949
4.942675	6.608522	3.164568

15.00156	23.15814	12.79597
14.50746
7.724998	12.0475
0.5816132	23.9673
17.50541

7.916467
1.107472	14.77513	20.83763
16.37812	10.18163	7.958286
16.04486	8.035069
22.87383
17.23288	6.816446
22.25601	12.48785	14.56033	3.289985
1.878928
8.893456	22.69629	4.917758
23.88274	6.672572
13.81837	5.086996	20.4335	5.35247
19.94458	7.401243
6.553688	4.2284
20.9007
15.3313	16.59373	19.08634

0.9409596

0.6060656	1.973601
3.001708	20.80482
24.01025	0.88804	2.394834	3.075062

23.63274	16.68716
13.17908	12.00028
16.95273	21.85575	23.33963

18.96469	10.95587

5.805882
21.88512	2.755888
5.168761	0.7584402	5.456832	12.5222
19.77426	2.809494	15.86847
18.08617	6.0389	19.51106

21.89794
8.499601
9.741802	17.29482
21.29517	5.398378	13.71785
19.95549	15.73799	19.51927	24.39044
2.005889	8.237426	5.12197	24.46585	4.734034
13.13481	8.329823
17.40718	13.77499
14.73812	7.554654
4.986347	5.826221	18.70416	9.793166	10.74509
20.79101	0.5582383

21.09527	3.664152
4.990793
0.7035843	8.703175
10.48356	12.16981	9.011892
4.946414
1.503594	9.26613
12.20899
8.908597	13.03604
17.06221	3.392341
21.93855	8.559268	13.18959	4.92776	12.78634
12.18767	0.0645595
11.1873
3.930357
24.10328	1.595296

15.41442	1.534218
14.9235	20.83756
17.44581
19.90955
12.64614	18.99994	5.708652

9.444066	23.1659
10.84414
12.27566	13.71919	11.35056
0.8532122	21.17558	3.331031	21.6708	19.83213
12.99445	16.97322	23.25205
10.08828	23.75398

14.45955	0.02863802
12.5884	1.362614	13.21535	3.998818
10.76334	7.792979	20.29788

9.52649

23.40597
18.69896	10.1841
5.561386
10.96257	10.50801
4.634869
20.52341	24.61616	24.62114	11.51512	7.314323
10.20014
7.07292
10.47943
21.87504	9.496752	19.5692
23.84342
20.49862
2.124164
12.36687	13.89628
2.032489
16.46185	0.6296557	9.948019	1.420123	2.666421	15.58684
17.97621	8.408332	18.67456
5.803608
16.36413

5.924963	10.03875


1.682444	18.12545	19.34089
10.58122
19.72226	7.475276	2.525084	0.7031813
11.20479
15.03819	3.731188
16.16653	19.78071

17.34678
21.85205	18.46653
12.64056	16.50866
7.357225	11.69425	20.15615
22.94635
17.38647	16.61552
6.14142	6.281611	24.20766	4.068474	13.21674

7.488398	7.30294	19.45472	11.09803	21.96671
23.51228
0.3686584	13.85951
23.43002
3.028678

0.7771116	3.32473	12.60688
10.64221	15.60311	5.931547
6.915128	7.284821
11.6827	24.83582	17.25451
18.68759	23.94804	5.484482
9.772199	14.39962
13.95072	2.957095	13.01717	24.85262
7.468317	2.9701	1.83163
14.78745	16.8171	6.260398
15.1372	22.61511	24.73276
15.56903	18.34257

24.05097
16.22273	0.9402728
22.71401
4.155145
10.57869	9.510503	10.31638	5.795187
3.811669	16.46387
0.8087083
6.198319	17.8156
14.74383	25.01137
2.190214	8.714646	23.48904	11.21607
7.133055
21.29689	18.04869
23.77132
8.649248	4.430047
19.74355	23.27437
1.198834	15.94291	13.79001
