ExtinctionRates
0.01018626	0.005857367	0.02906747	0.000907999
0.001149636	0.0007453876	0.004044797	0.013047
0.01879386	0.003145403	0.007743661
0.0003131893	0.01049409	0.01246271
0.004260201	0.008841443
0.007982183	0.03525493
0.0419535	0.02936636	0.00580464
0.0320938	0.001061759	0.0004729086
0.007583791	0.01268637	0.1307833	0.03152606
0.001384103	0.04272549
0.03588953	0.001550981	0.005645784	0.05820813	0.004330833
0.008788621	0.04396235	0.0004143623	0.03742373	0.002697579
0.2238005	0.001841796
0.01790081	0.005143628
0.005213967	0.01184359
0.003364055	0.1256153	0.003941831
0.005904143	0.003559676	0.0044313
0.02885378	0.006127979	0.00834696
0.01763391
0.02478157	0.005810463	0.03576552
0.03743639
0.02356592	0.0120362	0.03846558	0.01074181	0.004910184	0.01159658
0.012907	0.01247592
0.001321629	0.005728101
0.0124666	0.01134018
0.04010842	0.01593541	0.0005169713	0.01454914
0.02535517	0.01159843	0.01324821	0.01665035
0.00559053	0.01351336	0.00885212
0.006479142
0.005688969	0.001424499
0.01374033	0.005865543
0.0003213723	0.01795444	0.007563105
0.02041136	0.006319851
0.004807633
0.01495955
0.01999044	0.00386043	0.05162629
0.01461135	0.008542	0.00842558
0.01198704
0.02717234	0.002266258	0.002398005	0.01168361
0.03265574	0.003002417	0.01893778
0.004376933	0.002378257	0.009673054
0.0004387078
0.0008364599	0.005823956	0.009252706	0.01155334
0.02840979	0.003837965	0.005764465	0.03033422
0.005297658	0.02992581
0.01277302	0.001732164
0.0505705	0.005193005
0.01268602	0.01390091	0.002791408
0.01666781	0.004077301
0.03136875	0.001396297	0.00910084
0.01285519	0.005072028	0.01672535	0.003934416
0.007281248	0.006188838	0.01162887	0.001819716
0.1366835	0.02950479	0.009066233
0.001820828	0.00408947	0.003038586	0.02683428
0.009090594	0.007450816	0.04143695
0.003691957	0.01134666	0.08872658
0.01702417
0.0160244	0.008562267
0.026399	0.00433339
0.06736534	0.001986818	0.00865243
0.001659731	0.005876597
0.02156788	0.007261765	0.01273413	0.002780135	0.00759813	0.008703858	0.02182234
0.008715346	0.01711984	0.01435481
0.02400631	0.03143693
0.03042741	0.0008132911	0.008833892	0.003554516
0.02097571	0.006617006
0.007786921	0.06798982	0.01119335
0.007798012	0.008434275	0.006960458
0.0009898955	0.008426079	0.003470692	0.01035225
0.002759447	0.0026828
0.0008720215	0.2135583	0.003215501	0.006580497	0.3705807
0.003105973	0.01178349	0.03151838	0.0140258
0.0425767	0.02431241
0.1250105	0.010588	0.1015379	0.009126997
0.02603764	0.01023062	0.01268462	0.007518228	0.06655008
0.008983409
0.002520407	0.005818597
0.01039422	0.006438911
0.002200061	0.02912759	0.01470429	0.0264294
0.006004582	0.001858431	0.0109617
0.004768711	0.01930998	0.02441684	0.02054749	0.02258428
0.01305245
0.00225821	0.003705334	0.03463497	0.0005333443
0.0312309	0.006840374	0.005294581	0.006143557
0.003339506	0.005288941	0.02911395
0.04080673	0.00629101	0.03283244
0.04143024
0.002410134
0.1656533	0.0003834812
0.0100585	0.02686271	0.003428067	0.1516502
0.009834918	0.002991167	0.0280164
0.0007707779	0.002020087
0.009378653	0.0002374825
0.03584435	0.01144582
0.005523798	0.0004432049	0.009915745
0.003168319	0.01280876
0.005377484	0.005974028	0.09638016
0.01001786	0.001571301	0.006299516	0.00247847
0.0009459981
0.007487143	0.0117585	0.03667057	0.03008678
0.0008462957	0.01221435	0.002909507	0.01955425	0.01360656
0.02930146	0.01439824	0.01778621
0.0006376719	0.2706329	0.005355405	0.01167447	0.1788724	0.04204903
0.001402119	0.000386761	0.004480576	0.02862135	0.01284988	0.00479283
0.001404388	0.0331062	0.01116192	0.006450148
0.007506984	0.009399266	0.01847209
0.01181322	0.004941224	0.004295107
0.0225637
0.03475465	0.01680936
0.007311018	0.01726576	0.002783412
0.04881226	0.009711099	0.01120572
0.001016517	0.06769869	0.04444272	0.03110897
0.1064999	0.00392372	0.003984156
0.003375543
0.01952369	0.009454735	0.00129789
0.002489101	0.01304336	0.0006999725	0.06905451
0.01570801	0.009677778	0.007832144
0.00200573	0.0009097996
0.001445236	0.003219741
0.002655211	0.01449088	0.008444706	0.008710277	0.00134846
0.001862896
0.02069461	0.006442508	0.003401056
0.004656733	0.01687143	0.03280883
0.01219236	0.02413525	0.005404164	0.01694498
0.005882196	0.007520547
0.1152223	0.3094478	0.04693012	0.01418865	0.005318092
0.01373874
0.04179523	0.01619387	0.002464687
0.001844907	0.03264872
0.01395108	0.01640784
0.00700804	0.001700774	0.02039696	0.01395499
0.04382749	0.01906944
0.03363597
0.01737221	0.002081929	0.01328182
0.003081358	0.004145191	0.01944395	0.008131896
0.045869	0.001343396	0.01000876
0.002590179	0.0008828041	0.007716312
0.006351433	0.01356427
0.004279209	0.001480438	0.00976892	0.003922876	0.004203599	0.002656397	0.002370133
0.02347682	0.003083533	0.0005230015
0.002867524	0.008379975	0.002436212
0.001382011	0.006944559	0.008065131	0.003318284
0.01392934	0.005131612
0.01021445	0.00507343	0.03656155	0.004881823
0.006809418	0.01331445	0.01278381	0.06213446
0.003882978	0.01266224	0.02077019	0.006574165	0.007532412
0.00727209	0.02055525	0.02590367
0.004852539	0.03884477	0.0405379
0.004276083	0.00132072
0.007399102	0.01337979
0.007753913
0.01990322	0.001454051
0.004049149	0.006110403	0.04117791
0.008878998
0.06274037	0.00609188	0.001776635	0.001406741
0.005300382	0.01743818	0.08298873	0.009176125	0.01424226	0.006198869
0.01037603
0.01708253	0.01789887
0.1441401	0.004747709	0.004672146
0.02510775	0.006788371	0.03640939	0.005748427
0.03662948	0.004946487	0.08380271	0.02316013
0.01085537	0.0005852811	0.002850768
0.02670213	0.001021304	0.004667039	0.008265875	0.04054674	0.002856487
0.01618865	0.03549034	0.03876947	0.01030093	0.002342293
0.001405448	0.0454162
0.005461914	0.006917089	0.0289182	0.007759641	0.0008906681	0.0003483363
0.01322655	0.02852294
0.001618132
0.01703784	0.002304258	0.009544582
0.005940374
0.00153869
0.00278977	0.002097397	0.01350988
0.1045426	0.02732721	0.007707418
0.09179615	0.00504476
0.001503448	0.01375689	0.008087226
0.02823257	0.02913435
0.09408421	0.04234805	0.009159302
0.007503827	0.003949728	0.003347761
0.001269016	0.04709707	0.002502877
0.0121181	0.005320449	0.02415971	0.001745627
0.0004067644
0.01274736	0.01287308
0.01081343	0.0246475	0.006096535
0.04730936	0.001631874	0.02279188
0.03278736	0.01221706	0.02818299
0.002224573	0.001255603	0.1435046	0.01315361	0.003487348
0.02035692	0.002329443	0.03062499
0.03444131	0.001683204	0.006367841	0.02208498	0.004020082	0.006372987
0.006789766	0.001887761	0.01944305
0.0286346	0.00177812	0.08982163	0.02944941
0.001727486
0.04382376	0.0004726652	0.006887217
0.006521802
0.003913266	0.003746132	0.0465545
0.008668218	0.004867201	0.01173115
0.07432722
0.005651917	0.00761091	0.005604847	0.01729631	0.0005734818
0.004886766	0.000807389	0.01709648
0.01865862
0.005131898
0.0008569794	0.0008642791	0.002185991
0.03240924	0.01366419	0.02730335
0.01826117	0.005720059	0.02830646
0.00418534	0.00641513	0.00571905	0.001119731
0.0026294
0.0008385333	0.004746753	0.002356295	0.01448508
0.006422526	0.01347354	0.005566613
0.01559905	0.006405666	0.00195338
0.002352755	0.002318017	0.01171489	0.003181071	0.001226083	0.03085012	0.08949487
0.04476182	0.07262396	0.07260304	0.04687505	0.004233801
0.01117979	0.0311183	0.002365895
0.002896606	0.0008041584	0.03891259	0.01405469	0.01157343	0.1978919	0.002501554	0.002258663
0.05555296	0.0006808824	0.001376685
0.04101786	0.01630687	0.01194637	0.001278361	0.006435011	0.006034733
0.01382719	0.03129722
0.002675494	0.007294804	0.02319828	0.004385895
0.02808858	0.006156673	0.005908513
0.02862482	0.01543726	0.006283785	0.0007042387	0.008485132	0.01049766
0.008358411	0.0003777955	0.005538497	0.01082087
0.02890536	0.1196338	0.02712119
0.02965418	0.006586202
0.0237471	0.01352018
0.01977532	0.05471927
0.004519366	0.01720943	0.002559995	0.01157757
0.03799593	0.001384248	0.003173167	0.002642602
0.07032955	0.002448683	0.004575381	0.008986538
0.00425242	0.00346385
0.01169514
0.003649117	0.002799019
0.007524059
0.002261129	0.0008936947	0.03841648	0.01969068
0.01546742	0.01633146	0.004312055	0.01757387
0.007580452	0.07133488
0.03718865	0.03142747	0.002736683
0.006839037	0.0002187267
0.01816131	0.001521155	0.004158253
0.007229146	0.02437696	0.0009380593
0.0003591349	0.01244887
0.01483513	0.01056716
0.07692424	0.001176522	0.01782836
0.0004196945	0.001710814	0.08192099	0.07100221
0.03355518	0.2207846	0.002850829
0.001105344	0.2104415	0.02887869	0.001365916	0.002060148
0.002331199	0.1901707	0.02194835	0.0272827	0.02263728
0.02532663
0.01027125	0.0002345322	0.02937783	0.03192336
0.02240896	0.004312999	0.002633825
0.001554767	0.02418833	0.0269345	0.01342006
0.07837221	0.006193535	0.00460332	0.03427988
0.008967039
0.009460893	0.03202096	0.003906613	0.009963056
0.02767763	0.003593972	0.02757636
0.007502641	0.009685179
0.005915086	0.00734543	0.006704084
0.01262856	0.01325877	0.008502521
0.0007526858	0.00644421	0.007715462
0.01677977	0.001578178
0.01720908	0.002080092	0.01838258
0.002744905
0.004274322	0.006045697	0.02801113	0.005906083
0.008726463	0.002005862
0.003107366	0.006172607	0.005764239	0.002508318	0.01561658
0.0048355	0.01125792	0.02719738	0.04456183	0.0357272
0.004255799	0.003779367	0.01279208	0.001604285
0.03150907	0.002956094	0.01708912	0.002544004
0.07486287	0.001753588
0.002035019	0.00102866	0.02252943	0.0635211
0.002855652	0.005989164	0.01990208
0.01687777	0.002582779	0.01935624
0.01255443
0.006277997	0.01345017	0.008489961
0.03901197
0.0008446521	0.005539594
0.00534284	0.03042318
0.007097256
0.01092442
0.01060714	0.01040168
0.0208858	0.01404882	0.001325055	0.009509322
0.2133065	0.02695534
0.002471586	0.004441553
0.02354008	0.003540268	0.0121487
0.01644971	0.05186831	0.006169246	0.00522696
0.01042395
0.003078405	0.08021336
0.006147072	0.001140663
0.005039422	0.01143947	0.008612183	0.001119608	0.02180234
0.00374189
0.01899171	0.03102243	0.02402193	0.001007471
0.006016081	0.006533158	0.008284669
0.002180709	0.02088911	0.004009119
0.03390887	0.00849565
0.03730156	0.01792235	0.004665849	0.009460951	0.06734343
0.005481985	0.002592941	0.0008679123
0.01109991
0.008024937
0.005497382	0.01043864	0.01288086	0.005910793
0.003491405	0.003437746	0.02118773	0.002398355
0.00656319	0.0484777	0.08745003	0.01247428	0.005947695	0.00507612
0.0148844
0.003477994	0.01700085
0.005260344
0.02390233	0.001627747	0.01209426
0.01462575	0.04964653
0.02932604	0.005602294
0.004951131	0.00239517	0.00136469
0.005792814	0.003420556	0.008912247
0.05606423	0.008310085	0.004484035
0.08598151	0.02020784	0.04307948
0.01116249	0.02646542
0.008803732	0.007254687
0.02478429	0.002313265	0.006348896	0.03837171
0.007248848	0.02649934	0.01143447	0.03133211
0.08487962	0.01033898	0.004012045	0.03291957
0.001609127	0.00988804	0.009284243	0.001203892
0.01050603	0.04637118	0.002252802	0.01681974	0.006101234	0.0155713
0.009395451	0.01167385	0.002719694
0.003769769	0.005841196
0.09303752	0.009652629
0.01421261	0.0009477209
0.00230338	0.002086186
0.005873392
0.02866384	0.01224345
0.003095871	0.01259331	0.002691304	0.003273997
0.01018624	0.01073614
0.07249187
0.00812368	0.02178301	0.06521979	0.006177128	0.004392703	0.01471007
0.0121287	0.003888655	0.03239665	0.04306091
0.02225532
0.009623891	0.008739298
0.02038383	0.004451
0.06837556	0.01066048	0.001739696	0.0087693	0.09588241
0.02042461	0.00241922	0.02734413	0.01529709
0.03375884	0.006703197	0.08277742	0.005621151	0.006660221	0.03345428	0.0008578035	0.01808771
0.01263399	0.004543263	0.02161912	0.001608026
0.0004324255	0.009628067
0.002417997
0.00363921	0.1242385	0.005451963
0.007601846	0.0003485612	0.007815312
0.003914514	0.004275279	0.004994945	0.008897246	0.002157658
0.004831539	0.001887975	0.04918319
0.003009464	0.01242733	0.004107436	0.005245017
0.0163205	0.004550129	0.006762263	0.01354502	0.006572705
0.1319392	0.003420833	0.02741658
0.006890463	0.0004940654
0.04053683	0.01457409
0.03612058
0.002904172	0.03051944	0.01250706	0.004844597	0.005279674
0.006592344	0.009692316	0.003669369
0.00853636	0.101334	0.01885888	0.01854139
0.005594736	0.1498402	0.004550476	0.030505
0.02504607	0.03117399	0.002394105	0.004497277	0.02011159
0.01467725	0.02513288	0.07213034	0.00153646	0.05762631
0.003431363	0.01914992	0.008173718	0.02383072
0.002772203	0.00721012	0.04188812
0.01549325	0.005556686	0.01528104
0.01749406	0.003152436
0.03219442	0.0971975	0.007527363
0.01195528	0.002392216	0.03722179	0.03808669	0.001520755
0.006986279	0.1995708	0.02376165	0.01460433
0.04246453	0.007127175	0.04321688	0.02651016	0.01428645
0.01984553	0.0119168	0.004984385	0.01304218	0.01977789	0.001487481	0.01208597
0.00488396
0.04151355	0.00120983
0.001256899	0.005718006	0.1650257
0.005121679	0.01870739
0.008134579	0.01713061
0.0008461296	0.0178343	0.002090424	0.002775396
0.01284958	0.01322581	0.1231913
0.01069928	0.01563439
0.03003907
0.003892181
0.001019927	0.04403015	0.01354505	0.002579952
0.03669331	0.007546834	0.00779642
0.001387359
0.02808026	0.03583425	0.1436005
0.008810065
0.002655639	0.01454602
0.02402923	0.005499573	0.01286054	0.02205781
0.036234	0.006777711	0.03266563
0.0008482332
0.05981076	0.002415162
0.008740235	0.001419579
0.003192819	0.003793376	0.01906528	0.008553823
0.0009673172	0.009266063	0.003569068
0.006481928	0.001836421	0.002729761	0.01462758	0.0009291712
0.002691884	0.03541219	0.009224904
0.006234315	0.002230112	0.01365769	0.01807688	0.002819606
0.008303936	0.006420177	0.02406557
0.1571628	0.008734041
0.008001365	0.00226783
0.004962771	0.003921318	0.03627321
0.005225877	0.01967863	0.008936782	0.01530487
0.002608206	0.01837876
0.001420081	0.0157512	0.001652637
0.002976974	0.0260517
0.0006084428	0.02597487	0.2049071	0.01227567
0.008799021	0.007999882	0.00673901	0.001260515
0.0164127	0.006369157	0.003071667	0.004756532
0.01779665	0.001380917	0.004880447
0.01060168	0.07612222	0.01002397	0.009854165	0.002013906
0.0387639	0.002826855	0.02108741
0.01203893	0.005177087	0.0186663	0.002483134	0.4707161	0.004940973	0.01099157
0.01136131	0.003088354
0.006615603	0.003939461	0.04105742
0.008100781	0.0150679
0.02070537	0.01333681
0.01165699	0.01132428
0.001262484	0.006567756	0.003281207	0.03611694	0.04166128
0.002373648	0.01642614	0.4125152
0.00243526	0.01474016	0.002989554
0.01284725
0.1395686	0.003518524	0.01082617
0.04972974	0.0353797	0.0055291	0.03470488
0.2966869	0.009600111
0.004264992	0.01149276	0.001734495	0.00707857	0.0335101
0.03615022	0.03981475	0.002956441
0.02372935
0.01149023
0.05190068	0.0065114	0.0009516419
0.9869095	0.001296693	0.009503485	0.01499216
0.01320877	0.072339	0.002195597
0.006476453	0.0008284063	0.0009903327	0.002388053
0.06746325
0.03053402
0.006207216
0.007127783	0.001109425	0.02838901	0.0008968781	0.003253633	0.005934934
0.001154801	0.001626269
0.03387536	0.02875863	0.04367874	0.009344035
0.006554497	0.009078112	0.01366277
0.006165149	0.003304825	0.01359642	0.02218022
0.002719685	0.004391325	0.003492448
0.02615234	0.006051092
0.004912489	0.005467973	0.002820623	0.0008804478	0.004438875	0.01336315	0.001567084
0.0100572	0.005937894	0.001012977	0.02300457	0.001313962
0.01905	0.001340501	0.003172549	0.04417486
0.006201637	0.001405782
0.01239316	0.01424794	0.01887605	0.001589609	0.006233675
0.01464026	0.0214416
0.01810512	0.002539931
0.02496223	0.002962925	0.001226903	0.004667803
0.01030359	0.002434014	0.005499694	0.006566495
0.08005793	0.002539125	0.003438253	0.00186079
0.001202212	0.004523036	0.03387818	0.01545446
0.004068945	0.02853733	0.02216334
0.003614103	0.02573458	0.006526182
0.003504259	0.02058331	0.02513045
0.004004313	0.03090041	0.03970013
0.01359612
0.3087082	0.0003226834	0.01407174
0.02417225	0.03407745	0.01280914
0.004201732	0.00166524
0.003863515	0.001519141	0.00457277
0.06959012	0.03325108	0.02135582	0.09691862
0.0873023	0.0207578	0.006540279
0.00894076	0.002455065
0.006646983
0.004350567	0.004707	0.002947359
0.004271308	0.008898721	0.06252988	0.001234621	0.007692273	0.2130451	0.01902561
0.005962075
0.003035168	0.01257582	0.01315928	0.007400597
0.007486933	0.008304472	0.002365772	0.01724155
0.01443573
0.008715463	0.01714947	0.004755089	0.03886815
0.01006301	0.002434076
0.001248627
0.1187631	0.09021934	0.002022266	0.01206917	0.03940247	0.001351766	0.004576426
0.008157007	0.001562562	0.02090258
0.001798889	0.006608779
0.04460321
0.008546213	0.01793107	0.009926632	0.03470355	0.0004725503
0.01106359	0.0007136188	0.001361363	0.01321727
0.02358666	0.03210775
0.001450009	0.01949333	0.007518601	0.002675023
0.0258135	0.05164421	0.0340261	0.01476285
0.003211499
0.009668325	0.02959549	0.01321391
0.008661852	0.006035548	0.0471143	0.004079572
0.08973864	0.004749029	0.01169854
0.002392571	0.001665689
0.02453607	0.01317313	0.009327914	0.005675548
0.006100796	0.3020173	0.001200636	0.004718599
0.009343479	0.0009070108
0.009164307	0.004069371
0.001422508	0.008372179	0.01407802	0.0134207	0.00430111
0.02239398	0.02128257	0.01160677
0.05096571	0.01252444	0.00048769
0.007674626
0.005571395	0.01495186	0.02439772
0.01587544	0.01939443	0.01993187	0.00222061
0.002044418	0.01925285
0.00458952	0.01388341	0.01146004	0.01522171
0.001033118	0.004676796
0.0215539	0.009693208	0.001471091
0.01041487	0.01035315	0.0471794	0.007722542
0.0314473	0.0002917293	0.02036136
0.0107368	0.00273648	0.0008859955	0.004391458	0.002673042	0.0006700809
0.00270261
0.02974082	0.003251979	0.001626918
0.009282871
0.001193119	0.001113482	0.005847735	0.004404235	0.001216842
0.003921568
0.03317857	0.003580607	0.01566795
0.007943911	0.06962172
0.009135765
0.006652734	0.002142426
0.001268817
0.001388864	0.008538392	0.01917022	0.008725	0.03896399	0.001910521
0.002541933	0.009062382	0.01314993
0.00263882	0.004987509
0.009436296
0.007523708	0.001009638
0.009055683	0.009403346	0.0107516	0.006430563	0.1878414	0.02268746
0.05137276	0.002945043	0.008676238	0.005975837
0.007221046	0.00154729	0.02145302	0.007107023
0.01501684	0.001201726	0.07038877	0.03077385	0.001226905
0.01257225	0.008457812	0.01099512
0.003081338
0.002862596	0.001960789
0.003374063	0.03264806	0.002037868
0.002659774	0.002634944
0.009047133	0.003098701	0.001693263
0.02645017	0.0137146	0.0152954
0.004406389	0.002833795	0.006255734	0.009175533
0.014974	0.00142573
0.02712475	0.002846606	0.01229687	0.05554882
0.0185436	0.007474234	0.01050441
0.002268426	0.007328519	0.009449328
0.006705272
0.002835689	0.002064368	0.05826585	0.004883951
0.004256688	0.001496944
0.01220681	0.2594141	0.006396385
0.08059736	0.008343803
0.001288176	0.001942251
0.001205388	0.01400948	0.004606989	0.007301449
0.008715338	0.02835834	0.01249261
0.02471519	0.04880035
0.05539382	0.00478431
0.004531837	0.01318688	0.0453415	0.04827402	0.1416978
0.009530594
0.006401405	0.01805115
0.0001527728	0.004566002	0.01191567	0.01025506
0.004718846
0.01717149	0.007647724
0.008995005
0.1530708	0.01284058
0.0323436
0.0004163467	0.01892776
0.01341379	0.00813492	0.1077017	0.009777304	0.01070611
0.006672528	0.005029462	0.003520712	0.00315761	0.01481554
0.002734525	0.005500942
0.01424854	0.004588996	0.03566045
0.01090034	0.02949667
0.00923246	0.07251825	0.01351705
0.002856685	0.001278762	0.004802636	0.0003893919	0.005123736
0.03276389	0.007120631
0.004606359	0.02976354
0.0007242771	0.008204019	0.004242052
0.007190552	0.008674456	0.02690149	0.002003844
0.09375352	0.003742347	0.04527331	0.004939894
0.0003564083	0.003196584
0.004700879	0.0009180594	0.006918992
0.003512391	0.004928515	0.01388117	0.0007769811
0.00499098	0.01046881
0.05096513	0.0009169397	0.009692783	0.01339016
0.01021762	0.01472891	0.06521534	0.008598027	0.04326067
0.0165532	0.003523148	0.01564738
0.002495698	0.008741652
0.00626202
0.001539078
0.001940516
0.00344499	0.01628799	0.07053438
0.01231308	0.002328746	0.002545999
0.03726426	0.03663942	0.004173806	0.01144693	0.001369582
0.003681053
0.009547348	0.001313036	0.002900498	0.004078436
0.01227814	0.02056448	0.009213658
0.02156144	0.006141852	0.001064635	0.002850742
0.0242616	0.05277298	0.004622546
0.0004298268	0.0120095	0.01675524
0.002030975	0.007412535
0.008852532	0.008941631
0.008593684	0.07897461	0.003894661
0.02119686	0.01468915
0.0786801	0.01341342	0.008677375	0.01932246	0.01754352	0.004471591	0.1008671
0.003072836	0.02648413	0.09227409
0.07083456	0.004260368	0.01321935
0.03091347	0.002671609	0.02698961	0.01025436	0.03724082
0.002049898	0.01555957	0.002553817	0.009251304	0.0186787
0.01577732	0.01086641	0.06330352	0.005478993
0.00345123	0.007601891	0.004991763	0.003653284
0.00308542	0.01392141
0.008203245	0.0009834151
0.002579632	0.007536624	0.008904351	0.02678699	0.007003114
0.001508709	0.001584905	0.0702833	0.002427823	0.02518393
0.008402985	0.0019248
0.01074552
0.01389975	0.006438769	0.0033747
0.06639702	0.01831559	0.001318087	0.001934835
0.006693671	0.002525479	0.01016537
0.01168974	0.002021536
0.01352249	0.09512561	0.0001317666	0.009837917
0.001645778	0.001277595	0.001146156	0.009542684
0.02833186	0.002605371	0.01327384	0.005053768
0.0071184	0.05518152
0.01290413	0.01050205
0.0128711
0.01002818	0.008841805
0.001066379	0.01051305	0.04689517	0.007616268
0.02090129	0.002530839	0.0003558776	0.001140696	0.003406336
0.0183483	0.02143124	0.02992528	0.009161929
0.01407071
0.0006997404
0.00348769	0.04661248	0.002466494
0.005247906	0.006799909	0.06010568	0.01521985	0.009380892
0.02605999	0.003166885
0.008064209
0.00103632	0.001821255	0.0581698
0.004984833	0.004238709	0.008837322	0.004909413
0.00670376	0.01668474
0.02211042	0.01417449	0.06014344
0.01463065	0.002777495	0.02074989
0.0004445196	0.0004115781	0.2001285	0.002358227	0.0004627268
0.07602323	0.0129047	0.09197548	0.07928861	0.02132624
0.02002689	0.0007416039
0.00852355	0.02199663	0.008307078	0.01040414
0.004386489	0.007210582	0.1495813	0.006085833
0.005835968	0.002082019	0.0006588913
0.02376967	0.003823254	0.01640918
0.0006787537	0.002249288
0.02708104	0.006494416	0.01114075
0.001531502	0.01838493	0.008415535	0.002675303
0.002439682	0.1226312	0.003130686	0.009452975
0.003623513	0.04140218
0.001302591	0.005289385	0.02291004
0.1770593	0.01513026	0.01386588
0.02012695	0.009378617	0.002488646	0.02201349
0.005295326	0.01851491
0.006406476	0.004170625	0.001853135	0.08386352	0.02873518
0.00261896	0.02630447	0.183601	0.0202999	0.01372861
0.02894273	0.005143359	0.002247098	0.001674003
0.08256201	0.0005827359	0.003598235
0.009709845
0.001971958	0.01246515	0.187594
0.005369282
0.01284633	0.002298814
0.0001431569	0.001107643	0.01038581
0.005578699	0.03665918
0.007122425	0.01164817
0.003549153	0.004569168
0.003679596
0.01974061	0.008321304	0.00223704
0.03675887	0.001622387
0.009052971	0.08963351	0.009036205	0.004586415	0.01275957	0.006367424
0.02665334	0.001947374	0.01133854
0.005571122	0.006752974	0.03634878	0.02843225	0.005299339
0.002266919
0.008728548	0.01386796
0.01676148	0.006224168	0.007933257	0.03678084	0.0008605285
0.1491136	0.005314877
0.009991802	0.06025359	0.0325477
0.02270887	0.01127014
0.001714855
0.06322089	0.002788203	0.001975683	0.002618688	0.004824101
0.0002901751
0.01111924
0.04252371	0.0007649624
0.0009020589	0.002118264	0.002143436	0.004783419
0.01860803	0.01607055	0.00515271	0.0007638892	0.00757816	0.008231547
0.03416993	0.004975771	0.001778408	0.006790685
0.004181799	0.001883652	0.05509661
0.006317799	0.003124271	0.004045383
0.001423981	0.01173361	0.01780685	0.007030949
0.01103198
0.001305917	0.01804964
0.02406398	0.01280148
0.05185217	0.008084526	0.002025326	0.05658725	0.0109016
0.0003626815
0.005254834	0.002303186	0.009908063	0.06633758	0.009645884
0.0008545008
0.003404925
0.004709804	0.01458343	0.02778995	0.03367066	0.0005141631
0.003321697	0.00934508
0.03432398	0.00181741	0.02718522
0.02735098	0.0005046946
0.005205343	0.06524366	0.01678771
0.0005191863	0.003163133	0.02795757	0.001804055	0.0007821893
0.01342735	0.01162887	0.03066407	0.007225729
0.00405615	0.002087186	0.01664148	0.002486249
0.02419024	0.01893074
0.03945607	0.01645265
0.03686966	0.02879484	0.007168178
0.006889531
0.009491898	0.01500709	0.009063435	0.003722779
0.04198533	0.003918	0.02185082	0.01994977	0.0005270917
0.007537947
0.04808895	0.01605996	0.006804456	0.001410162
0.01568908	0.0073257	0.002219552	0.03193345	0.0005226641	0.02759324	0.02628103	0.01818313
0.01256426
0.09925166	0.01353674
0.002863043	0.002419091
0.005574235	0.02314663	0.002141544	0.002268147	0.004988928
0.01840196	0.001130841	0.0003857263	0.004968602	0.003177936
0.008666229	0.02044386	0.008080558	0.02305843
0.001010719	0.01628235
0.002800286	0.004644936	0.006300314	0.009757548
0.008123362	0.02333655	0.001196335
0.001166785
0.003348003
0.03738859	0.003923407	0.002688554	0.002917422
0.00505957	0.001496089	0.006294246
0.002939829	0.004416463	0.02697962
0.2179027	0.1136065	0.02069865	0.001542257	0.06496298
0.02040073	0.0002724477	0.02268726
0.004434206	0.01444774
0.001637365	0.007972109	0.001489344
0.01351833	0.003557182
0.009844969	0.125658	0.007096826	0.025594
0.001105679	0.0003665288	0.007842358
0.0496768	0.00419495
0.005088829	0.009699936	0.04356268	0.007513428	0.004838255
0.005303968	0.005024838	0.02603427	0.004750711	0.007922448
0.0269238	0.007633741	0.004156637	0.03558851
0.0311539	0.00765509
0.08029634	0.0213673	0.001113245
0.01103851	0.03687073	0.006461302
0.001256755	0.02036115
0.001445114	0.008889808	0.01699415	0.01476855	0.01227442
0.004941312
0.01500612	8.290325e-05
0.06653635	0.005820993	0.0006747483	0.03739738
0.006718801	0.00511694	0.001887494
0.00902544	0.0009560107
0.01574461	0.02324008	0.007300525
0.006627659	0.003200207	0.02703629
0.007102895	0.02811322
0.003781636	0.001523343	0.03131197
0.003140862	0.01728981	0.009395221	0.002112298
0.028731	0.005526616	0.007825618
0.005411481	0.005898143
0.003038797	0.001300744	0.0239905	0.01511867
0.04347639	0.002250821	0.00253585	0.007303037
0.003936519	0.005302952	0.003304669	0.003217307	0.009382972	0.01821235	0.003334294
0.001576487	0.00482576	0.00454627
0.0140666
0.02106191
0.0004139051	0.003344693	0.02587843	0.002339806
0.0008485096	0.00106607	0.01290779	0.007126933	0.04252048	0.009503609
0.01699995	0.02899253
0.003123592	0.02356847	0.04380182
0.01749678	0.002768978
0.08092678	0.0926459	0.007288068	0.02166542
0.03123451
0.0009148962	0.01090031	0.02091896	0.004507734
0.01035915	0.004652421	0.006374606	0.001118094	0.006193805
0.006493705	0.001825461
0.01975281	0.007177618
0.01304739	0.09861154	0.003873098	0.03572242
0.0009809867	0.009669203
0.01057764	0.03283821	0.008232735
0.02154314	0.005277943
0.02158832	0.009033665	0.01130122
0.09198601	0.002217098	0.005722925
0.1198905	0.008874887	0.01149961	0.002786755
0.0006653145	0.001770609
0.007871469	0.01417532
0.007340296	0.002519667	0.09029361
0.001455901	0.02373769	0.01065369
0.009998415	0.1878098	0.002586376	0.003323535	0.02000565
0.001547289
0.01825764	0.01403899	0.03361572	0.00284061	0.004863108
0.005444265	0.01686352	0.003340242	0.008639706
0.003398454
0.009817116	0.007268789	0.01296163	0.00837098
0.006374723	0.01119932
0.001805137	0.002563554	0.002008901
0.01995097	0.002679453	0.00680968
0.09499344	0.002104759
0.007737806
0.06387872	0.01199725
0.03228293	0.04051771	0.002738155	0.00655575
0.003831324	0.01271681	0.008965238	0.003127645
0.002921731	0.01146897	0.002893623
0.00796709	0.006032469
0.01079037	0.007291486	0.042108
0.007946584	0.005516991	0.0216261	0.009802664	0.003441419
0.0428442	0.002919655
0.01521943	0.01316279	0.008380101	0.01267825
0.04790509	0.008092699	0.05590223
0.001083853	0.009208627	0.01542619	0.03355127	0.020444
0.001929067	0.003115051	0.04042627
0.03714934	0.02910021	0.00252703
0.01165534	0.005415629
0.007234266	0.009347729	0.04277557	0.03278481
0.007071836
0.001520591	0.005329362
0.009690626
0.00269192	0.007546186	0.007713421
0.06180845	0.002004637	0.005392857
0.01296873	0.04964134	0.008782502	0.06132148	0.00812691
0.006101104
0.006447298	0.001242874	0.0202029
0.02518534	0.03216597	0.01929106
0.006859875	0.01696134	0.02489915	0.001757719
0.005690334
0.007859262	0.007441648	0.1045867
0.006530614
0.04721556	0.001115541
0.008939347	0.01362492	0.01851434
0.002453573	0.01002459	0.002937436	0.003364724	0.01408874
0.01682417	0.002160117	0.009913194	0.0007937632
0.0002628482	0.03777186	0.0001851908	0.01060162
0.01195878
0.007179603	0.001204315
0.01311205	0.003558499
0.002640546	0.001459886	0.02165202
0.004635066	0.008614478	0.001694145	0.004323971
0.003070288	0.007613801	0.0124388	0.02350023	0.01326072
0.02550642	0.03067268	0.001226842	0.1630833	0.005372003	0.03247626
0.0009989569	0.01500065	0.00400203
0.06300431	0.0007766753	0.01256141
0.003345426	0.004361124	0.4395142
0.003951692	0.002453955	0.01924786	0.009896944	0.07005128	0.001205728
0.004725098	0.01353012	0.01264622
0.004054519
0.003031253	0.01500651	0.00906039
0.004500229	0.03110109
0.006779649	0.03562411	0.005739871
0.007208483	0.005869454	0.004732752	0.04817377
0.04466585	0.006184319
0.02918277	0.0204824	0.002926383
0.0009008338	0.00908321
0.009383779	0.0005356819	0.002033496
0.001400401	0.005225497	0.004569119
0.02122263	0.002554165	0.001741761	0.01995363	0.003360882	0.001841822
0.008926324	0.006659389	0.0006992795
0.006126501	0.01830474
0.03833162	0.003925995
0.0004287263	0.05529156	0.006007984
0.01480722
0.2478315	0.003369664	0.04432705
0.01123582	0.002880965	0.001022626
0.02647494	0.001839304
0.04216099	0.02466882
0.0009314367	0.01201204	0.01564025	0.0123371
0.00457571
0.01745294	0.003440233	0.01659688
0.01786909	0.0225385
0.005807328	0.01162645	0.01173639	0.4167447
0.2133853	0.01201408	0.003557385	0.01846932	0.002069802	0.03665257
0.04140835	0.02441253	0.009549439	0.001809963
0.00295313	0.004334685	0.002207302
0.002324899
0.01613993	0.007737338	0.00180511
0.0353911	0.009120706	0.1182541	0.0005880113	0.07324275
0.02761101	0.0133215	0.01275697	0.003684283
0.002381174
0.002980247	0.008978466
0.02231807
0.001156435	0.0005594562
0.001816584	0.01582721	0.1541515
0.01298986	0.01145726
0.004277122	0.01157739	0.06844632
0.004520321	0.01437381
0.0004985098	0.005110282	0.05404584	0.09097501	0.02600917	0.3233101
0.01110889	0.005772236
0.02694299	0.006974585
0.000803734	0.01426018
0.01137444	0.006217558	0.03567286	0.0006434014
0.001544847	0.006499727
0.001824632	0.02287215
0.005388405	0.004493603
0.004076036	0.006610801	0.005120917
0.001836289	0.003945713
0.0004310793	0.02081801	0.002413629	0.007389541	0.0009517727	0.05181739	0.003708346
0.05189992	0.009377281	0.05451749	0.02401533
0.006550875	0.003541699
0.007519835	0.004161795
0.007340542
0.01134372	0.002281804	0.0201816
0.006699028
0.04926476
0.01823534	0.1547897	0.01550985	0.002498514
0.02053923	0.009615926
0.004828874	0.002016385	0.1161743	0.01634075	0.02236454
0.00772898	0.0009807652
0.08055198	0.04291053	0.001254686
0.02222729	0.002404829	0.004832688
0.001711364
0.00140284	0.001062949
0.00182081	0.01024949	0.003398084
0.06162355	0.01181608	0.01358045
0.00436129	0.0408598	0.005613924	0.05244313
0.004273339	0.01412053
0.01268867	0.07256946	0.0007998399
0.01495352	0.001868742	0.01189345	0.02328942	0.06355612	0.002484683
0.003662525
0.02198072	0.004249026	0.02661975	0.0116259	0.01599118	0.01098337
0.001000396	0.07724865
0.1451617	0.01171412	0.009502564
0.002141371	0.002502883
0.02912821	0.004262128
0.008776483
0.01474476	0.02861809	0.006379993	0.001002362
0.003006471	0.0482603	0.002833403	0.04404941
0.03062349	0.003610664	0.0049029
0.02113148	0.01236953	0.01153704	0.008809287
0.0118538	0.01107923	0.005032715	0.001805475
0.001284519	0.001148489	0.005244286
0.004167894	0.018209	0.0004154277	0.01865656	0.01825867
0.03383556	0.0009971989	0.07925207	0.05770323
0.04741694	0.0006618513	0.01044727	0.06422236
0.007052037	0.009024113	0.005397861	0.01060611
0.05842566	0.02347156	0.0008993471
0.001321804
0.002488851	0.001573452
0.02455234	0.02657043	0.002249924
0.005400722	0.1034093
0.01682776	0.006583261
0.00398889	0.04255328	0.1014657	0.001456434	0.001585615
0.0005832829	0.007466233	0.003892904
0.01499812	0.02537999
0.0005608275	0.004839563	0.005971644
0.02115913	0.02374735	0.007278395
0.01892107	0.00419981	0.002256402	0.00382816	0.006831535
0.002018852	0.009963346
0.01322411	0.003017522	0.001346074
0.0006606482	0.008849759
0.002145773	0.007392659	0.004117445
0.04653185	0.001959776	0.05633665
0.03951478	0.009714578	0.00103304	0.002672513
