MassExtinctionTimes
16.67327	9.816114
15.89777	1.708985
2.508375	2.107979	16.78825	17.51587
18.46095	3.949274	4.860027
18.5994	11.31156	3.613815
11.07215
9.899449	15.98449
7.748024
18.40075
18.87214	4.039743
14.82777
18.12421	17.28839	0.4905842
18.32942	15.07684
15.25873	16.69839
18.96511
16.10723	14.69432
0.2279338
18.34749	8.617484	9.134389
10.7812	9.882757
13.80896
0.822542
16.07366	18.39674
17.79041	3.910091

4.380997	10.52108
10.92447	15.74398
19.49578	4.112684	8.346438	18.11008
18.23177	16.52743	9.226687
9.832097
11.65031	18.66067	4.058105	17.64189
10.81439	18.41179
17.20313
10.52174	13.65587
12.19609
17.98105
17.29948
18.51039	17.78644
9.895956
4.829664
17.10152
15.52678	17.51205	9.699879
16.37772	18.05161	1.54048
17.17472	0.4269821

14.52765
17.23479

13.92119	15.41596
5.548843

0.1794517	17.31448


18.27683
0.2142073	9.889371
15.99403	13.44772	11.66558	10.43087
15.71404	17.23916	16.56813
3.320258
18.9867	17.1171	9.646613
10.62562	16.61541
18.26914	9.690387	17.20851
18.4885	6.257334
18.34344	0.03814438	10.00946
16.71146	17.44558
14.22419	16.67965	2.543667	16.69547	12.53374
14.13947	17.69471	18.41778
14.76771	15.58117	18.84848
18.42315
16.84364
16.36626	17.17223
17.99353


13.37004
17.31783	8.602715	18.43802
16.94823	14.70254	7.587508
19.07104	17.81817	15.5551	11.13903
15.22424	18.51528
1.974615
0.3683551	17.09647	4.957652	8.815776	9.40554
8.763801
15.01202
18.25271	4.250205	9.847319
18.28456
6.352392	17.04362
16.98781
8.073329	14.82056	0.05050292
8.940546	8.024126


3.402836	17.55051	16.92973	17.08351
15.17017
16.92956
15.11126	18.32109	10.0518
17.95113	19.07009	10.18495
14.52447	11.60923	4.887602	3.907236
15.01905	16.67955	9.229807
16.11739	17.00326
15.61483	15.36053	0.8352053
16.99772	17.58334	18.84757
16.55964
9.442791
16.5989
16.83009	8.386402
13.77272
10.36422
1.998374	17.37305	18.47404	8.689743
13.78124
14.68584
16.29139
9.27143	17.75806	3.139438	11.89352
11.14385	16.8363	18.16274
18.13405	11.36971
1.926199	11.91517	0.3776013	9.40487
16.02667
11.88865	15.94878
14.62541	6.693609

17.89974	12.5102
6.80571
18.65926
18.20354	10.16235
9.032758

18.36054	10.20528
16.2973

14.72625	17.06587	11.17831	15.08917

17.81718

17.78177
18.18412
18.33503	14.20828
15.32226
7.740728
17.71117	15.03963

18.48213	8.898501
18.22759
18.68647	7.187432	17.83198
18.38162	19.2536	9.317436	11.3234
7.597326	18.4269
15.76923
16.97046	10.89787
8.687936
9.714853	12.85867
18.22943	11.92512	1.786018
14.00577	6.102847
17.78206
5.271223	18.70797
15.32214
9.637199	0.1096841	15.25996
19.57866
3.314998


15.18224	17.77087
19.01185	17.35293	8.869973
13.08524

17.10795	7.729158	7.166667
0.248959
18.42291
11.30919	2.851953	17.16896
17.33374	18.42149	5.817883
17.05579	17.79174	11.04247
11.52146	18.41855	16.13378
18.48287	18.46187	0.5889204
3.450719	16.98703
13.74027
1.232788	9.631151	15.66219	1.936124
6.180694

2.923934
18.17011	9.748936
3.924332
18.48945	14.06154	15.66667
18.49715	18.4757	12.17324
18.08975	18.92498
19.64105	17.89284	17.49226	6.306635	1.564807
17.74863	17.51782	8.992735	6.633642	10.93566
16.87035	15.18963
17.9834
14.3225
16.48752
1.832089
12.147	0.9171313
15.78109	18.08344	11.08416
4.049608	11.39151
18.40857	11.8707
16.91606	18.15336	15.48095
18.42001	17.94932	2.877871
14.62488
17.02968	1.455556
17.00524	2.205633	15.0176
14.21101	17.9013
13.47661	18.97059

15.83125
0.7200756
18.65414	17.01894	11.30353

17.57621	1.785255
14.51273	12.7996

17.37747
7.219504	17.58068


15.02541	1.322398
9.964977	14.18883	16.80792	10.10239	2.96692
17.42355	17.84401	18.90078
18.29804	8.105322	16.54145	18.02672
17.32557	18.06669	11.88313	15.09603	9.007311	3.606334
0.1244061	17.23332	18.42482	3.997882
17.106	12.28757	18.42619	9.881266
14.80221	18.40102	11.77373	17.81041
11.61498	10.97436	18.53357	16.74635	18.42741	4.985916
16.11681	16.12172	10.53638
18.40906	11.68582
15.65686	7.778025	18.35498	1.746743	19.38368	6.989853
16.9067	16.26886	12.21852
17.93911	18.10596	9.968396	3.569381
18.08241	8.886889	15.12844	16.63517	12.52627
15.56047	5.032023	2.158764
18.31066	11.24746	12.15612	14.30789
11.81234	18.92639

7.566145	14.99654
15.77919
15.96425	17.8483
14.26998	18.31479
19.23505	7.078522
17.79734
16.60846	9.664728	1.88897	15.59212

15.39657	11.77465
17.25623
17.62886	6.777587	4.93476	16.03162	11.65107
13.55733	15.38869	15.47361
17.92969	10.47119	6.813403	12.48883
15.61416	16.65225	8.393236
18.41897
16.98286	18.30596
17.32412	17.30827	11.51724	11.31306	17.30177
19.00896	16.66809	11.75093
9.074859	18.61589
8.693157
0.2192176
0.5124942
18.09264	9.855267
17.75649	1.132305
18.51781
17.14345	10.432
17.29178	12.64362
13.2213	18.00292
17.82199	18.15585	17.77649
13.71781	17.92158	12.62551
6.827302
18.84291
9.51527	1.477648
18.2903	9.993397
12.10001	7.33139
18.16266	1.829779	19.072	0.1260525
18.62697
17.75715	16.13984
11.03004	13.94283

18.21676	12.73386
17.6573	11.03074

18.17797	10.07088
17.26009	17.13315
18.2988	9.482225
16.81367	3.519922
18.38811	15.22185	10.75319	8.609869
18.47934	0.4416576
19.44882	4.292671
11.83515
14.07487
18.47398	6.874824
18.84529	1.242742	16.98369

10.96706	0.2488092	17.63527
15.35674	11.43415
13.49971	16.99346
12.16405
17.87493	17.2079	0.5312522
7.668336
17.50297

14.47034	18.45219	15.05834	16.87223	8.458067	11.20071
16.73789	11.32372	17.93874	3.946798
18.348	11.22332

7.771153	11.36102
9.850137
9.713347	15.78115	14.40637
19.58536	16.44605	7.28878
18.43965	17.19085	0.6488257



9.688765	6.861762
13.39557

5.761129
2.798251	15.83873
15.18245
3.61248	12.33727
10.33324
4.446023
18.67606	8.570921
18.1228	8.869516	10.6383
17.99157	10.24358
17.23713	13.67467
15.72099	17.8157	16.33657
12.63463	15.26577	18.39908	0.5330869	17.13848
18.1	12.68097	16.10038

18.09505
17.07615	5.732572	16.54113
11.75353	17.03686
17.17394	15.05653
16.18064	16.60917	9.500164	13.99735
17.7688

9.767548	17.82939
5.468713	18.06702	2.320189	10.87031
17.77207	4.733082
11.44564
13.57475	5.655183	7.908224	14.43929
18.39681	3.279891
14.5691	9.041261	18.25364
7.027308	18.61662
6.187957
18.25266	14.28423
18.30613	16.62228	0.6615276
18.42709	11.27547
16.74906
11.60576	17.75862
17.99499
12.54585
18.481	17.06418	7.398515	17.99783
18.65896	15.70453	13.81204	14.0557
18.33014	11.5843
17.25362
18.4862
12.55289	3.411996
17.61962
16.15638
18.20684	11.56809
15.87726
17.8044
15.48058

17.16264
18.29903	11.92869
15.44985
18.28359	12.42158
14.81102
17.86431
14.53545	18.25202	4.668767	18.4023
10.15706	19.01677	17.22877
9.696533	18.32982	9.438844	1.6249
17.96094	8.614533
18.20999
2.541144
10.61649
13.35243
17.64998	17.63785
15.396	18.49214	4.341694	9.264657	16.60338
14.67186	18.25641	15.14092	5.28118
7.365313	14.37215	1.830867	16.74993

18.25397	9.27363
15.81143
17.07966	14.79967
18.21462	4.343707	13.03882

17.60593	1.410055	8.844066	0.0492485
9.881621
17.46613	4.075763	6.537961	14.30751
9.213793	7.517153	0.6281589	18.27472	0.4220384
18.33867	3.588507
18.11772
17.29127	7.620626	8.18226
17.7699	1.709332
17.14464	0.107144	14.74374
16.29377	0.5834401
18.10582
12.62288	18.29123	18.01371	17.65685
18.15874	10.9962	17.90527
10.97977	17.14298
18.89353
18.35141	15.01034	16.30714	6.808982
11.26265

18.28855	7.89245	17.08727	0.1821563
2.214864
3.911299	15.54619
16.8191	16.99293
13.99209
15.37747	8.428656
18.05074	16.07469
12.69041	15.21535


1.101409	17.63126
15.64582	18.19244	18.69838	1.613922
16.93204
0.6715548
0.4526256	18.80525	8.776339
15.63734
18.11025
18.65972	17.91893	3.574285
18.64573	17.17878
14.68817
18.97686	8.526908

18.46395	16.63437
18.45916	12.33246
15.62019
18.28756	14.58192
15.25739	16.92814
18.01851	3.611518
8.966824	15.7175	8.979897
18.51998	11.4206	3.744233	11.7637	17.05125
16.08012
18.96643
3.77323

8.687515	17.75841	16.48788
18.24352	9.563758	15.74052	15.02455
8.924208
18.20284	17.82575	0.03028842
18.45178	13.74155
17.28586	15.10697
18.01445	16.52516	17.67571
16.92449	18.45743	15.67551
17.96092	16.39478	2.143374
16.84553	9.766673
4.859669	17.00076
11.84349	18.45401	18.0141
17.37936	1.185378	9.978623
17.66923	18.36018
16.60008
1.735779	18.32745
18.44639	16.42823
18.44821	16.36427
5.306544	18.21433
18.29662	17.28383	7.711047


11.53724
17.35191	7.666164
14.88546	14.5788
12.40141
18.91088
15.13838
18.06861	14.64302
8.887932	2.975004
17.37844
14.60797
17.31588	18.36765
18.97593
15.39428	15.15826
13.87287	18.15369
17.16351	19.2707	6.586761	6.493519
15.43076
16.50939	11.90082
16.13666

18.4815	11.00555
13.32341
14.54185	9.990125

0.7621338
12.55346	16.88788
0.4199389
16.50098	19.36355
18.32306	18.0419	9.867194	3.787987
11.42289
6.09444	15.4637	1.234227
9.645632	16.87812

16.83447	13.32637
18.21273	6.991812
18.27683	10.57811	4.704668	13.28608
9.643999	11.68775
16.4543	16.32618
15.68852	18.22634	17.35508	9.844223
17.04196	17.19068
17.31896

15.80795	13.90879	9.628874
18.40195	15.41693	15.52009
6.980581	16.17917
17.28433	15.94464	9.238976	1.759289
8.830784	1.845127

15.01602
18.43478	12.59637	17.37565
15.5229
17.72213	18.61824	10.77272

19.10214	12.43406	11.51599
16.5173	8.135865
15.39571	9.731726
17.64481
17.64153	2.957262	9.637436
15.22044	19.59945
17.56512	15.76671	11.33027	14.00917
18.39207	9.773041	17.46764

16.72671	14.8409	9.584816
17.21768	15.42072	11.65812
18.81378	15.33682
14.96389
14.96503	18.08186
17.27642
7.181214
11.72587
15.39153
16.96245	18.43622	7.944151	15.44442	10.55625
18.39893	4.608047	9.737311	13.82433
16.82648	14.47589	2.179745
17.82991	18.29121
18.47178	15.76232	8.599687	14.27751
15.3853

18.75132	1.7486
18.02974
18.1746	6.347129
18.26728
15.00872	9.913453
17.19106	16.45728	12.40887	11.6859
16.57204	17.19527
16.97119	9.293633

18.47872	8.079249	15.50566	0.5782514	13.66096
17.8013	11.76413	16.85843	18.27771
11.33658	15.44126	1.752004
19.28753	15.74197
18.3847	15.43448	11.60989	11.17068
18.38509	16.47095	9.531899	15.35626	2.12806
15.66818	18.60202	7.867831	18.17806

13.11753
18.26222	12.3351
8.851252

15.13138	17.53262

15.64727	17.73012
18.40034	15.56755
18.24063
15.49289	18.33276	15.19654
18.44713	18.43513	2.808304	9.959865	2.965236	7.955206	17.78221
18.49149
17.92803



5.053539	18.07925
18.46565
17.05307
3.843397	16.4958

16.22664
18.12453	11.39799	13.96045
15.97136	18.49645	9.160215	9.341713
18.38223	16.84743	15.3587
18.42579	8.799844	17.31992	17.16212	9.409841	13.41387	19.51186
18.48126	12.29971	18.80913

15.97309
19.06701	7.828976	3.4964
1.207564	18.42623
18.4785	8.629479
5.564776	18.9613
1.651975

9.56242	19.24257	10.41416
12.73448	17.22175	1.767686

17.3548

18.95443
17.58018	10.34303
8.113018
11.06103
18.00257	0.1130645
18.00201	14.4686
13.97619	2.666173
16.84694	6.814572	4.117193
7.495082	16.12784	3.693248	2.710879
17.57602	9.883994
19.65793
14.79482
16.10953	17.86661	0.7625067
18.18361
10.2023
17.49409

17.28152	15.49864	12.87111	17.84584
15.85945	17.89351
18.22983	19.03091	9.974473	18.18067
16.91484	8.18318	17.47932
15.33448	18.41318
16.51969	18.56815
16.39836	18.45591
17.2315	11.55697
19.26563	18.23823	13.72245
17.77776	18.18215
7.60541	15.50665
15.96918
16.28108
15.09751
18.37827
16.83064	18.02786	11.82183
17.3465
18.92657
18.9291	0.08941113	18.12354
14.09856
0.2382927	7.591306	17.44392
12.85882
17.87016
18.37189
13.19341	16.19615
16.81323	11.14251
18.15078	0.5772252
19.03887
16.06332	18.35541	6.545317

9.729052	17.13149	17.77708
9.197379

3.882152
11.10831	10.4664


15.24728	11.55681	16.98092	1.012023	3.260253
18.20676	9.524481
18.75687	16.18672
12.58638	14.68422
17.11462
12.6231
19.08251	11.74917

17.73352	19.06472	10.30639	17.44717
17.28341	12.58326	10.58365
18.53062
18.03762	19.00969
18.17638	19.15982
16.79084	18.90262
18.2227
15.7183	15.71579
17.2969	1.009765	9.603866	10.62361	16.51564
18.41374	7.130611	8.631851	17.282	13.86642
17.04753	16.1704	17.3005
7.591145	0.9831257
15.22181	16.84833
9.175077	18.34463	17.21163	13.17285	3.760886
18.99654
18.28226	16.16316	18.00252	11.4632	9.888365
8.473774
19.03684
17.19549
18.43045	7.725986	7.979159	15.57723
11.20651
6.313075
1.702795
6.908485	19.29555	11.23493

18.30767	10.3526	17.22221
17.91341	13.70703	15.74915	8.053184
17.62674	16.22339	8.120648	13.26579
10.06273
19.55436	9.45977	13.36248

11.11351	0.1211413
17.29451
3.652911	11.10496
9.291574
18.07442	16.85763
16.69397	7.953412
15.64476	9.742267
3.281501	4.13398

8.345766	15.59428


6.291152
15.72897	18.57432
17.99745	15.28333
17.35033	17.09415
18.26344	10.14021
10.9597
16.48898
9.030385	16.59993
18.90796
12.48482	18.2818	11.45304
0.6947586	18.38494	4.950397
9.702882	16.4774
18.32893	9.608117	16.3182
16.25198
17.35779	12.01512
0.6488627

11.67019
4.282089

6.994007
10.93416	8.097926	16.98119
18.43768	8.49295	2.833017
8.540837


6.762852
15.79376	18.43806	19.84272
0.2918173	9.510305
18.16259	16.46075	11.81001

8.598974	0.1682684	3.107562
18.22397	13.20102	12.74427	17.06114	13.35643
17.15701	10.52469
18.40352	16.19556
13.27048	17.21503	16.80676	14.96694

14.55625	15.74166
18.28939	16.81606
18.42859	15.79581
15.52473
18.23584	13.05807	13.63926	18.93609
11.63084
18.30823	1.666069	14.545
17.94033	9.228275	9.569117	13.56852
10.83491	18.3799	16.42448	13.26853
14.43178	12.80347
14.93041
16.79516	0.4319222	15.16061
17.1001
14.94596
15.59648
12.32605

15.45943	18.25569
18.2861
18.32932	13.2816
15.09625	7.77254	18.14472
16.48147	17.4278



15.69644
9.216245	16.73755	10.60798
18.44921	15.67699	3.905037
18.29186
11.72354
11.13822	18.46964

8.402551	16.97069
17.68448	0.5115938	14.63478
15.6789
17.0155


17.61775	1.288804
18.28692	0.439886
15.73569
14.50661
18.23403	11.43473
17.82896
18.50137


17.3987	7.894166
3.330918
12.87519

15.37146	14.55927
9.980788	7.836944	17.26076
5.971704
17.3019	11.58424	16.3877
14.91215


1.872438
14.60875	18.39557
16.92137
17.68112	9.94936	15.79101	17.9532	0.2479823
11.58312	17.16009
18.31126	2.546231
2.78237
5.630425
15.86227	18.30264
11.62117
18.31572	7.796779	9.904747
18.35773	19.34657
10.39703	18.42096	17.52629
17.25624	17.04507	1.800554	14.86931	4.351577	16.71817
18.44364	14.58647	7.806662	14.17227	16.68511
14.51991
18.53684
11.559

10.78535

17.92207	4.557858
8.024398	16.99842
14.44095	10.09286
18.42668	19.09399	12.65266	2.297192
16.88356	12.77178	9.031696
7.126429
18.35635	3.525556
16.46065	11.96238	0.9590959
10.26647	14.50456	3.029406


16.44168	0.6037213	8.399844	6.395284
17.06284	12.81171
8.663137	15.06624	15.49395	0.5554405

13.8083
11.14625
18.0243	0.855708	15.00312
15.38701
18.90728
18.42567	8.607949	16.44963
18.38117	17.28924	17.7892
18.1592
14.09091	0.4534684
12.92908	18.41671
15.52969	15.14555
15.42219	13.46669	4.216774	10.22362
15.72495

12.53599


6.061225
19.28616	10.329	16.03253
18.46415
2.906649
6.913757
14.80477


16.48663	18.03208	6.533076
13.13715	18.14165	16.59521

18.44588
9.842515
15.18668	0.2972995
17.75594
9.424964	17.3342
14.99512
11.56402
17.3949	14.75255	15.42105	9.764371
18.37274
18.45293	3.724734

8.104122
19.0694	3.222325
17.76315	12.55988
5.483383
19.22341	18.00078

16.37947
18.68039	1.766407	11.62758
16.24578	8.524061
17.10722	11.5712
18.83129	8.461585
18.23468	17.73145	17.32122
13.02421	16.6698
17.01193	2.895564
4.020777
6.769145
11.80363	2.688203

18.32081
11.64558
17.26338	8.775298	14.84686
3.397832	14.88241

14.97446
14.58632	16.50193
17.08515	18.30331	17.12031	14.99108
18.92528	8.232833	14.9038
9.944947

6.576083
16.15092	14.43825	9.338217

14.37276	0.5969818
17.19771
18.49758
18.2686
18.45302	16.42778	17.08761	8.859826
16.30391	18.28912
18.51895	14.78444
16.75974	1.58994
17.95507	15.72405	19.29659
14.93066	10.94568
1.554908	7.831265
7.827718

18.89746	11.7662
17.1059
17.0882	14.01682	18.99886	18.41219	0.3734772
16.59378
16.90055
13.99033

15.10382	3.066408	7.915217
9.56066
18.21392	9.681667

17.72381	16.56943
13.8852	8.91685
18.36815	1.344221	8.857946
13.56043
18.31967	11.70879
17.45893
18.31848	15.25507	4.063332
17.99453	11.84256
18.61008
5.654981	15.42724
