SpeciationRates
0.2516776	0.005270701	0.3545191	0.2056055	0.2282372	0.1712891
0.2067504	0.005141769	0.4625139	0.2404213	0.2891172	0.1553059	0.1233662
0.3017219	0.04883691	0.4298727	0.1841357	0.1591882
0.2667449	0.05059087	0.3789435	0.1732481	0.1930525	0.2812745
0.2584049	0.02532519	0.3451639	0.1329117	0.1630823	0.1620259
0.1556735	0.01419215	0.3786473	0.1341534	0.08695524
0.2484467	0.02290135	0.3254607	0.1775206	0.09823061
0.1546056	0.02380974	0.1197061	0.3690171	0.1463122
0.1675951	0.02354291	0.1588373	0.3532997	0.09688006	0.2744994	0.1962343	0.1838948
0.2232504	0.006829865	0.378452	0.1201992	0.06935881	0.1906468	0.2559437	0.1699549	0.1612291
0.217036	0.033547	0.3311525	0.1552628	0.1309685
0.1830796	0.02981199	0.4116061	0.1656079	0.2371841	0.1426824
0.4017806	0.08215065
0.3257149	0.0381868	0.3924217	0.1169463	0.2148462
0.2302283	0.09650746	0.3363353	0.178642	0.1011769
0.2127797	0.1237883	0.3363353	0.1143235
0.2269168	0.08150856	0.3363353	0.09470203
0.2481313	0.05028658	0.3852511	0.191147	0.209425
0.2126381	0.013309	0.3858983	0.1271152	0.1456332
0.2308536	0.01294005	0.3762997	0.1744159	0.1609108	0.2057065
0.06995012	0.07473025	0.3880896	0.1637356
0.168073	0.005938926	0.3431785	0.1724871	0.1157458
0.08910689	0.02338683	0.3431785	0.1567921	0.155029	0.1688567
0.121505	0.03878206	0.4049766	0.1888615	0.09885702
0.2285348	0.01132538	0.3842605	0.1624951	0.1019671	0.3143542	0.1774617
0.2990355	0.03280863	0.1625502	0.339076
0.311184	0.01394233	0.3551758	0.1691129	0.1803589	0.2611887
0.1801667	0.04915391	0.1600051	0.3177303	0.209628	0.1559211	0.2450954
0.2493423	0.02871273	0.1752521	0.3767408	0.1013938
0.2174766	0.01616181	0.4186035	0.1941637	0.1545053	0.2872471	0.1944315
0.1703591	0.01081412	0.3430305	0.2087805	0.1494392
0.1327565	0.01439326	0.3842775	0.08562313	0.2345713	0.1933693	0.243618
0.1810838	0.02267695	0.329171	0.1796508
0.3234057	0.08206159	0.3632819	0.1734335	0.1400052
0.1497938	0.01438589	0.3709554	0.1735058
0.2305616	0.03848465	0.3804846	0.1753665
0.1410071	0.0001982182	0.3620144	0.1992033	0.2838532	0.1430054	0.2442734
0.08578499	9.61916e-05	0.4531878	0.2101022	0.1548862	0.1193503	0.2204165	0.1493981
0.2373666	7.207266e-06	0.3919621	0.196644	0.1517381	0.07421692
0.1685151	2.186902e-05	0.3666969	0.174903	0.4018468
0.2345719	0.004851935	0.3026448	0.2089308
0.260152	0.01973732	0.3983926	0.1985998	0.1057586
0.05093828	0.006945488	0.3469761	0.199419	0.2479124
0.255382	0.0247949	0.3400315	0.124749	0.08818251	0.09788306
0.2548893	0.01290292	0.371353	0.1673141	0.1023154
0.156804	0.02891779	0.4960027	0.1998321	0.2334323	0.06124744
0.09071845	0.01648489	0.3705706	0.1829914
0.2840275	0.02252231	0.3444826	0.2118715	0.1829731
0.2220313	0.01799719	0.3867862	0.1172562	0.1254163	0.03093705
0.07925169	0.02212381	0.3485959	0.1333479
0.1394994	0.356546	0.0494794	0.1499306
0.1708835	0.4352195	0.001909693	0.1546161	0.1389111	0.1216873	0.1138781	0.3043143
0.1793423	0.2875419	0.05850273	0.1399075	0.04905267
0.1249821	0.3118591	0.03717026	0.1890199	0.1952957
0.2302006	0.02569901	0.3817744	0.1763703	0.1754422	0.2161282	0.07671557
0.2908682	0.006214604	0.3399974	0.1758124	0.2117569	0.1709623	0.06311619	0.1082445
0.1598977	0.03985122	0.4300491	0.1088739	0.2425422	0.1716031	0.2932054	0.2055585	0.3421557	0.2482125
0.07319622	0.008708261	0.3393529	0.156866
0.2670993	0.388143	0.1691567	0.02230457	0.2117898
0.1939584	0.3244659	0.01359216	0.2008041	0.2216842	0.2151756
0.2345172	0.3227935	0.01146629	0.1456414	0.1487918	0.206823
0.2879868	0.5015774	0.01503677	0.1319908	0.1364429	0.2051194
0.2217901	0.01628609	0.3161363	0.2577834	0.2052282	0.2564693	0.1558876
0.3591825	0.02410046	0.1532671	0.3554942
0.3264507	0.07759488	0.2539207
0.3270838	0.09789357	0.3440644	0.2368408	0.2702475	0.1844746
0.2096944	0.1002812	0.3712096	0.2023721	0.213392	0.1177305
0.1117694	0.123214	0.3188387	0.1905325	0.09106707
0.1655131	0.01118791	0.344673	0.1163875	0.2238659
0.2336918	0.001257026	0.3981111	0.18414	0.123561
0.05756615	0.0300672	0.350445	0.1552808	0.171713	0.2322419	0.2255214
0.2356735	0.03979408	0.350445	0.1579528	0.1174431	0.1585405	0.1321268
0.2108799	0.120543	0.3645667	0.09623208
0.1400406	0.1245467	0.2974278	0.06458165	0.1990027	0.07744653
0.2479661	0.1347544	0.347651	0.02263783	0.179509	0.2325894	0.1755194
0.2318235	0.162841	0.3504082	0.01486809	0.1151456	0.1755883
0.3163274	0.1197313
0.1221412	0.169936	0.01717956	0.3134682	0.216585
0.1209378	0.1598768	0.008566763	0.4388554	0.2465211	0.1547525	0.1368286
0.3333759	0.2152856	0.01379368	0.3740587	0.2543303	0.03630101
0.1459228	0.03048053	0.3972612	0.2006511	0.1059154
0.2480972	0.003443547	0.3289107	0.1827031	0.1471346
0.2653929	0.006661077	0.1655283	0.3147128	0.1666718	0.1981985
0.2287437	0.03740815	0.3424846	0.1884245	0.157475
0.1846941	0.01793834	0.4300163	0.2121719	0.141484
0.1519114	0.02379423	0.3438789	0.2221548	0.2034166	0.1423789
0.2629831	0.01408416	0.3973122	0.1803164	0.09899994
0.2088688	0.08043666	0.3462663	0.1160141	0.2008586	0.1912543	0.1330654	0.2566184
0.2071824	0.05796705	0.3952291	0.155185	0.1162746	0.0619912
0.211956	0.3558259	0.005408313	0.3270606	0.1530639	0.123721	0.1087284
0.2970492	0.3482407	0.01663743	0.1585076	0.2558721	0.233475
0.1287073	0.3126025	0.03188343	0.1479629	0.1604345
0.16324	0.4762067	0.01251015	0.1945854
0.1594473	0.371135	0.02483751	0.2159408	0.1758299	0.3107815
0.3575229	0.3841527	0.01049197	0.1430347	0.2281306	0.1874518	0.1180691
0.3084351	0.3999107	0.02398671	0.213143
0.2998178	0.3336138	0.004312062	0.193978	0.1714438	0.3826855	0.2125891	0.1633946
0.1699125	0.446903	0.006097657	0.1200924	0.1833045	0.1673939	0.09706697	0.2440036
0.1416847	0.3663822	0.0004743545	0.1345139	0.249438
0.2020687	0.4095813	0.003611652	0.2340774	0.2090803	0.179105
0.2346842	0.3519573	0.01620523	0.2129773	0.1161041	0.2602819	0.1579114
0.2048553	0.3791794	0.003760339	0.1521307	0.1014797	0.254028
0.2254439	0.347865	0.03595133	0.1872435
0.1896967	0.299654	0.1198774	0.1829948	0.3302482
0.1455106	0.09013538	0.3834299	0.1211842	0.1487004
0.2107942	0.2967026	0.1062706	0.1430904	0.206398
0.2022648	0.382055	0.08974781	0.2360994	0.1982875	0.1651486
0.1848501	0.4410061	0.09832698	0.16834
0.1870502	0.2820704	0.1469065	0.04959564	0.1663271	0.3873285	0.114813
0.1990664	0.204241	0.03188659	0.3634859	0.156996
0.2763271	0.1423088	0.04181972	0.4195328	0.1294532	0.1278945	0.168962
0.2913516	0.01129242	0.363528	0.1707444	0.1142447	0.1916782
0.1553642	0.009275573	0.4399017	0.2078001	0.2246008	0.1852074
0.2236775	0.04072307	0.4388237	0.1542882	0.08991415
0.2597804	0.05188975	0.4335201	0.1087669	0.09400686	0.1906676
0.1523973	0.05994785	0.43681	0.1565415
0.3359243	0.3387309	0.1665185	0.04290586	0.2413744	0.230007
0.06004667	0.4654769	0.01498244	0.1749428	0.1302906	0.2791449	0.3040383
0.1766799	0.03961354	0.3730264	0.1766855
0.1887248	0.03163072	0.3666873	0.1225213	0.07394966	0.2400304	0.1244947	0.1059194
0.1000774	0.001368472	0.4213265	0.1719301
0.1825605	0.00338575	0.3528867	0.1120182	0.2374919	0.1017393	0.2411327
0.1935729	0.01736481	0.3996876	0.1922007	0.1183032	0.1077004
0.07478208	0.0555814	0.3966579	0.1065167	0.2220999	0.03166972
0.1918731	0.3249114	0.119948	0.1676095
0.3258421	0.09331094	0.4254844	0.1229493
0.1145682	0.2973958	0.09888012
0.1871495	0.3574445	0.08461683	0.09506099	0.2226574
0.1439413	0.4023824	0.01674303	0.1544908	0.1223979	0.07390826
0.1536185	0.3083241	0.03104232	0.1655434	0.3182012
0.1195503	0.4033357	0.1433069	0.1232979
0.1548678	0.425003	0.07623441	0.09074458	0.1415273	0.1759266
0.2785521	0.07986996	0.08946656	0.3666959	0.2061254
0.1667026	0.09754873	0.3034765	0.1636299	0.1507756	0.3279401
0.1625182	0.1327238	0.3791056	0.2096456	0.06163517
0.2715102	0.05716676	0.3349727	0.0576697	0.1241618	0.1297724	0.2200576
0.1950899	0.001765866	0.3524821	0.1891321	0.1455647
0.1292953	0.01307019	0.3712112	0.1961791	0.06117685	0.2450051
0.1747529	0.06379545	0.157742	0.4222722	0.213605
0.1325213	0.04129437	0.3017158	0.1840436	0.3466525
0.1836503	0.005879782	0.3621856	0.1936563	0.213261
0.2075999	0.007595062	0.1694857	0.3418044	0.1689235
0.2763195	0.01392969	0.3393178	0.1745193	0.1140975
0.2215611	0.003082698	0.3741956	0.1891414	0.1557104
0.2252269	0.0155629	0.371068	0.1311686	0.1072353
0.1850606	0.004588598	0.3604327	0.1477186	0.1337716	0.1561493
0.25741	0.01597956	0.427871	0.1277038	0.1708875
0.3186267	0.006326957	0.3747171	0.1795422	0.2530323
0.1389007	0.006401617	0.3939665	0.2504556	0.1895768	0.1301316	0.1044478
0.1237996	0.04200451	0.3451276	0.1455927	0.1269224	0.205846
0.1595998	0.01651575	0.3671127	0.3158973	0.1496118	0.2052519
0.1810076	0.04199275	0.4071831	0.1500926	0.1214974
0.2185595	0.01326856	0.4192068	0.2000516	0.1084465	0.1163497	0.2883029
0.1162265	0.007497109	0.4165537	0.1147748	0.1814095
0.2531623	0.01828829	0.3766099	0.1982887	0.09201183	0.305954	0.1417568
0.09883191	0.00256887	0.1578305	0.3014485
0.1499156	0.05016308	0.3003649	0.4697054	0.1311934	0.2200587	0.07989567
0.271629	0.04403613	0.4320951	0.2157873	0.1551019
0.1005716	0.01530442	0.3115767	0.1537072	0.08035384	0.2797053	0.3109181
0.1310741	0.005147424	0.4124371	0.1316587	0.2258974	0.1583359
0.134992	0.0007981318	0.3948485	0.1314135
0.210781	5.956366e-05	0.2762011	0.1109395	0.2253847	0.1648866
0.1287585	0.0004772015	0.2664416
0.1447333	0.02122349	0.4002245	0.1409102	0.1292304	0.1383267	0.1173855
0.1985869	8.228663e-05	0.3473525	0.158113	0.1827475
0.2851283	0.009616258	0.3726056	0.1910526	0.06822037
0.1922984	0.02019127	0.3671064	0.1326413	0.2465554
0.2764386	0.01098312	0.1281703	0.2748806
0.1839705	0.002622533	0.4142552	0.1725843
0.1915476	0.0127222	0.4128803	0.1199285	0.07658796
0.2430029	0.09034108	0.3449162	0.1766695	0.1226223	0.2613195	0.3160867
0.2953866	0.1030554	0.3402819	0.1288965	0.1566759	0.04471087	0.08986299
0.2611117	0.1137046	0.3434807	0.1532309	0.0228228	0.2383627
0.2395373	0.1459023	0.02650266	0.4757486	0.06963595
0.1429072	0.1390043	0.01316194	0.3843631	0.07578331	0.2907839
0.2852602	0.1215391	0.001810436	0.3340866	0.1781104
0.2789668	0.1217294	0.008514543	0.3340866	0.1667706
0.2085471	0.01971986	0.1839142	0.3722145
0.2628855	0.02782633	0.3428028	0.2262725	0.1637602
0.2910724	0.01658047	0.1374997	0.3004827	0.09553092	0.2543795
0.1897152	0.003919343	0.3323147	0.2002674
0.09050742	0.004624219	0.09359836	0.3175237	0.2349704
0.1453627	0.00293907	0.3743798	0.1734965
0.222286	0.001830106	0.1700406	0.1337765	0.161166	0.3398222
0.2240931	0.02245908	0.4054665	0.1631709	0.2673126	0.2140777	0.198781	0.2796662
0.1624571	0.01845073	0.4495496	0.1446797
0.2132603	0.01788268	0.3544661	0.1398829	0.08635498
0.2400662	0.01894524	0.4330224	0.1537799	0.1193603
0.1430667	0.01819218	0.4108356	0.1872583	0.1684129
0.1410116	0.007347613	0.3726577	0.1172136	0.1591274
0.1970309	0.008856631	0.4326614	0.2186255	0.1560701
0.1353823	0.006554558	0.4676751	0.1941502	0.2804443
0.1644708	0.01052123	0.163957	0.3369052
0.1213341	0.006871875	0.3712398	0.1756887	0.203186	0.142532	0.222648	0.262487	0.2305884
0.1494399	0.02825591	0.3309758	0.1475041
0.3233001	0.004370211	0.3898627	0.1709381	0.2137455
0.2083421	0.003645484	0.3504257	0.161683	0.2544272	0.2248211
0.2018968	0.07617508	0.3671826	0.1389912	0.1445317
0.22908	0.00120786	0.3421263	0.1538237	0.1323656	0.1041106
0.1036403	0.02427693	0.4692583	0.220305	0.1384021
0.2147059	0.008274767	0.3588183	0.2033949	0.09765845	0.1160039
0.2568575	0.000412405	0.3206176	0.1447659
0.1861027	0.01899018	0.3691057	0.1667515	0.114325
0.1729354	0.005816743	0.2988189	0.1804728	0.1458029	0.3007002
0.2801319	0.00787709	0.1601007	0.4079264	0.1748465	0.1618496	0.279566	0.09231421	0.1243455
0.1406203	0.006837337	0.3985663	0.08752681	0.1783206	0.1400782
0.1391575	0.04135674	0.3767178	0.1332708
0.211774	0.01380746	0.3737402	0.1951165	0.1592239	0.2040891
0.2044088	0.002618243	0.1442569	0.07495519	0.4159697
0.07251222	0.03492557	0.1499869	0.3151811	0.143121
0.1555276	0.0163187	0.3889565	0.1391415
0.2928786	0.01221969	0.3889565	0.1624829	0.1511238	0.3343458
0.1803719	0.003120563	0.1548317	0.3073924
0.2797253	0.006365592	0.1686519	0.3302395
0.3808277	0.03135848	0.16812
0.3102081	0.1140105
0.3205934	0.007889885	0.1116837
0.3604977	0.03549783	0.1451957
0.3946241	0.07484452
0.3765642	0.0647935
0.3303422	0.09893369
0.367118	0.08171325
0.3259562	0.09939925
0.2611516	0.09219138	0.3760551	0.2290285	0.1633091
0.3409905	0.1105352	0.2716433
0.3021184	0.1192483	0.1994401
0.3535167	0.08103564
0.3156897	0.1508821	0.4293097	0.07765127	0.06338923	0.1511875	0.1390502
0.1656275	0.4054371	0.007435772	0.2761667	0.1767552	0.1088872
0.2023489	0.3248113	0.00772519	0.1554111	0.1427468	0.1850727	0.2617372
0.1621534	0.3940853	0.007998594	0.1858491	0.2320868
0.2288243	0.3940853	0.004338017	0.1226406	0.1250221
0.1572096	0.4547433	0.0008237099	0.3581215	0.2350375	0.2065364	0.1814621	0.2786765	0.1607933
0.2308917	0.3837717	0.05771653	0.1340643	0.162608	0.2534044	0.2983444
0.1632405	0.02727405	0.1296572	0.2998709
0.1436319	0.0008738237	0.3274476	0.156883	0.2814827	0.232189	0.214916
0.08611349	0.01510388	0.3897108	0.1488978	0.1346164
0.2736441	0.005949432	0.3675629	0.1954734	0.1110049
0.2816113	0.05778561	0.393737	0.1874269	0.1059755	0.169478	0.1916902	0.1296937
0.3244537	0.05306882	0.2170925
0.2841124	0.008511825	0.2353938
0.3558319	0.005446194	0.227807	0.1300829
0.3277839	0.01272269	0.2154313
0.3142599	0.01007246	0.08694857	0.2871359
0.2178363	0.002330909	0.1466644	0.3409123	0.1561563	0.09620382
0.3158088	0.01704963	0.3708004	0.2213537	0.2410233
0.2698825	0.005045106	0.1240209	0.3000272	0.09984922	0.2851674
0.2810155	0.03522665	0.2096918	0.3639719	0.1702611
0.1428761	0.05004712	0.1912911	0.409053
0.1299192	0.04898537	0.3605081	0.1594365	0.102386
0.1015276	0.03117923	0.3605081	0.173171
0.3264662	0.005863913	0.3662188	0.1663627	0.1496286	0.3467561	0.2052386
0.1348972	0.004793349	0.159231	0.2928796
0.1910672	0.06162994	0.3692781	0.1557893	0.2612579	0.1259768	0.2231613
0.1377374	0.0504934	0.4175263	0.2380793
0.1919992	0.01609995	0.413616	0.1522759	0.2042907	0.199535	0.2394481
0.1946567	0.007372691	0.3551099	0.1900516	0.1356846
0.2589099	0.004256062	0.3310928	0.2139708	0.1622536
0.1739546	0.01600376	0.3789	0.1093446	0.1763267
0.2963878	0.004472423	0.374474	0.2145202	0.2310843	0.220497	0.05731816
0.1595134	0.008600903	0.3741378	0.2157548	0.1723492
0.2419597	0.03410295	0.2793141	0.1234631	0.09567771	0.152051	0.1845334
0.2224874	0.01070597	0.2961106	0.1645074	0.3788102	0.1613349	0.2194276
0.2535866	0.01569603	0.5456694	0.2067184	0.276518	0.05727745	0.09640229	0.1220145
0.2157334	0.04301624	0.3284861	0.173335	0.4161955	0.1512344
0.1164974	0.02598418	0.1695108	0.3321032
0.1839256	0.01379648	0.3075309	0.1420207	0.2271668
0.2012997	0.03350536	0.2737597	0.1045276	0.1701136	0.16281	0.1377467
0.1249064	0.05134192	0.2347277	0.1757074	0.1073524	0.05661297
0.2062544	0.003569405	0.1843344	0.3786766	0.199996	0.2610746
0.2298201	0.005154226	0.132663	0.37581	0.3810979	0.1741663	0.1513896
0.04585219	0.01535887	0.3771712	0.1292801	0.1135748	0.1166138	0.1129161
0.2144707	0.303079	0.08934379	0.1770318
0.1834394	0.3398539	0.1441346	0.1908655
0.2948171	0.4101367	0.1572202	0.04093666	0.0664247	0.2093789
0.188659	0.00348152	0.2329315	0.4473496	0.1040379	0.1696873
0.2730125	0.04373684	0.1993107	0.3557729	0.313001
0.1744965	0.005288582	0.1524421	0.415911	0.1710269
0.2519617	0.02069801	0.1825242	0.3525413	0.1417653
0.2295827	0.0005854629	0.3075746	0.099169	0.1200962	0.2225347	0.09773316
0.1678762	0.00235799	0.1596663	0.3547664	0.1387432
0.1841209	0.00143645	0.3943807	0.1820114	0.2575784	0.2318813
0.06375249	0.03226202	0.41784	0.1453942	0.1236436
0.2583977	0.00272809	0.3682623	0.2119493	0.1230638
0.1978999	0.003319037	0.4269561	0.1946609	0.1551984
0.2141593	0.005506403	0.3345856	0.2131004	0.1737208	0.1610577	0.2182265
0.2197934	0.02818009	0.4943854	0.2310134
0.1510213	0.05485919	0.3690108	0.1832061
0.17403	0.0005306515	0.3229847	0.1521144	0.2409667	0.1470809
0.09716182	0.006952048	0.3658024	0.177099
0.1675167	0.02119691	0.3870987	0.137848	0.1717843
0.1720108	0.02160895	0.3465475	0.1373976	0.1418482	0.1258695	0.1482492
0.3756632	0.005957584	0.1209446
0.226937	0.002141348	0.1842995	0.3186542
0.1969052	0.08046208	0.3512621	0.139825	0.1957955
0.08112696	0.09318098	0.4689411
0.06158101	0.1054416	0.3157852	0.09573514	0.2312737
0.111448	0.3749371	0.08090949
0.2661266	0.3333528	0.1062724
0.2330524	0.4354617	0.1182326	0.2662027	0.202359
0.2490906	0.08785208	0.4293419	0.1633329
0.1216134	0.1678224	0.3587571	0.01782529	0.06657739
0.1940571	0.1488049	0.3799096	0.001951164	0.07528486	0.2073582
0.1129285	0.369989	0.06550097	0.1616837	0.2842149
0.2223762	0.2870224	0.02140866	0.1342145	0.1499851	0.2090592
0.1969031	0.4150076	0.01311738	0.2186689	0.1213727	0.151202
0.2834434	0.3207598	0.0565404	0.1891712	0.2804534	0.06391062	0.1602137
0.1105872	0.2742798	0.005295601
0.1594031	0.4041827	0.02674753	0.1520647	0.2808145
0.1814882	0.3761249	0.0020452	0.193466	0.1770031	0.2277193
0.168795	0.3087009	0.0130716	0.1954866
0.0933488	0.03811061	0.3812679	0.181166	0.08125486
0.1028204	0.04922691	0.4381092	0.1922485	0.04217377	0.2105583	0.2224581	0.3140023	0.1892538	0.2906165
0.1387733	0.002974229	0.376961	0.1168092	0.1858656	0.1105637	0.255432	0.1853012
0.2032054	0.0003994369	0.3903535	0.1924603	0.2088602	0.1424454
0.1711219	0.0059656	0.4873931	0.1421601
0.3423249	0.00482735	0.3846503	0.1454499	0.1619238	0.1447868
0.2802542	0.1126505
0.357472	0.0322535
0.3212923	0.1117523
0.3324838	0.09274025	0.2832092	0.1100062	0.3038753	0.3100887	0.3079582	0.1146323
0.1002028	0.1054334	0.3961168	0.1792575	0.2336732
0.2653789	0.1907737	0.4015634	0.07415298	0.09664073	0.1825339	0.2101476
0.3691956	0.4455197	0.01782972	0.1339332	0.1435574
0.234509	0.4146546	0.001824827	0.2058661	0.1906607
0.2527009	0.2887843	0.0218368	0.1245281	0.2007887
0.1245445	0.3531136	0.01561601	0.1600761
0.09912552	0.3988336	0.03694177	0.1386911
0.2475714	0.02694356	0.1214075	0.3395679	0.142768	0.0956525
0.3052151	0.0008219624	0.3395679	0.1675125	0.1337448
0.2000117	0.002458592	0.3954999	0.1474325
0.2617121	0.006426174	0.3626212	0.1535427	0.1089424	0.2730298
0.2765487	0.0008335171	0.392663	0.1479672	0.1656924
0.1628146	0.0004979405	0.4167581	0.1681932
0.2597964	0.0003816541	0.4405267	0.1395068
0.102564	0.01031707	0.3223458	0.155577
0.110016	0.03777261	0.4184362	0.1432079
0.3062168	0.479307	0.1154757	0.1721969
0.1433625	0.3624452	0.1200319	0.2398093
0.2017595	0.1418385	0.312742	0.1531576
0.1410292	0.09665876	0.4029279	0.2331803
0.1409465	0.3657222	0.1207135	0.1575872	0.1663552
0.2441956	0.4579833	0.1240355
0.2172352	0.3529073	0.07274127	0.1807136	0.1283017
0.3188731	0.1157882
0.313087	0.09461243
0.1707372	0.0246553	0.186467	0.1867123	0.1356798	0.2917876
0.2086802	0.005548678	0.1572254	0.4007956	0.1317201
0.1645766	0.06799036	0.2464299	0.3877614	0.1600774	0.1688957	0.1078087	0.1562411
0.1881327	0.1110938	0.3943246	0.2289183	0.1969108	0.2102092
0.1265536	0.02530666	0.3217811	0.1406756	0.08353648
0.260672	0.02012144	0.3652929	0.1687144	0.1579319
0.1567215	0.01455197	0.4082124	0.1456165	0.1069741
0.09078621	0.007171427	0.3483229	0.1783479
0.1312071	0.008723994	0.334904	0.1847629	0.2473439
0.1045228	0.01505024	0.337247	0.1031267	0.1815135	0.1870597	0.2178336	0.1182489
0.1446389	0.002379117	0.39928	0.2141372	0.0682612
0.2246005	0.0007134637	0.3005546	0.1585021
0.1822569	0.007694973	0.3744687	0.1697727	0.1596061
0.2362743	0.02178498	0.4478531	0.1320273	0.1458227	0.2903947
0.1191583	0.3775494	0.1959958	0.02129457	0.2011408	0.1156999	0.1527558	0.1677539
0.2672942	0.3285948	0.1638274	0.04275565	0.1149451
0.1948411	0.3309418	0.09870784	0.1382259
0.3176094	0.3662632	0.08671497	0.1854178
0.3032747	0.3513691	0.09069164	0.1948475
0.2747716	0.3287633	0.08266825	0.1245438	0.09543471	0.1843667	0.1519216
0.1980615	0.3132278	0.06092739	0.1051479	0.2510843
0.1809338	0.3351689	0.07176237	0.1760337
0.1190509	0.3114205	0.06877167	0.07870975	0.215248
0.1866875	0.353064	0.1321895	0.1208151	0.1524659
0.09063169	0.3570168	0.1309173	0.1377534
0.1760194	0.440666	0.02256164	0.2173248	0.1666518
0.3780073	0.002510117	0.1196154
0.3087579	0.002615305	0.1193419	0.1471631
0.376099	0.01355546	0.1283752
0.1644236	0.03994632	0.113838	0.3488097	0.1380247
0.2918697	0.1372169	0.3148729	0.1308675
0.1544005	0.1008209	0.3129328	0.124586	0.3280038	0.1047048
0.23956	0.07402073	0.33761	0.1653065	0.1788856
0.2839875	0.1261966	0.3613728	0.1470736
0.1367303	0.1578921	0.3845135	0.02404234
0.2811033	0.1372304	0.3393696	0.04607317	0.1103314	0.1985692
0.08931892	0.3502795	0.1164397	0.119981
0.2351196	0.3438057	0.08610156	0.2179785
0.1993514	0.3390412	0.07335509	0.1300604	0.2211305
0.2015519	0.3923933	0.1071088	0.07395374
0.1987469	0.2996131	0.1003166	0.09404704
0.1263137	0.4339372	0.08939897	0.2248277
0.1221915	0.3483341	0.1043711	0.2002502	0.2920375	0.1513591
0.2303138	0.3124628	0.0820283	0.1661569	0.2660643	0.09185901
0.2461355	0.1047799	0.3913326	0.0911763
0.1731816	0.1045041	0.3935077	0.2268004	0.1099825
0.275646	0.1323883	0.277806	0.2466766	0.189736
0.2589961	0.1019468	0.355383	0.2223344	0.1594731
0.258057	0.09575484	0.2904584	0.117605	0.2462468
0.1423652	0.1248153	0.3129904	0.1949473
0.2639504	0.08620831	0.3610171	0.2248023
0.1827712	0.1343706	0.3405154	0.1417357	0.1925792	0.1244581
0.2449995	0.1130179	0.3705305	0.06687212
0.2266749	0.1126415	0.2862694	0.1135307
0.2455985	0.1175591	0.4224514	0.0920699	0.1176545	0.1818003
0.2716616	0.1455773	0.3280707	0.07416368	0.304784	0.1607587	0.1210516
0.1530591	0.08788703	0.3329014	0.1548004
0.1040143	0.1005153	0.2222466	0.343367
0.2682523	0.1044866	0.2914712	0.1758442	0.2832303	0.2895128	0.3451597
0.2049456	0.1871105	0.3740086	0.01972792	0.1939952	0.1208081
0.2505533	0.04043097	0.1378084	0.1698385	0.3600594	0.1981256
0.1760325	0.01614464	0.1705911	0.3468855	0.1839688	0.1437191	0.07472353
0.07206784	0.004260707	0.1549265	0.3226912
0.1688033	0.02246441	0.150027	0.3432177	0.1708538
0.27145	0.02389337	0.3765959	0.1659132	0.2012395	0.1839333
0.1825332	0.0180245	0.1420799	0.3751358	0.2530228	0.1715066
0.1729505	0.04277925	0.1150505	0.3706813	0.07993922	0.2188594	0.0878927	0.1419349
0.2488	0.01213737	0.1599468	0.3680659	0.1317897	0.1746278	0.1783962	0.1528828
0.195087	0.03420699	0.3894885	0.1812692
0.1376966	0.0007745953	0.1961181	0.335076	0.2592064
0.2782995	0.02810759	0.1540693	0.3944664	0.2026371
0.2155342	0.01328628	0.1778577	0.3633662	0.2414415
0.2279994	0.005043368	0.216474	0.307582
0.2357288	0.06053512	0.2780862	0.02432986	0.1302418
0.3196403	0.01455118	0.4644724	0.1569468	0.06914306
0.2558093	0.0243658	0.3560364	0.1768906	0.1742553	0.1153221
0.2287516	0.02664271	0.3270513	0.200558	0.137274	0.2739985	0.1357106
0.2216122	0.01044495	0.4258646	0.216005	0.1436075	0.1475222	0.1908878
0.1362457	0.03150051	0.4270401	0.1411343
0.1841406	0.03893355	0.3874628	0.198451	0.1600781
0.2185277	0.08647025	0.3828722	0.2140158	0.0751795	0.1191517	0.09812689	0.1115605
0.2196223	0.0004329939	0.3881698	0.1185797	0.3164774	0.30063	0.1198692
0.3265094	0.002145547	0.1317925
0.08106815	0.02771654	0.4013803	0.1540074	0.0852315	0.2592136
0.2100611	0.01135643	0.438056	0.194393
0.2237466	0.02811001	0.3509403	0.1066106	0.1711983	0.1555696
0.04658434	0.02515772	0.1648662	0.4576161
0.243476	0.09316292	0.3022139	0.1797137	0.2014501
0.2227306	0.1428797	0.3369155
0.199241	0.1225433	0.3060205	0.09473777	0.2117889
0.1678128	0.1054907	0.3341184	0.0916981	0.2377097
0.2232482	0.08410799	0.2973014	0.2337595	0.07352301
0.2273228	0.08157298	0.4046038	0.115341
0.1138625	0.3356166	0.1296256	0.082508
0.3334215	0.07882846
0.3711721	0.1239399
0.2144538	0.1015018	0.4281732	0.1661569
0.1560941	0.08085276	0.3481297	0.1339966	0.07245461
0.2172932	0.3175206	0.09988708	0.3647398	0.2943486
0.1485495	0.07315637	0.4071611	0.1877529	0.1847749	0.08697369
0.2979887	0.1000416	0.4071611	0.1186834
0.2855153	0.09870011	0.3714833	0.1515851	0.1422101	0.20578
0.3183454	0.1259576	0.374901	0.2285742	0.2432523	0.1306587	0.06107698	0.1343858
0.2542735	0.1630037	0.3471561	0.05591424	0.316965	0.1350401
0.1648358	0.3502947	0.003670295	0.1542676	0.1482302	0.1975182
0.2161929	0.3668616	0.001440832	0.07305205	0.1774487	0.1361187
0.2548128	0.0008762724	0.1538674	0.431026	0.2015251
0.1102711	0.007676204	0.1592915	0.3446196	0.1607323	0.125725	0.2809156
0.09367083	0.005032338	0.1298567	0.3676382
0.1473717	0.00418672	0.3709355	0.1359798	0.1965411	0.1155298	0.1377046	0.2365109	0.1988087
0.162304	0.03012317	0.400226	0.1559233	0.1304258	0.07288543	0.1696151
0.1825171	0.01328217	0.3950665	0.149258	0.2702284	0.1338711	0.2397557	0.1206323	0.1550925
0.150077	0.008226353	0.4158379	0.1363463	0.1398374
0.1439282	0.004670613	0.3459676	0.1377519
0.1424315	0.01651258	0.3701415	0.1780224	0.147573	0.1708964
0.1888645	0.03726764	0.419884	0.1709499	0.09337273
0.2634286	0.3497882	0.08895096	0.09074644
0.212831	0.3601679	0.08385566	0.1455313	0.1996225
0.2118988	0.4036955	0.01110506	0.1978836	0.1486835	0.1893821	0.1277743	0.07394858
0.2177735	0.4372438	0.04285621	0.1662284
0.1458693	0.3769155	0.04204937	0.1716363	0.1185192
0.2007593	0.3880198	0.002371439	0.1597784	0.2863616	0.2592847	0.09442256	0.2521221	0.2126833
0.2046761	0.4012647	0.01401735	0.1516256
0.1399883	0.4294913	0.0003932003	0.1779786	0.2918973
0.1425029	0.386961	0.03156602	0.1649026	0.2279941	0.09270538
0.2325663	0.3110346	0.005250001	0.1423575	0.1366496	0.2283101	0.2198344	0.1994332
0.1348631	0.01845851	0.3771234	0.1380852	0.1466909	0.1250694
0.3841042	0.0168385	0.3837808	0.1879172	0.1006413	0.08871788	0.220392
0.2179354	0.02908076	0.3348958	0.1008525	0.1539942
0.1561154	0.01843823	0.3498579	0.2249293
0.2632921	0.3568331	0.161849	0.1135904	0.1696644	0.05447911
0.1798672	0.3022009	0.167434	0.004729438	0.09001555
0.1721568	0.3275044	0.1210007	0.01775978	0.2272611	0.07807892
0.1659908	0.4033337	0.008029326	0.1971844	0.1708403
0.2582476	0.4388079	0.01154671	0.166745
0.1880932	0.4085446	0.01659431	0.1707841
0.1791515	0.01751145	0.1770655	0.3344254	0.2298177
0.2607051	0.01952044	0.3526332	0.1013075	0.1818321	0.3020161
0.1518445	0.003217027	0.3739637	0.1886977
0.1281342	0.04389801	0.3395164	0.1425494	0.1346273	0.162507	0.3100731
0.2156098	0.01674372	0.3875349	0.05507684	0.1961164	0.1091812
0.2392491	0.002003651	0.315247	0.1151227
0.211631	0.00947208	0.3117069	0.2405421	0.1221252	0.04722127	0.2261147
0.09949496	0.01297418	0.4223813	0.2015846	0.2668072	0.1538513
0.2239792	0.0573612	0.3885701	0.1550211	0.01977422
0.1277711	0.006306825	0.417788	0.1410097	0.2021568	0.1617659
0.246665	0.05227946	0.4091071	0.1655359
0.166347	0.1712939	0.4090502	0.005140488
0.1486757	0.1265008	0.3627707	0.01650593
0.1108365	0.1959585	0.4070756	0.04479219
0.2543549	0.1713515	0.3872366	0.02412119	0.1361479	0.08029592
0.1348893	0.1440655	0.3577589	0.02534044	0.2172741	0.2189789
0.23513	0.4596589	0.01437103	0.1550051	0.1104558
0.2480501	0.356298	0.04152388	0.1239283	0.2156912
0.1324838	0.3871244	0.02351269	0.1420547	0.1631706
0.1665033	0.4303701	0.009484781	0.1546675	0.05211406
0.1669972	0.4240729	0.02183141	0.1352886	0.2187985	0.09741009	0.2627223	0.06099885
0.2005913	0.3555858	0.01285843	0.1605443	0.2221982
0.09455161	0.02435823	0.1631803	0.3899908	0.08865368	0.2975513	0.05109755	0.2208924
0.1866108	0.009290661	0.2020255	0.3926917	0.158124
0.2444195	0.01103962	0.1834647	0.3926917	0.08259662	0.2026819
0.1936503	0.01508295	0.3366172	0.1654149
0.1781352	0.03763758	0.3366172	0.1473565	0.190171	0.3300088
0.2474806	0.0260021	0.126197	0.3520707	0.2188134	0.1064975
0.140151	0.06325979	0.4749146	0.1386717	0.03727828
0.3331763	0.007382565	0.3750325	0.1844966	0.1099056	0.1520674	0.125156	0.1885444	0.1840126
0.1938827	0.006653923	0.4196787	0.2622001	0.1201121	0.2080895
0.2310079	0.0001839962	0.3812457	0.1397429
0.2885645	0.000838565	0.4018067	0.2317424	0.1532922	0.2169035	0.1427383
0.1429743	0.01110198	0.4173322	0.1543499	0.2123121	0.2424091
0.2315305	0.01376977	0.350386	0.2008279	0.2125002	0.2447367	0.2162699
0.1622696	0.003392684	0.4163177	0.1615324
0.2238052	0.02544356	0.3892359	0.1664563
0.2426567	0.06499816	0.3800687	0.1801336	0.09658709
0.2447977	0.009637587	0.3800687	0.1650864	0.2502554
0.1425197	0.02003175	0.4115147	0.2031339
0.1038948	0.03688974	0.1698178	0.3263199
0.2122299	0.02459495	0.1831512	0.3679607	0.1666439	0.1051514	0.1203402
0.1279514	0.05683585	0.2968722	0.1088833
0.3653536	0.001502766	0.1080234	0.1152285
0.3112776	0.0008703845	0.1582181	0.2704905
0.2619419	0.007207191	0.2320956	0.1420256	0.1145214
0.355498	0.005922886	0.3037587	0.167766	0.2352276	0.137388
0.2303624	0.002637394	0.1680392	0.3559392
0.2743814	0.0007094683	0.3955011	0.211838	0.1554877
0.1886082	0.001781193	0.1495115	0.2864895	0.07407579
0.120763	0.01287137	0.1444304	0.3672976
0.2534573	0.03783853	0.100831	0.1755815	0.3643131	0.0781881	0.09332544
0.3320757	0.07833246	0.307699	0.1134836	0.1213926
0.1299604	0.1503095	0.3349435	0.06515792	0.170363
0.2593347	0.1005169	0.3609974	0.1702805	0.2564111	0.1289383
0.2658	0.1097771	0.4045537
0.08067935	0.1188733	0.3941659	0.2122348	0.09126712	0.2098559	0.1904616
0.2031733	0.04155166	0.3046081	0.2472847
0.05799877	0.01149603	0.3585457	0.1171823
0.2964167	0.08327611	0.1863181
0.3219424	0.07157623	0.1440839
0.270624	0.09702348
0.3378492	0.1636307
0.3722491	0.1296141
0.2472932	0.08586982	0.3433123
0.2535794	0.07630291	0.4165558	0.2103733
0.1183972	0.0888978	0.350806
0.1697305	0.07436498	0.284387	0.1679158	0.1840717
0.1297505	0.09231529	0.3151639	0.1129972
0.2168845	0.1020708	0.4826285	0.09890004
0.1534196	0.119959	0.4514286	0.006373397	0.3068072	0.08561005	0.04666634
0.2079245	0.4264183	0.01025916	0.1891075	0.1745271	0.1229805	0.06249359
0.2462413	0.4138563	0.0001852488	0.1366074	0.1561116	0.2757869	0.09595987
0.2034282	0.3491159	0.007087724	0.1906653
0.2077959	0.3466493	0.007602057	0.06566782	0.1335467	0.1731696
0.1620419	0.3343887	0.03019568	0.1326785
0.2491744	0.3329993	0.05258985	0.1655749	0.2234573	0.1834103	0.3835403	0.2305119
0.3453197	0.01499636	0.1445916
0.1831538	0.004282281	0.2646952	0.1412705	0.07382555	0.1816896
0.1955632	0.05711909	0.4431413	0.1492174
0.2895258	0.0177519	0.4304318	0.1874467	0.0985271	0.1399538
0.08126236	0.05228212	0.3408126	0.1503558	0.178137
0.2073009	0.01294931	0.3994883	0.2224904	0.115604	0.08946914
0.1700382	0.002522936	0.3911291	0.2100541	0.1802044	0.1576217
0.1764288	0.006481023	0.3323669	0.1929307	0.1165609
0.2466053	0.03059733	0.3315569	0.1359531	0.1651808	0.1457639	0.1731226
0.1489258	0.01545136	0.3866831	0.1230542	0.1530682	0.2436919	0.2084097
0.107405	0.4320151	0.1410542	0.1833598
0.1928507	0.394755	0.1359574	0.03935856	0.1832902	0.1371685
0.2593364	0.01822461	0.3619419	0.121517	0.2035824
0.2539587	0.009980476	0.1978363	0.3302239
0.2181198	0.04797043	0.2767325	0.1315414
0.2319091	0.03648809	0.4226998	0.1464963	0.257231
0.2949177	0.004417401	0.2904612	0.2004514
0.1057133	0.02752178	0.2979853	0.1356221
0.1025374	0.02503954	0.3241891	0.1838896
0.1753527	0.4850263	0.1187387
0.2140866	0.3325956	0.09874184	0.1162731	0.3285748
0.1790104	0.1261592	0.3681848	0.1140762	0.1816841
0.2136724	0.3104146	0.1473276
0.1412381	0.3752837	0.07728793	0.2330953	0.1794892	0.1744567	0.2393722
0.09975667	0.3966554	0.08800136	0.1131871
0.1657252	0.3427803	0.1014573	0.1180895
0.178024	0.4285723	0.1144057	0.3407578	0.2294991	0.1966643	0.05590382
0.1368432	0.3093655	0.06662719	0.1334612	0.1566183	0.2174108
0.1495024	0.4369302	0.1175003	0.1841744	0.1351491	0.2701456
0.09630789	0.4774705	0.1236137
0.1878541	0.3391253	0.1235409	0.1941494
0.2098299	0.338879	0.0931521	0.09975544
0.3263789	0.363449	0.1373898	0.07817218
0.1862319	0.4445717	0.0999264	0.1219099
0.2591124	0.3860308	0.104173	0.2620991	0.105931	0.2120206	0.2117597
0.2234083	0.4231642	0.1862084	0.01388485	0.2208853	0.1731392	0.1571426
0.2585977	0.3973945	0.1537943	0.04314292	0.1639313	0.2272126	0.1979041
0.3333539	0.3973945	0.07166544	0.1416314	0.06527627	0.1307911	0.2354269	0.1913738
0.2004776	0.383067	0.04055105	0.2173611	0.141494	0.318408
0.2079321	0.3901496	0.01421758	0.1090364	0.1318633
0.3520081	0.4546253	0.01102156	0.1887797	0.1006814	0.1848728
0.1418497	0.4223203	0.01536044	0.1333963	0.194477
0.2585979	0.3242372	0.01059731	0.1526905
0.1624202	0.3678435	0.03341573	0.1658627
0.1137956	0.3464843	0.03465392	0.2110525	0.2460333
0.1905921	0.4105171	0.01901925	0.2555324	0.1498291	0.1392992
0.1955402	0.4649558	0.03133303	0.1889168	0.1941492	0.08553858
0.2632866	0.008800248	0.3783373	0.1986272
0.2939032	0.03862051	0.1300738	0.4417612	0.2559307	0.1682116
0.2466514	0.116362	0.1585963	0.4417612	0.1812866
0.2122413	0.07182362	0.4748225
0.3268562	0.3206104	0.03821676	0.1194667	0.0909113	0.1824422
0.1081297	0.2906687	0.008430107	0.1487288	0.1383651
0.196487	0.3861568	0.02219623	0.1137064
0.2221594	0.03335613	0.390572	0.1819317	0.2118754
0.2059573	0.002391504	0.2832479	0.1774727	0.2333571	0.1987456	0.2486086
0.1708871	0.01197935	0.3868161	0.1650507	0.2351138	0.2614825
0.1561432	0.001584988	0.4216762	0.1590173	0.1056416
0.2035534	0.001581799	0.4432729	0.1200397	0.3332772	0.1015032	0.2943466
0.1032914	0.03419996	0.3898927	0.1638881
0.2265107	0.05272512	0.3833446	0.1637262	0.2791755	0.07891693
0.178553	0.01671215	0.3660143	0.1388947
0.2147886	0.01589913	0.1754498	0.3796976
0.1892005	0.02927212	0.1585195	0.3956587	0.1093916
0.07167878	0.01189608	0.3094541	0.1868708	0.1155013	0.1989365	0.1750701
0.1304748	0.004179704	0.4167529	0.1387625	0.1535223	0.2935433
0.1191194	0.01276287	0.1662681	0.3912552	0.09064349	0.2409394	0.2670509
0.2764193	0.01396904	0.1495421	0.4012681	0.1013395	0.1867362	0.193833
0.1159577	0.0004156954	0.1614216	0.4246873
0.192922	0.003147671	0.1987966	0.3313983
0.1494288	0.03207036	0.3780971	0.1345951	0.1472336	0.1444652	0.1654411
0.1848842	0.005836685	0.4003468	0.178205	0.08572176	0.177812
0.279472	0.002468089	0.4003468	0.1620916	0.1076096
0.1710317	0.008497698	0.4555409	0.1313617	0.2334052
0.1277832	0.002944803	0.1350295	0.3488001
0.2111004	0.2820614	0.1028837	0.2671065
0.1064005	0.3389421	0.1155604	0.05313277	0.2215646
0.1854441	0.3472065	0.1718646	0.1220981	0.2641888
0.1649461	0.3472065	0.1117051	0.1311809	0.07855193
0.1552809	0.419286	0.1794149	0.01158437	0.1880265
0.2799379	0.405429	0.01793715	0.1786653	0.05228222
0.2632158	0.3957311	0.01062634	0.06541672	0.1309409	0.2343675	0.2659872
0.162957	0.2807365	0.005932099	0.2058717	0.2347858
0.2082709	0.3418833	0.004953212	0.1901682	0.1847517	0.0851462
0.2270824	0.4331765	0.002949431	0.1716649	0.1806997	0.2266822
0.1176694	0.388468	0.01521931	0.164329	0.1208211	0.1523375
0.1768664	0.1530655	0.006361952	0.1093237	0.4232829
0.2823479	0.0002103835	0.2172516	0.3050362	0.1989001
0.1074432	0.003566754	0.4468391	0.1842909	0.2045264
0.1191589	0.01202072	0.4158442	0.2408329	0.1652416
0.3088995	0.02262108	0.5009819	0.1975677	0.1905824	0.1679624
0.13069	0.02187612	0.323465	0.1827319
0.2065294	0.01275099	0.4507027	0.1527982
0.1333874	0.03373189	0.3137743
0.180175	0.03445618	0.1911306	0.4177948	0.1066361
0.2027043	0.02046901	0.1713512	0.3389351
0.138084	0.01734893	0.1743922	0.4902759	0.1342439
0.2818514	0.009553745	0.1492128	0.3622255	0.2663979	0.1656738
0.2313812	0.003677917	0.141132	0.3103992	0.1024278	0.2376079	0.2395564
0.3464983	0.006045507	0.1443627	0.4316564	0.2803615	0.1177273
0.2053813	0.01826753	0.3993748	0.1454977	0.2516305
0.2145428	0.02060867	0.4023026	0.150244	0.06427811	0.172783
0.2698152	0.006844882	0.08238905
0.1204236	0.04662097	0.1728122	0.4205408
0.1531329	0.0545181	0.1809972	0.3865134	0.245609	0.1072729
0.3165601	0.06593953	0.3865134	0.2173706	0.2113037
0.3068033	0.02875231	0.3865134	0.06671216	0.2545497	0.2838604
0.3005853	0.02000047	0.3316497	0.1781175
0.2605498	0.01280718	0.1578107	0.4053546	0.1355402
0.1700298	0.02054102	0.2256352	0.4568067	0.1606133	0.1037389	0.1074767	0.2422258
0.2030158	0.01058912	0.2080128	0.3853647	0.2268401	0.1461688	0.2836096
0.2033214	0.003416872	0.1448211	0.3486739	0.1803073	0.1845526	0.254295
0.2002291	0.03771748	0.1537262	0.4085246	0.08442769
0.1995475	0.4085246	0.07887652	0.1267783	0.2307423
0.3246235	0.3483533	0.05911676	0.1931262	0.1105559	0.3086189
0.3588938	0.4128798	0.1130187	0.1294016	0.04591795	0.2166039
0.1739677	0.08540675	0.3694616	0.135652	0.12216
0.3092635	0.1069508
0.316412	0.1866317	0.06696701
0.2443454	0.02224258	0.3341038	0.127863	0.1986687	0.1891443	0.3751952
0.174408	0.02867116	0.4081145	0.1826903	0.1621457	0.1407649
0.3142239	0.06010911	0.4327461	0.189094	0.1689384
0.153504	0.06982287	0.3705402	0.1409276	0.232646	0.1006468
0.2202147	0.01892203	0.3951241	0.1862102
0.0656808	0.006163249	0.3628868	0.1915582	0.156778	0.2480412
0.213709	0.025132	0.3718502	0.1593035	0.1576641	0.0858359	0.2177618	0.1699437
0.2345637	0.3642412	0.1226043	0.08062393
0.2431994	0.3642412	0.1594609	0.06883627	0.1431686	0.2880895
0.1911208	0.2829034	0.04130425	0.1484502
0.1899461	0.5247758	0.01391275	0.1984543	0.1630099	0.2184045	0.1438322
0.2146581	0.348113	0.00358794	0.1602419	0.12045
0.1741609	0.3922994	0.02341407	0.1369765	0.1629638
0.1996734	0.4062824	0.001621895	0.1708735	0.2024665	0.2237853
0.1191542	0.4111103	0.01294026	0.1475313
0.2493489	0.2897584	0.02740477	0.122656	0.05990674	0.2420714
0.1656237	0.03310382	0.07489373	0.3009467
0.2415857	0.03959176	0.1549471	0.3386921	0.1474836
0.153475	0.01481316	0.1298077	0.333039	0.2187622
0.1454142	0.02322539	0.08214336	0.3300697	0.1816252	0.2000876
0.3073659	0.006737847	0.4020933	0.1495642	0.04877439	0.1523089
0.1771726	0.01166139	0.1644155	0.3395388	0.08779375	0.1751432	0.1337141	0.1534943
0.2926872	0.02529086	0.1175005	0.100194	0.3071188	0.2183773	0.3676799	0.2910883
0.2383832	0.0427045	0.388756	0.121988
0.2603011	0.08047747	0.3743918	0.07238355	0.07241192	0.1400552
0.2388015	0.4422433	0.1009755	0.1933171	0.2591193	0.1770039
0.172403	0.3577798	0.1163238	0.1172173	0.1427384
0.1912155	0.3932001	0.07528797	0.05540915	0.1573923
0.1396802	0.3312879	0.08143049	0.2632038
0.1638737	0.3205886	0.08978753	0.2037588	0.1005332	0.1825489	0.06196531	0.1074213
0.2255214	0.1181492	0.4418529
0.08242837	0.03632358	0.4301496	0.2122047
0.1191456	0.116223	0.4073644	0.05652168
0.09764585	0.3387349	0.3198997	0.1242612
0.09650535	0.3572495	0.1517095
0.231244	0.1017756	0.008597871	0.06214465	0.4019705
0.2336898	0.1864887	0.001426632	0.4019951	0.1327249	0.1284364
0.1035733	0.146927	0.02386107	0.3224002
0.1725605	0.1427502	0.01184407	0.3887782	0.1543447
0.06110308	0.01266415	0.344648	0.1639782	0.1015026
0.09249511	0.02535644	0.2722901	0.1958379	0.1906729	0.2024553
0.1447518	0.05098925	0.3680297	0.2230702	0.1416673	0.1072194	0.1778417	0.1879148	0.2370828
0.2129388	0.004237527	0.3056166	0.04617696	0.1491291	0.1359222
0.2457145	0.0003986262	0.4298064	0.1466263
0.2649144	0.04054648	0.3667673	0.0950285	0.1640718
0.2536999	0.02757735	0.3949769	0.1523933
0.06273184	0.009283978	0.4008973	0.2248345	0.1770635
0.3181002	0.0596889	0.4826392	0.194161	0.09890043	0.2526977	0.2603892	0.2094204	0.03892385
0.2178911	0.01770234	0.3631515	0.1827142
0.279105	0.02906457	0.1514742
0.2133015	0.03117112	0.2037335	0.3376277	0.1927869	0.1905084
0.3286241	0.006153693	0.2185437
0.1677609	0.007417419	0.1911545	0.2542518	0.09006196	0.1196377	0.1940699	0.2243364
0.1709946	0.02887339	0.161151	0.3199579	0.1639444
0.2060632	0.02201328	0.1806298	0.3700493	0.1647742	0.1503506
0.1997233	0.00413358	0.383387	0.1492941	0.1315822	0.2667719
0.2138417	0.01125936	0.3897881	0.1676436	0.1095419
0.1654114	0.007425493	0.3307002	0.1670468	0.2435633
0.1902961	0.005059748	0.3951073	0.1530008	0.1593385
0.1499732	0.04056885	0.351293	0.241418	0.2712775	0.182242	0.2768862
0.288135	0.3634387	0.1515771	0.1364082
0.2553507	0.0262435	0.2999547	0.2049
0.1656843	0.003820954	0.1762961	0.2010807	0.3726634	0.1778257	0.1615785	0.2846274	0.1849153
0.2688012	0.003556732	0.3721063	0.1760305	0.06119807
0.190602	0.007766718	0.389138	0.1882857	0.1069836
0.2270931	0.05583271	0.3851323	0.1586139	0.1190924	0.1075092
0.2545424	0.03649098	0.4234139	0.215164	0.2544307
0.1773987	0.05442056	0.3624016	0.1521964	0.1414813	0.2874297	0.322074	0.1260548
0.09800944	0.007770994	0.4487103	0.1587634	0.2514301
0.1044996	0.03483781	0.41022	0.1536124
0.2085542	0.03041459	0.3830328	0.1472456
0.1309998	0.01751921	0.3498121	0.1785488
0.1821024	0.02655049	0.3498121	0.1561312
0.3460218	0.002334203	0.4203788	0.1445219	0.1538939	0.2818317
0.1651858	0.06044811	0.4248616	0.1625571	0.1318793
0.1335174	0.01418297	0.3991354	0.2188223	0.08122435
0.103396	0.02674066	0.1669259	0.3493948	0.1779325
0.1693666	0.01317766	0.1702808	0.4062513	0.07489734	0.1638965
0.1379804	0.002822331	0.2005892	0.4079868	0.1847676
0.1155015	0.001583686	0.4108986	0.1941487	0.3695198	0.1267794	0.250036
0.2126133	0.05761317	0.3873445	0.1450683	0.2007872
0.3675841	0.1199826	0.3727077	0.2266334	0.130408	0.2220662	0.2616998
0.2018352	0.0655658	0.3376606
0.1576792	0.07595854	0.0485837	0.1512773	0.3637484	0.3125801
0.2097616	0.06857992	0.3645443	0.05764895	0.08127587	0.2184318
0.1300482	0.3706666	0.1178923
0.1761136	0.1766866	0.4552497	0.02685183	0.1153948	0.230177
0.1251563	0.4106842	0.009482466	0.2134267	0.1354221
0.2514551	0.3875024	0.005895033	0.1572341	0.1307423	0.2141311	0.2143
0.2320644	0.4592	0.02124743	0.1828611	0.1824918	0.02816388	0.1742075
0.2703809	0.3526301	0.04286001	0.08385226	0.2254589
0.197688	0.4011475	0.04404563	0.1717221	0.1138752	0.2356511	0.1370651
0.1072577	0.413882	0.01075068	0.1855866	0.1677944	0.1810612	0.06539834	0.2902383	0.3671112
0.1912081	0.3527859	0.009930157	0.124492	0.1641571
0.2281777	0.3298703	0.009685873	0.1684289	0.170775
0.2330296	0.3123457	0.01019088	0.1259271	0.1572388	0.2017485
0.1017135	0.4331334	0.002277686	0.2164985	0.1735903
0.1295741	0.3113113	0.0004041867	0.1934449	0.0734662
0.2824407	0.3627971	0.01352408	0.2059592	0.0637751	0.0540354
0.2379941	0.3820266	0.008204125	0.199647	0.2253571	0.06687373
0.2103178	0.4537084	0.01054437	0.2152553	0.128408	0.1563519
0.1329746	0.337338	0.001413363	0.1492716	0.1645661
0.2607283	0.3205275	0.02321495	0.1137524	0.09787384
0.1074361	0.4064898	0.003864377	0.1899597	0.2586522
0.3084449	0.4676939	0.03268538	0.1525208	0.1797376	0.242931
0.2027956	0.3772545	0.01700821	0.1411761	0.2603191	0.1814737	0.07198663
0.112801	0.3913207	0.003074381	0.1837024	0.09042473
0.264321	0.343573	0.008351249	0.138922	0.1452394
0.3155751	0.3717391	0.01057375	0.1699778	0.09790419	0.1676698	0.1718492
0.1550722	0.4082645	0.02890924	0.1512192
0.1134774	0.3782015	0.001251893	0.07383357	0.1754762	0.1710996
0.09427132	0.3847322	0.008820424	0.131447
0.1876843	0.3232039	0.02851362	0.141	0.1659274	0.2874998
0.1862811	0.385453	0.03438201	0.1104558
0.1959131	0.1004758	0.3528147
0.2656346	0.08659442	0.3329142	0.1567897	0.2699279
0.190002	0.3736994	0.08500302	0.1264545
0.1383375	0.343332	0.06096649
0.3795309	0.3340225	0.07121368	0.0710574
0.1748718	0.4487061	0.1853165	0.02039391	0.1589931	0.1286107
0.1326666	0.410735	0.05206816	0.1504209
0.2105579	0.3059532	0.01796121	0.114011	0.09873064	0.2927367	0.328551	0.2077723	0.2030862
0.04259386	0.3926474	0.01768247	0.169837	0.2028651	0.2431006
0.3798972	0.3830843	0.003076846	0.2011648	0.300704	0.236128
0.3589833	0.003634169	0.1773982
0.1618758	0.04160881	0.1836609	0.3227877	0.1911361	0.307978	0.339126
0.2346498	0.006443362	0.42963	0.1936681
0.1814336	0.01335841	0.3164257	0.09614477	0.1924017
0.1746514	0.01117837	0.3994218	0.1320182	0.05790145
0.08325881	0.01186203	0.3355664	0.1694463
0.1166786	0.009177848	0.3077465	0.1093636	0.1056332	0.2552893	0.3606747
0.08671366	0.01890204	0.3720397	0.2072995	0.1287215	0.3319821	0.1198558
0.1682296	0.01128151	0.4481706	0.1819431
0.2626306	0.03202961	0.4773179	0.1166525	0.2506043	0.1113863	0.1289537	0.1589302
0.2290221	0.02172749	0.1248468	0.3046885	0.06805102	0.3014775
0.1820978	0.004197639	0.1748926	0.367872	0.2850545
0.2033689	0.08487303	0.2213419	0.2825059	0.309403	0.2275411
0.1122338	0.08349681	0.3335772	0.09285883
0.09983473	0.1001153	0.3549479	0.1182696
0.218544	0.4036639	0.09350002	0.1432728	0.1388243	0.185495
0.2224884	0.3750658	0.1082666	0.05688803	0.1422165	0.1607721
0.2643005	0.3804725	0.1409843	0.06141362
0.2159008	0.3666393	0.06424013	0.161977	0.1109353
0.1611283	0.3379178	0.08764652	0.1319572	0.1984128
0.1866358	0.3445148	0.09922755	0.2424747	0.203353
0.3337513	0.09186606	0.3924206	0.2750903	0.1554099
0.09935648	0.1247666	0.4005685	0.05933043	0.1712961
0.1936523	0.09452352	0.3150852	0.04839182	0.1825034
0.1996995	0.07656497	0.3628985	0.06193022	0.2275336	0.09910293
0.2592689	0.1004305	0.2804979	0.1319959
0.1445812	0.08748359	0.3615889	0.07375577
0.1833098	0.3706014	0.1301392	0.1234862	0.1164258
0.2008319	0.08735562	0.2181046	0.3141578
0.1888421	0.04229725	0.3248531	0.125638	0.22468	0.2148628	0.3746768
0.1411187	0.003791754	0.1390556	0.3920565	0.1545224
0.1261863	0.005415125	0.2312515	0.351803
0.2150453	0.01042526	0.1817399	0.2824501	0.1355127	0.2672189	0.1936882
0.1324891	0.02477864	0.358389	0.1635373	0.2320461
0.2302304	0.1508383	0.390351	0.1109209	0.2644253	0.04070115	0.1746269	0.1412131
0.1478877	0.3269874	0.07627513	0.2827409
0.1279071	0.3608475	0.09649474	0.1486641	0.09530932
0.2711918	0.07443579	0.3699404	0.1270678	0.1835617
0.1176963	0.3102687	0.05086293	0.2465196
0.07501109	0.3687008	0.08516948
0.1538011	0.3584539	0.1488487	0.005328706
0.1936077	0.3584539	0.1984698	0.02515274	0.2214987	0.2337419	0.1809517	0.2549658
0.2873802	0.3246554	0.009743777	0.221951	0.225508	0.2106057
0.2565314	0.3656323	0.006016706	0.1253873	0.1156204
0.3275891	0.3404769	0.001677879	0.15906	0.1957592	0.1447046
0.2213516	0.3760123	0.003958635	0.1527965	0.1772644
0.2842215	0.3429753	0.05638194	0.1808338	0.1467384	0.1052279	0.3242204
0.1875195	0.4271769	0.01507208	0.1446032	0.07089508
0.2253057	0.1184923	0.3919915	0.09864777
0.2807001	0.1021952	0.276736	0.2877832	0.2309886	0.2502811
0.06786158	0.1113391	0.4577242
0.2153494	0.2877904	0.03435717	0.1943973	0.1334261
0.2836118	0.01255994	0.1664256	0.3414929	0.05603944
0.1351609	0.02998602	0.2177192	0.3408002	0.3629533	0.09695079	0.1341185	0.1078381
0.1354791	0.001609726	0.3465437	0.101447	0.1699445	0.1420103
0.1570812	0.007651457	0.4240358	0.1839766	0.216454
0.2546108	0.01127965	0.3820859	0.1935239	0.1547102	0.1021368
0.1896897	0.03820044	0.3850431	0.1538284
0.2772719	0.0101243	0.1823824	0.356323
0.1961055	0.0006443426	0.3631512	0.09794694	0.1308291
0.1626623	0.001642026	0.346844	0.1480385	0.1179514
0.2829995	0.03438942	0.443135	0.1698933	0.07064777	0.1374805
0.2087135	0.005763756	0.333086	0.1185943	0.2014436	0.1509426	0.146585	0.1774931
0.226225	0.3556024	0.08833782	0.184032
0.2513169	0.3849755	0.1138317	0.177449
0.2221211	0.3679941	0.1051178	0.449884	0.1299829
0.07994805	0.3749224	0.090325	0.1594167	0.1931162
0.283401	0.2973554	0.1553872	0.06924996	0.05497942	0.407121
0.2043609	0.1057999	0.379353	0.1514023	0.1494823
0.1299491	0.1173288	0.4356579	0.1273951	0.1348575	0.1253468
0.1397137	0.1300614	0.3689891	0.07248735
0.3137928	0.3803367	0.01808364	0.1021742	0.240424	0.2271335	0.1912675
0.261675	0.4126269	0.08499303	0.1265595	0.2662448
0.2167325	0.3533661	0.09852773
0.2304843	0.100866	0.1992542	0.392185	0.1784158
0.2731016	0.1304014	0.3933847	0.1989503
0.179876	0.4216032	0.1543195	0.06138585	0.2004436	0.09499756
0.1645266	0.3455779	0.0454161	0.1713892	0.1259415
0.2259789	0.4375617	0.006781126	0.1695276	0.1710641	0.3377705	0.1777624
0.1885825	0.003917419	0.1159232	0.3450252	0.1106324
0.115267	0.01956181	0.1841797	0.3740622
0.2672468	0.01667142	0.1443441	0.2013127	0.3458534	0.1089023
0.1963306	0.00187613	0.2838946	0.4664886	0.1365613	0.1954062
0.1024598	0.002019812	0.2360285	0.409803
0.17489	0.000256702	0.3568156	0.1158488	0.1376911	0.2070412	0.1354359
0.1541303	0.001097069	0.3565205	0.1575566	0.1024668
0.1997201	0.0001898207	0.3648558	0.1501182	0.1142254
0.2433715	0.003150176	0.1749428	0.3860899	0.210472
0.2626624	0.02775138	0.3860899	0.1102852	0.125585	0.1415563	0.2392757
0.1601381	0.01341227	0.09288527	0.4385695	0.2088945	0.03025833
0.112922	0.02458933	0.4523855	0.2266454
0.2786433	0.009077415	0.4801237	0.1336262	0.2527341	0.2325685	0.1658886
0.215558	0.01353943	0.3601014	0.1718463	0.1377751	0.1436454
0.2364614	0.00522173	0.4240578	0.1735656	0.1103328
0.2948296	0.02289666	0.3667275	0.1671475	0.1757592	0.1450542
0.2107406	0.0006734624	0.377699	0.2144107	0.1532734
0.247396	0.01216219	0.1163367	0.3365942	0.1571548	0.06580206	0.2627332
0.1591604	0.3019703	0.1143234	0.158719	0.2285962
0.2854363	0.1044279	0.3181953	0.2489227
0.1738415	0.09961857	0.3512572	0.1737321	0.2567005
0.1782581	0.07161187	0.4441248	0.2283339	0.04120088	0.1818013	0.101416	0.1705184
0.319444	0.1311601	0.4034821	0.2724452	0.02586744	0.1299145
0.2203718	0.1013549	0.4034821	0.03721093	0.1829975
0.2424905	0.2039181	0.2873981	0.0007159387	0.1120018
0.2210061	0.1400135	0.4268254	0.02295183	0.07676633
0.1399453	0.1868192	0.3480626	0.008758044	0.1222722
0.07111662	0.01230776	0.449019	0.1701355
0.231233	0.002514669	0.4476434	0.1937162	0.1581599
0.2195499	0.0002491849	0.3545213	0.177478
0.2599784	0.004542435	0.338351	0.1941465	0.1911409
0.183301	0.001927852	0.333343	0.1529359	0.1641861	0.1090281	0.1627848	0.2860393
0.1627551	0.03445329	0.333343	0.1346086	0.1393704	0.165252	0.1171639
0.1704985	0.04464559	0.3548901	0.1173861	0.07773191	0.1293061	0.0961518
0.08931272	0.02128541	0.3959735	0.1216562	0.1266049
0.2594617	0.005642365	0.2464334	0.1821612	0.3086057	0.0881555
0.2442873	0.01030727	0.2611915	0.4477299	0.1321978	0.1482077
0.06398306	0.0306064	0.5177234	0.1817589	0.1556384
0.1654987	0.0006809375	0.3784974	0.1606048	0.05656871
0.2199392	0.01148648	0.2742096	0.1651472
0.2630821	0.02152732	0.3361811	0.07240199	0.1846509
0.2237546	0.005661847	0.3735432	0.1743703	0.01955101	0.2392081
0.1068242	0.002555643	0.1790996	0.2042851	0.3002769	0.1107381	0.1415725
0.1015862	0.01079784	0.3747095	0.152938	0.2074615	0.242599	0.1430131	0.158028	0.2095488
0.2495849	0.01181556	0.3448764	0.1899685	0.2105263	0.1521682
0.1434512	0.01111446	0.3541088	0.1475474	0.1681018	0.1118787
0.2880341	0.02586064	0.3316811	0.1925982	0.1754675
0.1041189	0.03259673	0.3411969	0.1402113
0.1959563	0.003052851	0.3751119	0.1137567
