SpeciationRateChanges
23.98759	19.53834	23.06818	6.412178	22.62669
24.10909	18.34923	21.06986	23.05288	13.81586	13.99331
24.00295	18.34317	20.72831	7.325579
24.00074	18.47932	21.84815	13.23553	4.691063
24.00133	15.7321	21.62741	4.432312	5.940182
23.99099	18.24893	22.12734	5.312762
24.02941	18.29711	21.69692	7.121367
24.02354	22.34146	17.3303	22.6142
24.05652	21.06488	17.06138	6.007683	5.724639	11.72981	12.11981
24.0025	18.32425	22.08528	12.39845	15.58798	16.436	1.381179	5.898492
24.09515	17.2581	21.7309	2.533803
24.00135	16.9119	21.7309	15.25606	13.29787
22.15016
22.33931	18.21609	7.006157	21.60134
22.93163	16.47801	21.70559	0.9022835
21.72785	17.23913	24.96809
22.40748	18.72149	10.35745
23.89292	18.56455	20.84557	9.045525
24.00112	18.24411	22.06681	1.18618
24.0401	18.40331	22.05966	7.452258	22.13256
24.0401	18.43665	22.0713
24.0401	17.95342	21.50577	7.284135
23.97517	18.42263	21.67886	22.6489	11.88119
23.92882	18.419	20.80234	14.18994
24.05071	18.07155	21.34594	12.36196	12.14734	10.36802
24.05071	21.68254	19.07148
24.05223	18.49306	21.59602	4.190452	17.8778
24.16714	22.45094	18.17324	2.574573	7.390724	21.62284
24.07426	21.87697	17.33405	4.586999
23.95974	19.55445	21.64037	23.66261	8.504484	2.143249
23.95974	17.30187	21.66611	9.193608
24.00026	18.4923	22.03652	23.81087	3.445264	13.77838
24.00026	18.07424	21.74426
23.98563	18.47959	21.72356	2.293946
23.98563	18.20144	21.54659
23.88229	16.88031	21.74909
23.94116	16.94445	21.77807	2.28952	3.675638	12.36692
23.94116	18.20003	21.13397	10.33937	9.009976	0.5290273	13.83148
23.99678	18.3483	22.23812	5.139728	8.387262
23.99678	18.06491	22.0605	18.78761
23.99678	18.55072	20.68408
23.99678	15.17582	22.35558	5.142626
23.99678	17.21487	21.77283	12.41146
23.99678	18.43592	22.22836	5.72086	5.155661
23.97423	18.78024	21.70618	12.21606
23.98242	18.18749	9.562395	21.04748	13.10496
23.98242	18.30208	21.34915
24.0297	17.6056	21.72306	9.284419
24.0297	18.39536	0.9885056	22.11997	15.08403
24.64001	18.31743	21.70749
18.46167	24.19657	22.32479
18.45595	24.10158	21.3712	0.8359605	8.576931	7.287658	2.081594
18.20797	24.12489	22.36233	13.20608
18.50948	24.03353	21.15048	10.81058
23.93503	18.35885	22.68858	14.09653	20.82732	6.900876
23.96684	18.32078	21.31874	23.61269	13.8004	16.31503	10.15211
24.00134	18.64163	21.76193	13.07335	10.60451	3.99366	5.759156	9.410214	23.58231
24.22998	18.28486	22.06525
18.29169	20.89526	23.92638	0.1341538
18.1831	23.92638	8.483628	22.29317	11.42149
17.2338	23.98306	22.28861	14.99816	10.83125
18.48245	23.98306	21.18184	4.630242	21.26422
23.98306	19.21156	21.71371	4.206577	1.777988	23.89249
23.95456	21.36333	18.00131
22.24844	20.64458
22.68354	18.61948	5.559975	6.209312	20.94432
22.28258	11.17846	3.858748	9.485813	3.370202
22.3067	17.10646	14.44573	7.957439
24.04257	15.38822	22.38593	2.516256
24.05099	14.30435	21.36052	0.5070206
24.03367	11.81749	21.98423	1.538708	23.59735	0.9841513
24.03367	17.90779	21.76412	14.30062	3.904795	6.049001
21.77568	18.34936	3.400127
22.24212	18.72804	13.58597	18.43314	23.91859
22.26028	17.85936	24.08633	8.21491	12.14852	6.055578
22.03691	18.66172	24.10779	6.13092	10.80257
22.27802
21.69003	24.13618	17.45822	9.753943
21.50464	23.96544	19.09317	15.63789	8.832726	3.254976
21.36123	23.96544	17.32502	21.30487	13.47569
24.00113	18.0632	21.42906	0.6990906
24.00113	17.42634	22.78342	2.274006
24.00113	4.876309	17.69954	10.61682	21.22261
24.00113	15.70379	22.23309	9.068949
24.00113	18.41975	21.66899	13.13958
23.94291	18.44311	20.97451	12.52475	9.440357
23.94291	18.16995	16.12346	22.4899
24.00228	18.14809	21.78585	0.1846373	2.081196	5.729361	0.5968696
23.29149	17.27887	21.2204	8.454559	10.099
18.47972	23.94143	21.55995	22.33458	13.84443	2.364668
18.02555	23.94143	21.93804	13.59928	2.077506
17.90901	24.06575	21.78441	3.869871
18.02244	23.97638	20.89053
17.83798	23.94968	21.74572	8.889883	23.07602
14.9623	24.01675	21.73397	1.567303	6.080288	9.508268
20.38509	23.99063	21.17301
17.8929	23.97779	21.20824	13.16569	23.8994	1.942233	13.0672
19.19927	23.97268	8.079031	20.69625	7.742758	23.96853	18.40535
18.21139	23.97268	21.41449	9.825248
19.23509	23.97268	22.40886	23.54958	21.09824
19.40245	24.02229	21.36526	4.73237	0.6243151	18.56979
17.24876	24.03094	21.89869	15.13289	23.81237
14.37219	24.03094	21.05499
18.70381	21.70586	2.256653	18.9026
22.4214	18.22399	16.32213	21.56994
19.03173	21.8187	4.448623	18.02466
15.64688	22.13339	20.82311	21.85765	5.319674
18.00228	22.8076	21.32803
16.64335	21.6243	23.86993	12.06245	18.60002	0.8696866
22.19428	24.10048	18.43247	10.60743
22.06525	23.98531	18.92893	13.63878	11.89479	14.73351
23.94905	15.53738	23.37736	22.2093	12.39592
23.95584	18.1915	20.5943	1.057031	12.12916
23.95584	18.33243	21.76435	6.285673
24.07362	18.63553	21.72999	6.787352	4.683041
24.09004	17.34654	22.05475
16.66551	21.83748	24.04441	0.9075529	20.86863
18.948	23.999	22.16342	0.8256143	0.1337516	17.27814
24.11183	18.31026	22.09606
23.89533	17.9751	22.22762	7.877929	23.33494	7.107291	23.54051
23.95672	18.64878	21.09832
23.97189	13.79047	22.10101	4.970074	5.447866	23.30649
23.97189	18.37867	21.71189	3.211222	5.421314
23.97189	18.38446	22.11391	23.65985	15.99953
18.59106	21.94838	16.81996
21.7241	18.19328	5.513228
18.47242	22.57078
18.25883	22.4451	17.33054	3.985851
18.01658	23.94054	21.89526	2.011367	5.768009
18.94403	24.02777	22.10865	18.07941
18.41816	24.48101	21.69216
16.84156	22.06784	5.944779	24.92456	0.5946605
22.30145	8.265119	17.07366	21.77383
22.52973	19.06898	14.16234	12.35702	17.73557
21.7152	18.97415	16.82187	22.77268
23.70376	18.3628	12.25371	22.39206	9.283963	2.153058
23.9448	13.68847	22.09522	9.652025
23.99488	19.3985	21.39997	6.406477	17.17837
24.11453	21.15719	17.71469	10.41478
23.93282	17.93653	21.85235	18.99091
23.98	18.7868	21.81613	10.21601
23.98	22.06097	8.541322	7.266232
24.02952	17.12584	21.00587	6.056645
23.95261	17.82955	21.13461	5.44869
23.95261	18.46706	21.74364	12.44267
23.95636	18.48632	22.23087	7.430627	6.264547
24.0756	15.64349	8.066805	21.31305
24.05443	17.89279	21.84385	7.97837
23.94059	17.27464	21.13851	22.36439	17.01146	7.40008
23.94059	16.73232	22.37769	11.84048	3.020145
23.94059	18.21183	20.65982	21.38768	14.43404
24.00157	18.23796	21.87011	10.72037
24.07385	18.95336	17.0747	3.348682	21.9026	21.22626
23.93818	18.1368	22.46352	20.71358
23.94071	18.47556	21.68675	2.867347	12.91812	13.09894
23.94071	21.51527	18.27428
24.36909	20.77482	18.46049	22.52068	21.94828	3.193687
24.23654	16.8253	21.58094	5.333209
23.99232	18.22105	21.78007	16.98761	3.83978	14.82636
23.9445	18.18343	22.93403	21.11447	5.331612
23.9445	18.45487	21.88116
24.14672	18.41844	22.34188	11.35949	0.8001131
24.08841	18.24031
24.05962	17.19254	12.17115	21.68789	13.03438	15.50688
24.05962	13.62301	21.68021	13.19426
24.0138	11.86317	20.89508	5.514278
24.0138	15.5786	21.87277	11.58539
24.01873	22.15206	14.80053
24.06833	19.29085	21.14288
24.2997	18.68036	4.420445	21.69093
22.41242	19.31206	5.385055	12.88683	17.76272	21.71697
21.79501	18.34098	7.938003	24.27996	24.35738	13.55962
22.22963	19.36251	6.021996	24.01223	16.89584
21.71359	24.03873	18.44769	2.237806
21.70045	23.97922	18.22696	3.506065	17.34538
22.36314	24.52217	15.38187	2.257476
21.88423	24.2241	17.47423	2.318367
23.92751	22.12797	11.8988
24.00701	11.55218	20.82983	21.70872
24.14472	21.73239	13.71163	7.369785	12.17453
23.9582	0.99464	22.19491
23.9582	22.66905	10.28214	0.7064148
24.02697	11.99785	21.93218
23.94832	13.75953	22.06297	0.4412572	19.63534
23.94832	18.99622	21.49162	9.724229	10.56976	2.147584	21.0806
23.94832	18.58949	21.81805
23.95595	18.36568	21.36929	4.980806
23.95595	18.04547	21.00116	5.870016
24.09115	15.32197	0.5725673	20.68162
24.02301	17.32797	21.54283	4.498984
24.02989	18.48232	21.40624	21.94469
24.02989	18.16527	21.09034	10.45183
23.99555	21.92844	15.36346
23.99555	18.1849	22.06539	4.044128	7.55361	0.1088077	18.02399	2.316973
23.99555	18.32005	21.40479
23.98012	19.00103	21.69736	2.975716
24.02042	18.46975	21.57557	2.941273	6.536532
23.97534	17.32069	21.1384	13.21297
24.2658	17.95917	21.34844	1.871495	7.573092
24.01733	19.07435	21.31812	11.77585
23.97284	17.89046	21.92366	9.166746	4.262587
23.97284	17.57787	22.07024
23.96562	18.12896	21.89872	1.870959
23.94213	17.60377	22.37106	4.645624	15.29127
24.14531	21.31866	18.8047	11.13394	8.96767	1.88466	11.11142	3.079151
24.04555	18.01508	7.193229	20.6502	22.45343
24.1351	18.47799	21.63757
23.99899	17.81208	20.81303	5.630529	4.454723
23.99899	21.7003	5.852662	18.1695
23.98414	21.71941	15.77274	0.4945526
23.93911	17.06436	21.78216
24.10942	18.41519	21.06146	13.92843	7.171674
23.99871	22.1041	12.3206
24.01901	22.68903	16.22358
24.25608	21.3337
22.34338
24.09701	21.74617
24.21003	21.72765
22.26001
22.0683
22.25595
22.05513
22.27468
22.36793	17.0777	16.20903	9.306865
22.22959	21.41292
22.51094	21.08656
22.39516
21.77576	18.27752	24.29188	17.46189	16.14424	3.979221
17.33673	24.08246	23.53359	22.07204	11.85107
17.91514	24.02755	21.09528	6.458175	1.05172	5.311243
19.09303	23.98839	22.02883	23.78425
17.3302	23.98839	21.68237	9.343951
18.1391	23.96219	6.541601	22.10804	3.17858	15.47056	8.085673	2.63483
18.11963	23.94853	22.09615	5.999717	21.36763	23.67114
24.02169	22.24993	16.86364
23.97381	19.60274	21.76743	16.6299	0.3929077	6.430442
24.02939	18.46585	21.49293	7.544374
24.02939	18.72151	21.7465	13.61301
23.97646	18.31729	21.10362	13.76902	1.391469	6.229218	7.628814
24.08101	21.5546
24.03658	0.4526529
24.02767	20.7076	21.33858
23.97562	22.08408
24.07743	22.05475	7.497109
24.07743	21.2561	15.10782	8.235533	6.887213
24.14927	9.862397	21.85988	8.931365
23.96131	21.79257	17.21771	15.84804	1.803504
23.97087	22.34334	17.90007	5.955488
24.01196	21.34008	18.93082
24.08391	17.12965	22.38855	15.70054
24.06739	17.12181	20.98155
23.98088	15.8293	21.6755	4.866679	23.84257	3.101241
23.98088	22.35319	17.08569
23.96499	19.48176	22.24889	16.02486	11.93294	6.419821
23.96499	18.52724	21.06896
23.99221	7.573881	21.49189	2.265294	7.276435	2.033605
24.02169	18.98623	21.168	23.52469
24.03616	14.87373	20.65214	22.56223
24.03616	18.4562	22.26377	10.14439
24.03616	18.39971	21.69196	2.178659	0.9879922	5.277095
23.95292	16.92449	21.27801	1.438205
23.95292	17.81141	22.11746	2.137387	22.52846	21.22989
24.01601	18.26762	21.67432	7.830309	10.98756	1.22776
24.01601	18.3874	21.05146	9.772096	11.53855	7.770487	11.29042
23.92625	21.46383	22.35026	15.94169	3.188626
23.96224	22.0952	16.17492
23.96224	19.47508	22.29678	4.773939
24.04304	17.74163	22.29874	23.87301	9.784905	14.96278
23.97679	17.99005	22.05696	2.091138	11.52291
24.05255	21.58797	18.87213	3.33481	15.63757
24.07329	22.43431	18.4565	19.48424	10.41241	19.39603
24.65643	18.4605	22.33938	9.987003	4.209151	8.83418
17.04153	22.2268	3.178862
17.92062	21.77933	13.45792
17.32103	22.01065	24.16691	12.20727	9.515852
23.97345	20.86835	18.25089	6.08605	12.52222
24.03437	20.94385	17.90931	0.6941989
23.96152	21.78646	18.52641	11.15787
23.95517	21.57696	15.55612	3.874035
23.98733	18.29572	2.766657	22.07555	23.71888	4.336718
23.98733	22.07095	18.3611	10.55926
23.98733	18.29156	21.63763	3.455683	21.41388
24.00815	16.97548	21.19805	1.613059
24.00815	18.50371	21.98236	5.366523
24.00815	18.00185	21.70763	22.40233
24.02006	15.20616	21.76847	12.38943	8.203985	3.289921
24.01088	19.41405	21.49449
23.97245	18.4238	21.41108
23.97245	18.07658	21.49423	10.28572	0.05641833
24.07901	17.51292	22.02133
23.98785	18.30343	22.10007	2.32515
24.08268	17.52932	22.04648	15.54925	0.06431142	9.262748
24.05703	22.13765
24.0329	21.65102	13.7295
21.91566	18.925	7.9999	2.379268
21.72408	18.04562
22.06688	18.37745	10.11417	0.3810292
18.21191	22.1033
18.05782	22.07433
18.04717	22.27863	21.24604	9.412372
22.05631	15.66643	2.1993
21.24548	18.33643	24.07343	3.22341
22.29415	17.46495	23.94211	10.5698	8.260701
18.86819	23.94211	21.91575	23.23137
16.23952	23.96765	22.63801	8.472294	1.086038
18.77937	23.94938	21.02928	4.452412	1.411325
18.31933	23.94938	21.93195	3.820814	6.35037	1.307483
17.80859	23.94938
18.15316	23.94938	21.73532	17.20579
18.21601	23.94938	21.68562	15.82535	0.2101349
18.45234	24.04053	22.16389
24.04053	17.35457	21.80502	7.581157
24.15827	17.60012	21.7371	5.881312	3.920233	11.62581	1.709947	17.24957	0.3351285
23.94827	18.41715	21.70031	8.629098	9.992659	2.879047	23.53979
23.99509	16.85747	21.17737	0.8680646	0.6488272
23.99509	18.2012	21.09191
23.99007	19.02198	22.33213	5.106827	13.6157
22.1475
23.96083
21.72948
22.23927	17.50624	5.472122	2.287491	3.487621	20.11024	12.71845
22.22403	16.97518	11.1811	11.10061
21.09034	18.03736	24.12038	14.98348	7.912218	6.119627
18.41633	23.98115	12.35379	21.28448
13.25774	23.98115	21.66497	6.754094
17.43053	23.98115	22.10966	12.26559
17.55619	23.98115	22.23881
17.95674	23.98115	22.05684
23.97536	22.04515	17.97807	3.002736	11.10833
23.97911	17.91123	4.846588	21.38444
23.94441	18.45614	21.67553
23.94441	19.05745	22.15803	7.799202	21.77971
23.94441	19.26117	21.63079	10.54675
24.02349	17.57564	21.41373
23.9607	17.22789	20.87867
23.9607	18.10342	22.00546
23.9607	17.78235	22.33216
17.17681	21.71587	0.2824429
19.12081	21.34532	8.951667
22.26139	17.62231	8.39589
22.2335	18.48624	21.22572
17.34617	21.902	2.338383	8.453476
19.47925	21.7162
16.95374	22.3862	4.758361	6.12108
21.63405
22.19586
24.06946	4.462064	23.53089	22.03029	18.75575
23.95298	22.2063	18.81393	7.376541
24.37869	21.67083	18.37793	21.85461	7.225352	6.6793	8.92633
22.20687	18.48252	8.871176	21.58081	12.48674
24.09395	16.92563	22.08301	15.63084
23.92745	18.25217	21.60861	7.109487
23.97031	16.62234	21.33999	0.8933429
23.95604	17.78434	21.97453
23.95604	16.95939	21.07553	21.03332
23.95604	16.89126	22.29147	23.29884	23.26998	21.02277	16.75991
23.95604	17.9319	21.71343	0.2364212
23.95604	19.19639	21.6293
24.02841	15.6515	22.2467	12.12381
24.06678	19.00789	22.24062	0.488342	18.3746
17.65612	21.21391	22.37364	7.214897	22.41788	15.842	15.81935
18.23703	22.12882	5.6164	15.62593
13.74191	21.69706	7.274487
10.81348	21.56793	3.572698
16.36535	21.72203	7.155559
16.98647	22.2644	9.409884	5.568159	6.370198	6.776525
17.1277	22.54652	13.212	7.264206
18.48317	22.41892	12.77045
16.29013	22.06574	7.450212	16.24244
18.9417	21.68994	2.916898	22.85301
18.57566	21.35478	18.09403
15.35136	24.08098	21.17193	6.746059
24.10516	22.08094
24.01483	22.22232	22.91757
24.05887	21.78042
23.99177	21.83735	18.9364	7.697518
21.85378	17.14897	5.115738
21.98932	16.68384	6.17395	1.086203	12.46431
22.24385	12.90599	5.48282	7.615707
22.12424	16.92107	12.92869
21.64166	18.20195	24.06434
21.83306	18.46367	23.82678	5.194916	23.55593
18.6794	22.26178	3.081498
18.06405	22.08227	0.9062348
18.52273	22.26504	5.550093	18.05174
16.84986	22.10083	24.75284
17.64972	21.91994	4.74046
18.47727	22.23809	20.80961
18.45419	22.21619	16.36895	3.64419	8.373169
18.64858	21.69171	7.403885	11.52842	13.94547
21.76777	18.33314	5.871196
22.07115	17.40134	21.36278	17.2384
22.70383	12.04028	3.085398	7.937482
21.72737	14.99636	2.500979	7.317752
22.2462	10.47105	4.23537	0.1623104
22.26804	14.16355	0.1755768
22.02582	13.12639	2.255445
21.30563	17.81787	12.74101	3.807	23.48769
22.07539	18.43896	2.693826
22.26751	16.88144	12.96918
22.21687	18.87897	1.948936	10.77686	9.923936
22.07329	18.38431	5.816895	3.064427	22.09866	23.28914
22.27228	12.28094	9.516301
22.06962	17.39671	19.8284
22.32868	17.68617	11.96648	3.220384	17.17461	18.10881
21.2152	15.48736	23.85555	1.720672	2.75856
23.92282	21.08454	3.558276	18.90764	12.66137
24.08211	21.38334	18.30647	16.75118	17.14872	6.084263
23.97322	21.9504	18.45605
24.07481	21.42692	18.19267	8.881955
23.9994	11.81966	21.01312	22.40577	1.082048
23.94889	22.39364	12.61379	4.863361	1.116245
23.9603	22.23039	17.73148	1.196773	21.77559	1.594649	9.45883
24.00516	21.77584	17.69935	14.55815	0.6139891	8.30394	12.86054
24.05295	16.76135	21.67255
24.01314	21.69235	18.65249	12.25558
23.97493	20.98042	18.44602	6.182568
23.96935	21.77775	12.87733	8.363485
23.96935	21.1014	7.81741
24.06927	14.39834	12.03231	21.54642
24.03324	17.9382	21.64959	5.848442
24.11936	16.06127	21.63321	8.937011	3.026324
24.11936	18.51316	21.93278	2.361792	2.735319	13.05233
24.0173	17.89454	20.93523	23.03888	3.482607	1.892435
24.04748	17.29617	21.91536
24.02883	18.496	21.54231	2.453564
23.88248	18.48841	20.57168	18.00364	10.96966	6.809636	5.31872
24.01521	18.52242	22.22574	10.93739	2.519857	12.09837
23.98412	22.26545
24.03379	18.45446	22.0822	7.689603	2.242691
24.1729	18.665	22.0692
24.05462	18.18661	6.811234	21.64178	3.783779
23.94786	21.12526	19.17664
21.69977	17.85271	12.71461	10.85661
22.05063	3.590809
21.71889	18.21786	8.013895	2.246895
21.68321	15.4895	10.23886	9.713277
22.07261	16.89941	10.79804	5.389079
21.6983	14.24627	13.1606
10.4781	22.37709	8.070748
22.11214
22.0377
22.27279	17.27683	9.650184
22.08162	17.94063	11.53146	13.2234
13.76786	22.34609	16.82507	21.56782
22.24355	17.91802	8.788767	4.112243	10.74139
21.68884	14.22107	6.168208
21.97736	18.99421	7.963165	18.11158	1.782278
22.39463	18.47255	21.10809	3.564811	9.572047	3.399445	8.758273
22.01838	12.97618	24.01889	6.713659	4.806365
17.98867	24.07491	21.07896	0.9662645	8.122809
18.25823	23.97005	13.47947	22.10754	8.6885
23.97005	22.35454	18.9591	7.815417
23.96274	21.8531	18.1912	15.68749	1.171193	18.06104
23.96274	22.24239	18.1948
24.01332	18.36674	21.39464	0.1650147	9.320024	0.8202673	1.513189	5.050243
24.08185	18.82908	23.48237	15.50898	14.76157	22.05143
24.08185	18.42288	21.77486	0.4400335	3.408446	3.958737	12.75631	16.82569
24.03122	18.24155	21.72459	8.212705
23.94598	18.15002	22.09546
24.02119	18.08415	8.105929	21.42216	4.358082
24.0787	17.43134	22.29449	13.20068
18.67189	22.101	6.418601
17.41892	23.04485	21.03025	12.78307
18.25866	24.02953	22.0298	0.874518	1.644733	6.590474	11.6711
15.37188	24.02953	21.48968
17.18056	23.99693	21.73003	13.78611
18.35505	23.99693	21.52447	14.35253	11.36893	15.3473	10.47189	7.359308
17.32306	23.99693	22.04566
19.24632	23.99693	21.10335	16.85466
19.4026	23.9094	22.00871	18.38168	5.890983
14.00389	24.02048	22.24251	11.11131	3.324682	1.78769	8.362324
24.02048	18.02102	22.27976	7.448524	10.17274
24.00506	18.12202	21.16999	6.615157	17.41275	5.101159
24.05228	16.89391	22.32672	11.13989
24.05228	18.68686	21.37807
17.98014	21.10833	23.8745	12.85725	24.65995
18.07281	22.10783	23.98188	1.043987
18.52973	22.57335	23.98188	18.42998	3.188012
18.7901	24.0449	21.75239	3.898933
18.11574	23.9406	21.47474
18.78657	23.9406	21.36553
24.00708	21.51638	13.68547	7.971863
24.00708	18.17306	11.33771	22.00725	10.78039
23.9473	18.48373	21.6642
23.9473	18.16592	21.82423	3.434888	12.48135	7.060743
23.9473	18.35605	8.615665	22.0368	1.166771
24.10235	16.98166	22.12244
24.01028	16.30917	21.38353	7.366028	24.84665	3.689677
24.00294	19.76438	21.21357	8.619525	1.817565
23.73868	17.22239	21.59782	12.85671
24.24556	17.73408	21.37505	11.28297	17.52687
23.88261	19.38934	21.72358
22.23137	18.48139	24.00121
21.44821	19.4434	23.9919
21.40708	18.3111	24.02993
21.16976	18.44596	23.94031	17.04864	12.22975
21.64098	18.40645	23.95459	2.472941	13.44755
18.12795	24.02002	21.27721	11.23512
18.94434	24.0196	22.04514	5.305286
19.28184	24.0196	22.34235	2.17799
18.26358	24.06059	21.80076	4.279497
19.44014	23.95026	21.18973	16.7669	2.06687	9.408953	5.390522
19.02584	23.9406	21.4986	10.90092
24.05534	20.79137	17.22409	5.067304	2.374062	14.84089	23.30887
24.06559	20.86181	13.97822	21.39777
23.94861	21.72368	18.1039	9.236349	3.495405
24.01383	17.94002	21.75014
23.97718	17.15009	22.3253	7.939826	11.41197
23.94725	22.03596	17.58627	10.52007	22.76
23.93447	15.74138	21.07945	5.687403
24.01026	18.054	21.118	6.135436	2.536265	5.556449	23.92234	2.747007
24.03334	17.17819	1.395627	2.887929	20.82262
24.02066	18.57978	21.61974
23.95846	17.03978	21.69542	10.96154	4.575898	3.434695
23.95846	17.99057	21.38593	16.48205	17.56078
23.97187	18.2836	21.60636	23.07997	12.77744	6.535447
23.97852	14.05331	21.07563
23.97852	18.87149	21.86956
24.00936	18.39947	21.702	1.660838
23.98516	19.85075	20.83173	0.5288455
23.95672	18.58623	20.85959
23.95074	22.05818	18.16939
23.92905	22.11374	18.81932	16.36582	5.305649	8.435462
24.03165	18.48093	22.06376
24.15704	22.65712	21.91606
23.99764	22.20309	21.71713
24.10825	6.782092	22.50349	2.861823
24.30057	12.97781	22.10783	2.882687	24.03233
23.96703	22.06154	12.42765
23.96703	17.2956	20.65411	15.47176
23.96703	22.37501	17.82643	2.480539
23.96617	21.73642	16.88896
24.00035	22.2385	3.106711	18.93638	6.399246	4.215095
22.36982	18.3043	14.79509	2.463575
22.18129	15.26646	8.522035	22.16184
22.77714	18.64416	21.75342	9.680932	13.219
21.6967	1.948741
21.87014	19.23087	3.472041	9.142907	21.19817	14.38492
22.55661	18.98513	18.47901
23.93204	17.71382	21.70379
23.96453	21.63051
22.36595	22.04437
22.08349
22.15774
21.83672
21.60598	2.752066
22.08678	6.2903	5.683802
22.07295	18.18341
21.76353	18.85105	5.385391	9.011019
21.54094	18.02067	12.68187
21.75625	18.95616	4.781764
22.10043	18.38345	24.27787	2.160087	0.7767169	8.799097
18.4589	24.13037	20.81669	18.16706	14.83946	15.87732
19.11793	24.08306	21.13342	1.997163	23.60665	23.49204
13.47137	24.107	21.36526
17.25628	23.99802	13.70916	22.04011	3.554138
16.63109	24.03698	22.37948
14.16105	23.92782	22.15261	11.5691	4.736492	20.99658	21.3469
24.20706	22.23522
23.9743	16.87871	12.37236	8.243353	5.644756
23.94589	18.92066	21.07871
23.94589	18.45957	21.6006	0.6641157	9.503714
23.94589	18.18264	22.74329	22.09106
24.13748	14.99918	21.40627	24.98718	2.281947
24.03146	18.37694	21.21359	9.922203	3.753585
24.03146	18.01129	20.97758	11.4451
23.95022	17.9494	21.75886	11.37764	4.436714	23.36628
23.95022	17.19296	22.29474	4.993197	2.777386	7.666022
17.99056	21.75632	17.41003
18.18065	21.82982	24.07889	23.39778	6.221011
24.07889	17.50508	12.94191	21.57103
24.01069	21.63696	1.904854
24.16443	15.48276	22.62725
23.94701	2.597808	22.0268	23.71283
23.94701	2.13618	21.17919
24.15451	18.40748	22.39548
24.17755	18.27397	22.9853
17.15079	21.50734
19.06659	22.22127	4.0824	19.81153
21.71181	18.47315	11.00611	16.41326
18.47377	22.07361
18.81586	22.38263	17.60551	15.69181	25.01289	21.34206
18.4488	22.2503	8.52188
18.60405	22.23324	11.3961
17.89157	21.44457	11.53645	2.517046	0.2991626	4.912732
18.04962	22.29878	12.23367	17.31693	18.04159
18.3571	23.95723	21.73321	13.61164	16.22634
18.51029	21.77577
16.52752	22.07001	9.80013
18.41907	22.05063	7.639609
16.21375	22.0813	0.7254465
17.1	21.81633	12.73502
18.44199	22.36111	20.7391	15.36475	9.029077	16.97524
18.76171	21.25221	24.11961	9.973513	14.39129	5.31494
17.97756	21.68309	23.97541	2.357953	23.16928	23.0411
18.2606	24.21861	11.15238	4.58923	21.83996	21.09617	15.35833
17.65523	23.9313	21.01911	5.277363	0.8985979
18.42853	24.2202	22.26186	0.8348918
18.3988	24.03281	21.68408	7.811142	0.3834592
18.41162	24.0107	22.08736	7.142333
15.80053	24.0107	22.71364
18.73111	24.0107	21.38312
18.2538	24.03258	22.43015	21.75723
17.06705	23.95086	21.20359	22.19803	3.083917
18.0609	23.95086	20.85792	23.56831	1.30862
23.95086	9.629185	21.09849
23.97634	21.51598	17.36853	3.948185	22.40759
23.28247	21.96471	11.82804	4.415094
22.03626	18.10229
18.35773	24.08301	21.69776	10.28728	15.36965
18.60718	24.10752	21.81749	8.078293
15.39015	24.10752	21.64061
24.15229	16.20119	22.04571	4.372456
23.92978	16.43532	22.29093	23.88006	12.31974	12.48569
24.08972	17.01174	21.36378	13.64599	12.75589
24.00942	18.29192	21.98025	13.19458
23.95054	18.24509	21.32151	25.02478	3.848221	23.42737
24.00274	19.03035	21.85081
24.00722	18.48261	22.18978	9.272761	13.7895
23.99209	16.48524	21.38471
23.99209	21.40501	14.99548
23.99209	22.05579	14.16792	6.576824
23.99209	17.29154	22.06369	0.8362359	9.603071	6.635386
23.99209	18.29895	5.06841	22.22927	0.2425058
23.99209	22.06885	18.34321	8.98569	11.32058	9.714383
23.97415	21.6973	18.99902	5.70074	22.72309	18.4233
23.97415	21.0692	18.89397
23.94126	21.85275	18.95985
23.98747	18.31579	21.41118	5.241027	1.303503	14.35186
24.12355	17.97775	20.80376	6.203044	13.35304
24.07885	15.28514	21.21648	10.17908
23.94866	18.10432	10.25261	21.71525
23.96276	22.23469	16.27571
15.26143	21.37464	8.05114
18.23744	22.16377	14.67492	21.14207
14.37663	21.68716	22.87363	4.190396
17.21157	21.73205	12.32304	24.62523
18.48975	23.35599	24.05427	20.90445
18.02994	24.13737	20.88251	6.483997
18.54496	24.09358	11.14465	22.34951	20.12324	9.711268
19.17341	24.2561	21.84799	21.16836
17.45691	24.07486	21.72636	0.8064886	4.063936
18.6692	24.07486	21.46232	15.0028	9.798571
18.23682	24.11624	21.63788	8.889934	17.8816
13.36495	24.06223	21.82242	16.98846
24.04487	21.7259	17.9647	9.456611
23.99474	19.00634	20.84243	6.758526
23.99474	18.96154	18.48773	21.06547
23.99474	17.18316	21.2856	14.86631	6.017751
24.10104	18.4872	21.6993
23.94141	14.98568	21.37829
23.94141	3.346934
23.94141	21.85498	17.82453	4.480878
23.95859	21.37736	18.57663
23.92553	21.64625	14.79793	13.55358
24.04858	21.07879	16.98491	6.174105	10.29649
24.04858	22.10882	16.62164	5.797208	8.515104	9.287107
24.06742	21.73755	19.2581	8.343307	1.12788
24.15154	1.420593	22.25189	23.54354
23.94676	1.687883	21.26374	21.18671	22.41702
24.03997	22.05214
24.41091	22.11852	18.11601
23.80433	21.1098	18.39088	15.46513	17.68351
23.89033	15.28906	20.78263	13.06005
23.94526	17.10377	7.559027	21.09486	6.384191
24.02935	16.42987	22.02738
24.06029	20.86817	17.93255	6.169228
24.03249	21.00553	18.13546	23.10285	0.6294028	14.6301	15.83316
24.03249	20.85537	18.69199	10.84187	2.872441	1.974069
23.99847	21.76806	18.16982	23.83781	16.86891	7.86629
23.99847	21.71628	18.46393	6.762158
18.30488	6.073572	21.94	24.9259
17.83701	22.62594	21.32485	3.669787	0.3765339
18.26107	21.82343	4.754894	24.25063	17.45546
22.23366	18.74493	12.2668	11.89529
22.31819
21.87242	23.98107
23.99919	15.23354	13.35187	13.4762	21.89884	10.29273
24.05172	18.60614	21.76875	18.06866	5.565649
23.93717	19.01609	21.86689	14.02861
24.17921	18.67793	21.78972	16.02312	12.87093
24.39308	17.98168	21.69143
23.983	18.25893	21.08885	4.97107	0.1531554
23.983	18.21042	7.839605	21.57559	12.37298	17.35489	9.029934
18.38589	21.42227	12.86548
18.43588	22.21635	7.93018	3.949903	14.56583
17.89927	23.98701	3.070588
18.81271	24.00547	21.17287	7.050088	0.3243678	5.300806
17.08189	24.00547	22.08424	3.846009
17.68211	23.97074	21.78752	4.094908
18.77114	23.97074	21.98789	18.23867	0.9722641
18.59542	23.94694	21.26869
17.20993	23.93221	22.20887	4.520983	3.894349
23.93221	6.487056	16.55841
24.0453	22.13448	15.5148	3.33255
23.98625	21.67979	15.60889	7.992618
24.01554	22.06823	17.62364	13.16096	22.90605
24.10014	18.54229	22.10244	24.76783	23.86124
24.00927	20.9704	17.92998	14.08957	13.26727	10.03617	22.21214
23.97091	22.37029	2.391789	18.51114	23.37468	18.18692	23.89244
23.93684	18.27676	20.88659
23.75131	18.31239	22.25376	10.83022	1.334792
17.30441	22.0752	13.53341	21.91018	21.77407
17.34605	22.41218	0.06093399	2.473732
18.47421	22.23303	13.6346	11.33556
16.15168	22.32605	15.16745
18.65276	22.87277	21.36746	8.050053	2.472555	22.47426	4.674245
22.05187	17.77295
24.16378	18.46868	21.36566
22.43896	18.10368	17.64308
20.4688	18.34096	21.85701
17.79102	21.71087
22.11963	23.95334	2.042238	17.39945
21.45324	23.95334	18.46499	4.21624	18.29501
21.74076	23.95334	18.44093
21.74076	24.29828	17.57021	12.74799
24.08009	18.19882	21.69171	23.41091
23.94476	18.16362	21.74332	22.62782	13.60024
23.94476	18.22409	20.91585	4.726842	8.314881	0.1685395	21.96073	1.407459
23.94476	16.93536	5.730591	22.1731	23.01068
23.94476	15.98093	21.64919
23.94476	18.31456	3.041639	20.83075
23.95814	18.18327	21.67487
23.95814	18.81835	21.12715	17.00342
24.00261	18.94222	21.51567	9.929731	9.06266	6.56087	9.599466	24.55328
24.00261	15.236	21.93013
24.06722	22.35826
24.00118	22.14259	6.222627	0.2067072	21.58213
23.92259	21.57012
24.11047	21.55754	18.9735	5.442794	22.2574	0.04064006	2.664597
23.96362	22.11995	17.96066	6.019735
23.96362	22.09213	16.76616	10.4284	3.890063
24.04078	16.77194	21.85075	23.11936	16.6727
23.97373	18.25299	21.08919	5.251921
23.97373	14.36826	22.1981	8.786767
24.13592	17.75191	2.416959	22.25393
24.3928	19.5787	21.048	2.704048	22.31486	8.286009
18.41053	21.91644	13.90511
24.00313	6.109275	21.41486
24.0255	22.04163	0.01173048	19.00894	5.181242	7.090054	6.070051	18.124
24.0255	18.84064	22.10158	1.128198
24.16347	16.28321	21.72796	23.3102
23.91996	16.17265	21.15492	0.6964632	15.65094
23.89964	19.0053	20.96283	10.43137
24.00158	19.25219	22.0416	2.520046	18.73468	1.471819	17.16357
24.00158	19.03143	21.08815	16.35738
24.14867	17.1227	21.78934
24.14867	18.22093	21.8834
24.05056	18.52051	21.32175
23.94719	17.25403	22.0579
23.99787	19.24475	22.0579	13.74532	5.313775
23.96762	16.48658	21.63786	7.018672
23.94514	18.21918	21.20491	5.832791
23.94514	22.13341	18.64487	15.92076
24.10128	21.7824	18.46798	0.6917749	22.6328
24.10363	21.04637	18.25548	12.29041
24.0024	18.66492	21.33949	1.448267	5.377125	18.15985
23.98752	13.99568	21.69134	23.06251
22.39238	18.50187	13.94277	8.946976	1.755914	18.48021
22.3775	16.96654
22.11083	5.473839	8.505313	18.32132	4.113934
22.23031	18.39797	5.442324	9.923146	4.248447
18.25208	22.3982
21.18145	18.43966	23.98963	16.95759	2.671695
18.41173	23.98963	20.87003	22.51273
18.56758	24.00335	22.32656	1.631447	23.48746	23.78466
18.20495	24.00335	3.4649	20.90472	13.82416	10.94249
17.73806	23.95177	3.549821	21.51869
18.54257	23.97067	22.01678	2.851036	11.09289	12.2174
18.86992	24.02695	21.24854	0.568506	17.09501	6.822993	17.5398	6.731991
17.83169	24.02695	22.07838	4.581119
18.88702	23.97231	20.85096	14.45703
18.13196	23.97231	22.3792	9.906918	23.42051
16.7331	23.97231	20.9894	14.41487
17.31335	24.29228	21.86318	5.541091
18.19562	23.9884	21.75263	10.87503	5.709206
18.48518	23.9884	21.68788	15.99768	1.648939
18.3584	24.01727	21.84063	13.87795	16.97751
18.36468	23.95517	21.75228	15.73966
17.48008	23.95517	21.90179	0.5915353
18.10501	24.0543	22.29348	21.70283
18.40282	24.1081	21.50202	1.905535	16.61661
18.04129	23.98276	20.82932	1.331263	13.88681	16.0754
18.44032	23.99808	22.06094	11.53138
18.03223	23.99808	22.31576	17.04903
18.1379	23.99808	21.72624	16.72924	7.403425	14.41981
18.43296	23.93635	22.15287
18.15378	24.08668	5.136243	1.90162	21.70253
17.92148	24.08668	21.3341
18.45464	24.02764	22.03711	5.446087	0.4587616
17.91674	22.22976	4.451607
22.19987	2.22595
22.66114	17.62164	5.558437	21.95075
19.09193	22.05749	13.60011
18.22603	22.11394
18.39949	22.2726	5.78195
18.66694	21.87513	24.18344	1.680194	20.78124
18.90052	23.98042	22.27138
19.08317	23.98042	22.06286	2.775156	23.59171	20.6777	15.47192	1.04588
16.08402	24.00171	0.2920895	21.13659	11.56466
19.05151	24.00171	21.36871	7.97222	18.63444
24.00171	21.7231
23.95503	22.03726	9.947657	0.0536312	10.97159	13.12281
23.95503	18.6107	21.11477
23.98417	18.27083	9.171086	22.07075
24.02638	18.14597	22.07075	10.34329
24.02638	19.27245	21.69842
24.0124	18.28755	22.11255	5.64204	3.894576	2.757803
23.94403	18.36032	22.36686	22.66778	23.66997	16.54019
23.95618	18.52547	20.61983
23.95618	17.80552	22.27067	21.28004	10.9098	11.40841	13.78498
24.09309	22.25904	17.79892	6.631045	21.86858
24.10985	21.64306	19.02368	18.91088
22.13426	4.219821	17.23134	18.31474	2.682611
22.22974	18.42954	6.002366
21.97381	17.0791	9.527737
19.02891	21.63249	18.42199	12.79724	18.19214
18.31438	21.45801	12.79315	10.9837	20.90851
17.12881	21.69918	5.13983
17.30931	22.23091	11.53341	12.21298
18.21707	22.38939	7.129584	1.07571
17.91094	21.25019	14.62927	9.438278
22.4602	16.66212	10.15567	22.34115
21.72045	18.4935	23.91819	23.04064
22.07133	18.10515	12.98291	7.721701
22.48658	18.50554	12.6167	11.60963	5.303587
22.3855	18.35816	7.145451
22.43042	18.67472	4.833089
18.27213	22.24214	1.118518	6.535641
22.31048	1.523043	19.16333
24.04464	18.7524	22.24295	10.73147	21.03467	5.73727
24.04464	21.25268	18.11919	17.44236
23.94572	21.17748	18.41114
23.95398	22.32771	17.00499	6.656976	3.100126	13.43386
24.08158	17.2612	21.13334	15.56769
22.09724	18.27381	22.13496	21.1945	14.54929	12.97241	12.92105
17.89566	22.27597	21.38243
18.44155	21.90057	6.655581	3.222084
22.0597	18.45951	12.38969	2.150148
18.37974	22.71217	20.68254
17.00269	21.92117
19.31466	21.68571	23.9624
17.23916	21.85358	23.9624	2.661188	6.960284	12.0401	0.01577623
14.48815	23.9624	20.7936	7.647167	3.652851
18.44815	23.94296	21.6917	1.434089
17.91375	23.94296	22.08676	13.89182	2.622723
18.32091	24.09363	2.244733	21.08462
18.11108	24.06882	21.33767	3.533674	5.09368	2.805216
18.15833	24.06882	21.77936	4.801956
22.09537	14.354	2.495092
22.16172	14.62728	9.73642	0.200087	6.794795
22.09959	18.22825
16.77527	24.01385	20.54061	3.751807
24.03103	21.93507	18.30585	6.083196
24.00716	20.64716	19.29435	1.558025	2.137873	23.06971	22.40023
24.03827	18.25713	22.24416	8.749698	10.02808
23.98311	16.97545	21.07364	13.17825
23.98242	17.82343	21.7151	5.759254	4.229658
23.98242	15.71943	21.65518
23.93518	22.26947	19.59771
24.07142	16.83707	1.462885	21.78405
23.97822	17.00222	21.83705	11.64161
23.97822	18.24398	21.72935	8.15964	22.77716
24.0281	18.46443	6.986702	2.210619	22.41318	9.455397	2.810303
18.75368	21.15562	10.14342
18.97208	22.06161	15.17959
18.66786	21.70647	18.80901	4.672676
17.35466	22.41062	13.77033	20.58546
17.58941	22.11175	6.263547	23.81455	18.88595
21.95238	18.61085	7.156307	0.2091968
21.07744	17.49935	1.792186	12.0869	9.400026
22.57092	18.32021	24.55971
18.17571	23.92394	22.4144	5.710997	13.41909	12.11863
17.922	22.39885	9.875585	0.5866052
11.70875	22.26838
22.11575	4.914911	18.12221	13.35704
21.72763	15.76263	4.377686
18.90983	21.73186	11.98232	17.66203	17.13309
18.33437	24.27506	22.11226	3.345609
18.32855	24.27506	21.97763	11.10571	1.06602	6.122083
23.97834	21.70364	17.28329	14.27728
23.97834	21.68368	18.87604
23.97834	22.0395	1.979471	12.00987	1.39281
23.97834	20.62365	18.20663	22.28464	11.89982
23.97834	20.85054	17.33752
23.97752	18.44238	9.287871	22.7221	7.777474	6.146179
23.98393	18.34023	22.27396	2.143381
23.9776	16.51981	22.0815	13.52847
23.94992	20.84284	10.83705	7.564902
23.94992	11.85636	22.11234	23.60209	6.741511	8.235188
23.94992	3.912949	18.27104	21.36734	12.84302
24.07356	17.52368	20.93997
24.06126	18.39515	21.72642	7.485459	8.009006	9.047789
24.00312	17.79869	21.71569	14.10611	10.10406
24.00312	18.42812	21.09511	2.988095
23.93963	18.17562	22.17331	6.910286	10.10075
23.95497	17.67085	21.77454	2.139782
24.07934	22.14094	16.75842	14.05022	5.354572	1.626978
18.77952	21.49896	11.53924	14.5707
22.62684	19.95427	1.221935
21.75279	14.31737	9.154628	8.289352
21.704	16.52813	8.813261	6.702895	14.20417	8.613579	5.522692
22.12761	17.5074	20.64217	24.12543	6.381485
21.69059	15.07159	24.01942	12.61802
20.77201	16.99037	24.01942	7.25082
21.79277	18.35674	24.01958	5.514088
21.52425	17.75561	23.95992	15.73094
23.97896	18.46494	21.68512
23.97896	18.38621	21.68512	18.26137
23.97896	18.11353	22.05762
24.02215	11.52497	20.62192	10.00462
23.96865	13.81084	22.06155	13.05854	6.144304	2.147032	7.19602
23.96865	18.31957	22.02427	8.553254	23.13207	2.933698
23.97684	18.13046	21.98932	14.66081	9.490654	6.11734
23.97684	18.08173	21.79528	5.084004
24.08674	20.66925	7.171298	18.30835	15.79022
24.08674	20.63733	17.14177	22.44129	2.303934
24.16349	17.3829	21.21563	3.525973
23.95485	17.53482	20.95585	5.317496
23.98659	19.05582	21.93692
24.01745	17.87263	12.28708	21.18879
24.04131	14.92422	21.63477	5.051218	4.52825
24.04131	21.59031	0.6671517	17.13617	7.998677	6.282266
24.05584	17.94917	22.07794	11.32409	3.298505	2.533944	11.00881	0.6325116
24.05584	18.43731	20.88199	5.755234	9.184489
23.98629	16.53054	22.02058	13.47178	0.5041627
23.98629	16.7137	20.61099	13.68477
24.08329	15.08142	21.36575
23.99539	18.40411	22.21493
