SurvivalProbabilities
0.4398666	0.3480257
0.4716631	0.4338526
0.4076518	0.3714603	0.3677946	0.3859175
0.3075296	0.4088239	0.4252807
0.3957331	0.4015691	0.3347599
0.3986986
0.4101976	0.4239206
0.4160248
0.3399632
0.3582608	0.3900852
0.3245598
0.3884748	0.3812701	0.3469
0.4223114	0.4066524
0.4153792	0.390787
0.3873205
0.4231005	0.4216204
0.3661033
0.4117844	0.3772227	0.4180166
0.3492302	0.3913237
0.3322796
0.4106983
0.3997152	0.4036308
0.423667	0.3657972

0.4031627	0.4116879
0.34633	0.3787982
0.3669163	0.4453541	0.446634	0.3962732
0.4297475	0.3373432	0.3873785
0.4081272
0.3723591	0.3801288	0.4306338	0.351934
0.466009	0.3400701
0.3792206
0.4236122	0.3730718
0.4482146
0.3949355
0.3657575
0.317806	0.4177186
0.3856974
0.354955
0.4052332
0.359043	0.3881044	0.3848306
0.3642714	0.3635912	0.4073078
0.4164163	0.4406209

0.4129384
0.426259

0.4158826	0.428498
0.4506475

0.4619487	0.4496002


0.4390552
0.4715981	0.3890157
0.4229313	0.4118035	0.4420189	0.4648044
0.3357473	0.3682023	0.3928078
0.4106319
0.3758334	0.4564608	0.3910574
0.3973226	0.4545084
0.4056131	0.4214187	0.3668271
0.3508745	0.4184923
0.3961357	0.3754456	0.4628799
0.4079427	0.409986
0.4063371	0.4237411	0.2950424	0.3541977	0.4351143
0.3718847	0.4346162	0.435871
0.3622557	0.4963365	0.4232525
0.4438113
0.3973076
0.4004168	0.3618849
0.3732866


0.4125449
0.3384114	0.3858216	0.3958933
0.482431	0.3965378	0.4138527
0.4140278	0.4571487	0.4197426	0.384545
0.362508	0.4305982
0.4159003
0.390897	0.398529	0.4688936	0.4529639	0.3698962
0.4624411
0.4507019
0.3516184	0.371981	0.445007
0.3245312
0.3853748	0.3531113
0.3587722
0.4023006	0.3969732	0.4193035
0.3853281	0.4364003


0.4094131	0.4066809	0.3841046	0.4270175
0.4009233
0.4362979
0.4894948	0.4120387	0.3427684
0.3720343	0.375926	0.4575103
0.3015764	0.3585021	0.4154663	0.4020036
0.4124766	0.3856666	0.4999587
0.4143246	0.3517222
0.4212588	0.390654	0.3883858
0.386207	0.4143065	0.4052451
0.466026
0.3999326
0.4101813
0.3892885	0.3851538
0.4100826
0.3975875
0.4293243	0.3435465	0.3901957	0.3821042
0.3225119
0.3771128
0.4428337
0.3863799	0.4468445	0.4025178	0.3933032
0.4228606	0.3807923	0.3873068
0.3485809	0.3611296
0.3034111	0.4761346	0.3999622	0.3746149
0.3986415
0.4206802	0.3881631
0.4176966	0.3918517

0.4357251	0.3822805
0.3548849
0.4371159
0.3719278	0.4445789
0.3877406

0.3549804	0.4652781
0.4680494

0.3804787	0.4035559	0.4465626	0.3766948

0.3428225

0.4144202
0.4320439
0.3856583	0.4069308
0.3759673
0.3614267
0.3610741	0.3528986

0.3172027	0.4416492
0.4388366
0.4320641	0.4228163	0.4007568
0.3567977	0.4188313	0.4048616	0.4512049
0.4245855	0.3852115
0.4089643
0.4621546	0.4471972
0.4158037
0.4260069	0.4319501
0.4303731	0.3413871	0.3824602
0.4274055	0.4306931
0.377137
0.3893131	0.3449169
0.4369753
0.4260152	0.3468929	0.4229869
0.3994568
0.4397281


0.4834864	0.4528545
0.4059342	0.4030496	0.3691707
0.3982718

0.3592285	0.3782393	0.3895709
0.3727864
0.3731341
0.298644	0.3880167	0.444905
0.347759	0.4055977	0.3989616
0.4033375	0.4131587	0.4472353
0.3899925	0.383135	0.3883847
0.3728365	0.4257582	0.4453005
0.3710701	0.3960008
0.3752915
0.4082182	0.3984719	0.4048568	0.4279366
0.4036784

0.3834471
0.4153843	0.4233465
0.4635036
0.4095383	0.4438467	0.3882726
0.3781218	0.4410318	0.4395809
0.3392766	0.3581478
0.3991757	0.386363	0.3934635	0.4648174	0.4208507
0.4150001	0.3941903	0.3635726	0.4038118	0.3717058
0.3933343	0.3656954
0.476349
0.4037171
0.423885
0.3366672
0.3955138	0.4037404
0.4019633	0.4303245	0.4128219
0.4236215	0.4041499
0.3596256	0.412477
0.311399	0.3871338	0.3844633
0.4320047	0.3800738	0.3406733
0.4514247
0.4335991	0.4061474
0.4065343	0.3952513	0.4085487
0.4125948	0.3969856
0.4083834	0.4430766

0.3138304
0.3562486
0.380259	0.4114406	0.4289094

0.3572559	0.4279364
0.3847358	0.3678625

0.3586348
0.4299852	0.4089594


0.4213155	0.4187949
0.4041433	0.3374032	0.3981508	0.4080145	0.3558462
0.3517775	0.3505252	0.4044988
0.3879905	0.4276466	0.4467246	0.3893007
0.4233173	0.4746013	0.3948473	0.3337484	0.387371	0.3943447
0.3946216	0.3650082	0.4097188	0.4154739
0.4178541	0.3834273	0.4568624	0.4342898
0.3861891	0.3729023	0.382372	0.3868349
0.4613391	0.3894675	0.3979652	0.3642061	0.4951793	0.4384176
0.3695305	0.3963472	0.4175203
0.3201849	0.3975174
0.3321242	0.423085	0.3563973	0.4375323	0.4008534	0.4093527
0.3833914	0.4066904	0.4738435
0.4524438	0.3923504	0.3490665	0.3743802
0.4112217	0.3391628	0.3991619	0.4213376	0.4194225
0.4634998	0.3792162	0.4004452
0.3517498	0.3579193	0.4969165	0.3537577
0.4772122	0.3828978

0.3867285	0.4096611
0.4061514
0.4261007	0.4168762
0.4312104	0.3703128
0.3297977	0.3893606
0.4410398
0.439891	0.3168862	0.4045604	0.4342879

0.3228845	0.3910147
0.4467644
0.3794562	0.4179832	0.4016053	0.4051745	0.3694462
0.4256696	0.4064177	0.3818613
0.3891586	0.3830796	0.4423725	0.4042342
0.4004488	0.4403723	0.4193131
0.3594836
0.3674488	0.4114619
0.4124411	0.3559052	0.3814456	0.391857	0.4198942
0.4077318	0.4287194	0.4354841
0.4238171	0.3988025
0.431414
0.363604
0.4121562
0.3829349	0.4176103
0.4032095	0.4067139
0.4204099
0.4181437	0.4109166
0.3988559	0.3327146
0.3894133	0.376339
0.4187268	0.3827711	0.4030942
0.3569682	0.4374015	0.4547847
0.4235785
0.3758631
0.4012295	0.370117
0.350081	0.3958475
0.3882033	0.3746337
0.3313643	0.4321398	0.3815162	0.3577525
0.4108118
0.4441708	0.4539342
0.371029	0.3693348

0.3928287	0.3793536
0.4231679	0.359954

0.3548577	0.4390157
0.4037733	0.3418347
0.4345575	0.2944905
0.4081398	0.4330213
0.359651	0.3792179	0.3640379	0.4530859
0.3691767	0.3738522
0.3957023	0.4392825
0.4189963
0.3802316
0.4367988	0.3834817
0.4419433	0.3690889	0.4746111

0.4292021	0.3386602	0.3546936
0.3277898	0.3918598
0.3808563	0.3482651
0.4469047
0.3055914	0.3766622	0.4468548
0.4244345
0.3963708

0.3837248	0.4212018	0.4273587	0.3740505	0.3900193	0.4053288
0.4149714	0.3846089	0.4155192	0.3778368
0.3941186	0.3910476

0.3910489	0.4429027
0.4196914
0.3793726	0.4202692	0.3919731
0.3841608	0.4314204	0.3445545
0.4177181	0.4183484	0.4295659



0.4222103	0.3476907
0.4412663

0.4676233
0.4131113	0.3770706
0.3630416
0.3815589	0.4074863
0.4372133
0.4370688
0.4441794	0.4618201
0.3684345	0.4544581	0.3939403
0.4707432	0.3975214
0.4027618	0.3641683
0.4454197	0.417004	0.3782578
0.3685191	0.4001212	0.4288189	0.3846318	0.4274171
0.3585541	0.4294667	0.3400605

0.3624085
0.3374975	0.3751896	0.3819199
0.4585606	0.3971506
0.3843488	0.3903389
0.4585212	0.4226169	0.3988906	0.4547578
0.4128718

0.4032809	0.4246576
0.4113765	0.3725617	0.3123442	0.4379572
0.3477768	0.3876902
0.3852574
0.4323866	0.45359	0.4247502	0.4024534
0.3790294	0.3592148
0.4092493	0.3224165	0.4393899
0.4650304	0.4163786
0.3979597
0.3905514	0.3857146
0.41288	0.4478183	0.3954932
0.3603244	0.4641637
0.397686
0.3845217	0.3811769
0.3253201
0.4792313
0.4432603	0.4705121	0.388966	0.4260326
0.4221659	0.3755161	0.4236618	0.3948541
0.4490016	0.3986721
0.3821249
0.3307603
0.4674649	0.3833911
0.3999967
0.3844433
0.4497852	0.4946941
0.3868971
0.3636556
0.4314425

0.365766
0.4284626	0.3719908
0.372474
0.3954461	0.3665552
0.3565127
0.4359514
0.356553	0.4268589	0.3807994	0.3756092
0.3391242	0.3742011	0.3705238
0.4804858	0.4088365	0.4356038	0.386491
0.4295406	0.4406249
0.4135717
0.3603282
0.417554
0.3989308
0.3769142	0.4337337
0.3892877	0.3611079	0.3833055	0.4423434	0.4591567
0.4389288	0.3032361	0.4813175	0.4132883
0.4535662	0.3880186	0.4158355	0.383701

0.4391568	0.3810582
0.371143
0.3265923	0.3482257
0.4114638	0.4070875	0.3603387

0.4190454	0.4395637	0.4526795	0.3922674
0.4224255
0.3732301	0.4037018	0.3828665	0.3936948
0.3585374	0.4219361	0.3537037	0.3630981	0.4365761
0.3319651	0.4491301
0.3542855
0.4551383	0.4586895	0.4207215
0.3230521	0.4699938
0.3706195	0.4403724	0.4255627
0.3882827	0.364668
0.4301077
0.4228069	0.3572938	0.4093419	0.3796698
0.3722832	0.4051097	0.3734725
0.4212613	0.3081031
0.4711718
0.3717688	0.4087654	0.4021577	0.4005271
0.3362124

0.360571	0.3774711	0.3986293	0.4344482
0.3469047
0.3526707	0.3768374
0.4332658	0.4069161
0.4408907
0.4546102	0.3971661
0.4110006	0.4038389
0.3884356	0.4040928


0.4091314	0.4416269
0.3868326	0.4165466	0.3758755	0.4320961
0.4042124
0.4575148
0.4715246	0.3948644	0.3584903
0.3878391
0.4111972
0.3930223	0.4350767	0.4603727
0.4294063	0.3766559
0.4058542
0.4475203	0.360904

0.4007606	0.4190517
0.4096145	0.4362389
0.3752001
0.3812873	0.4184068
0.4494141	0.4132477
0.3742224	0.4385261
0.3756261	0.3390902	0.3898663
0.3738994	0.3455398	0.4695391	0.416235	0.3632237
0.3304072
0.3613972
0.396802

0.38637	0.4272195	0.4111905
0.3350859	0.4219173	0.3812754	0.4075912
0.348819
0.4207636	0.3673159	0.3872038
0.3883558	0.4150937
0.3935757	0.3910452
0.3186026	0.4011589	0.4396211
0.3464647	0.42608	0.355
0.3814459	0.4065674	0.3820081
0.3876641	0.3830144
0.4386779	0.4255023
0.4253822	0.3918567	0.4054549
0.3587358	0.3801588	0.4102754
0.3988031	0.3809461
0.3804241
0.4252244	0.3730503
0.4035994	0.3317662
0.3713953	0.430178
0.4559648	0.3462499
0.4316923	0.4369591	0.3694374


0.3841092
0.4212944	0.4416911
0.346951	0.3871759
0.354265
0.4465956
0.382568
0.4423548	0.3603775
0.4552819	0.4230218
0.3852995
0.3166518
0.4011765	0.3584397
0.392937
0.4210466	0.388673
0.4089101	0.3647933
0.4358291	0.4382097	0.3991389	0.4088037
0.507545
0.3337695	0.4304376
0.3904329

0.4110728	0.4013753
0.4213773
0.3780823	0.4044757

0.3753753
0.3679854	0.4250314
0.4258485
0.4403664	0.4369319
0.3579236	0.376004	0.3688203	0.392321
0.4001719
0.3793694	0.4249776	0.4048193
0.3415585	0.4563758

0.4060049	0.378227
0.3672889	0.3644847
0.3841077	0.4636728	0.4739837	0.4154149
0.4095684	0.4128502
0.4303788	0.4338594
0.4019836	0.4491907	0.3710452	0.3462933
0.3550641	0.3776371
0.4161667

0.3553148	0.365293	0.3757083
0.40076	0.4135368	0.3928747
0.4721655	0.353166
0.4453877	0.3894852	0.3562008	0.3368883
0.3272977	0.3877412

0.3387851
0.3977028	0.333056	0.4050313
0.3796556
0.3903926	0.377615	0.4132425

0.4330363	0.3860659	0.4361225
0.3976352	0.4003906
0.352433	0.4442461
0.3874536
0.449304	0.3969863	0.455292
0.4236175	0.429997
0.4412201	0.4808413	0.4183959	0.4435058
0.3579635	0.3614196	0.3714666

0.4495696	0.4390044	0.4319753
0.3573504	0.3863471	0.4470317
0.4711688	0.4307736
0.4120012
0.3534123	0.4071241
0.4371838
0.4230815
0.3269521
0.4336737
0.4004311	0.3917384	0.3985638	0.3771788	0.3919983
0.385816	0.4271766	0.3269689	0.3702687
0.3785668	0.3697329	0.4307007
0.3844011	0.403959
0.3640233	0.4722673	0.4169286	0.3630149
0.4104531

0.350292	0.3901484
0.4250127
0.389704	0.492979
0.3494957
0.4050086	0.38335
0.4279775	0.3866687	0.4256638	0.3777829
0.3752673	0.4390471
0.3926176	0.4211192

0.3487802	0.3941006	0.3900844	0.4009469	0.3517514
0.444513	0.3730322	0.3893615	0.4238496
0.4501752	0.4292954	0.3594504
0.4080205	0.3271526
0.3500881	0.4483593	0.4074733	0.3285548
0.43382	0.4465174	0.3914897	0.4239491	0.3711844
0.3265041	0.3963757	0.3982711	0.3361184

0.4255443
0.4068417	0.4613088
0.3900797

0.4217754	0.4215505

0.4105224	0.3194607
0.3795625	0.4476571
0.3979657
0.3691516	0.4142083	0.4269214
0.3635255	0.4195058	0.4377735	0.3698825	0.3999661	0.3488744	0.442651
0.417918
0.359105



0.3707118	0.3944461
0.3766429
0.426055
0.4296005	0.3703156

0.3899039
0.3849433	0.3458437	0.3494634
0.305023	0.3616922	0.376874	0.3917816
0.4049702	0.388569	0.4143321
0.3964953	0.4065476	0.4120196	0.4041498	0.3638102	0.3600287	0.3270706
0.3194532	0.4372102	0.3310863

0.3835824
0.3746291	0.4059572	0.4650371
0.4078302	0.4429805
0.4280424	0.3488516
0.3960459	0.4917752
0.3944481

0.3449335	0.4387053	0.4470153
0.415948	0.4122931	0.3800543

0.3437667

0.3923172
0.4751031	0.430594
0.4281218
0.4355351
0.36352	0.4387591
0.4147994	0.4360778
0.4165324	0.4538233
0.4674278	0.4091923	0.4104663
0.3937932	0.3665073	0.444419	0.3908294
0.4026395	0.3762675
0.3866878
0.415138
0.4110822	0.3670222	0.4122301
0.3818826
0.4755766
0.4135029

0.4501776	0.4276941	0.4048065	0.341884
0.4130666	0.416774
0.3387144	0.4622063	0.3588145	0.3905289
0.3587858	0.4233748	0.4178662
0.3037608	0.442937
0.3884128	0.470954
0.352545	0.3648066
0.3534963	0.382353
0.4143778	0.3445823	0.403702
0.3633168	0.3091316
0.4581084	0.3963832
0.3968494
0.3889538
0.4334159
0.3121003
0.3651174	0.375697	0.3755536
0.3563264
0.411349
0.3771556	0.3811929	0.3322142
0.3421559
0.3583409	0.4764687	0.4515241
0.3947441
0.3555584
0.3825933
0.4448095	0.4178389
0.4433614	0.437755
0.3953263	0.4066549
0.3792991
0.3352105	0.3523002	0.3865963

0.4445492	0.3990102	0.3926482
0.3408271

0.4129501
0.3798988	0.455282


0.4276239	0.4295643	0.4072505	0.3847601	0.4138704
0.3880077	0.4053722
0.4347904	0.3860776
0.4683955	0.4057528
0.3742209
0.4462907
0.3497532	0.3781191

0.3881883	0.4173687	0.3950931	0.4019799
0.3904154	0.3751041	0.4056115
0.3899483
0.3839674	0.4171024
0.4223243	0.4037226
0.4169258	0.366121
0.4273454
0.3878371	0.3384205
0.3713888	0.4882893	0.4050069	0.4082651	0.3553095
0.3808352	0.4056652	0.4612223	0.3924406	0.3585871
0.3609481	0.3906847	0.4421646
0.4010437	0.4084701
0.3689627	0.4261119
0.3677885	0.371187	0.3754919	0.3964193	0.3732431
0.4545712
0.3910706	0.3847512	0.4086318	0.3638751	0.3837819
0.3842925
0.3710042
0.4201741
0.3448802	0.3670798	0.4165372	0.3476218
0.3959929
0.373466
0.4725805
0.3569128	0.4138947	0.3825763

0.3754307	0.3697997	0.3241338
0.3630159	0.3814859	0.4173251	0.3764715
0.4573598	0.4004206	0.4377405	0.4513067
0.3837
0.4025741	0.3671335	0.3826704

0.3522577	0.3606449
0.3825583
0.4508278	0.405971
0.4572282
0.3765721	0.4165423
0.4101191	0.3717583
0.3189232	0.4748876
0.393207	0.4535844

0.4105714	0.4146611


0.3481886
0.3791468	0.4485331
0.4444275	0.4072893
0.312504	0.437485
0.4153908	0.3691894
0.3823579
0.3748908
0.3942742	0.3756257
0.4125286
0.4028237	0.3294151	0.4004154
0.3704822	0.3859178	0.4144957
0.349841	0.3798223
0.4431918	0.3596808	0.3418566
0.445242
0.3934589	0.3994874
0.3659508

0.410368
0.3886754

0.3658384
0.4541103	0.4164305	0.4263661
0.4036373	0.4642063	0.3986122
0.4173667


0.3711539
0.4401821	0.4002123	0.3849726
0.4059264	0.4067337
0.369047	0.3703459	0.4191054

0.3850886	0.4111543	0.3663786
0.3941222	0.3640335	0.4087153	0.4044679	0.4466122
0.3742856	0.4043614
0.3376424	0.3460128
0.4275001	0.4027245	0.347371	0.4154291

0.3760944	0.3789533
0.3448359	0.3373334
0.4430403	0.4064773
0.4228544
0.4543905	0.3815268	0.4202495	0.3839094
0.402984
0.4422178	0.386732	0.36274
0.3456316	0.3403977	0.4367072	0.3840421
0.3989705	0.3949101	0.3621875	0.4651391
0.4034626	0.3866452
0.4372917
0.3999234	0.4399084	0.4069604
0.4143357
0.3080232
0.3172333
0.3955166

0.4235152	0.4260755
0.3813678
0.4375124	0.4122375
0.3544975	0.4038582	0.4275819
0.400327	0.3926821



0.4136374
0.4026624	0.4057382	0.383822
0.4129673	0.38922	0.4401671
0.379918
0.3603174
0.4150859	0.3914098

0.4608826	0.4262254
0.3626894	0.4068868	0.4092576
0.364645
0.3208227


0.4239217	0.441897
0.3759068	0.3937671
0.4172416
0.3634866
0.4320624	0.4287672
0.366708
0.3182361


0.4499867	0.4026085
0.3492046
0.4307257

0.3428766	0.4074806
0.3883973	0.4312969	0.3572155
0.3947631
0.3855903	0.328774	0.4047556
0.4374698


0.3507391
0.3913665	0.4167573
0.3876278
0.4166417	0.3431614	0.4447951	0.3755101	0.3169054
0.3749521	0.4413859
0.4249972	0.4086541
0.4528563
0.3678798
0.3792482	0.4499632
0.4275601
0.42038	0.4520328	0.4104116
0.3513644	0.5077392
0.426284	0.3766225	0.4203988
0.3805599	0.4245983	0.3722224	0.4329117	0.4746603	0.4341538
0.4326704	0.4064758	0.3857864	0.4230717	0.4412944
0.3525775
0.4786112
0.3991059

0.4540437

0.4543564	0.399743
0.3703537	0.3709906
0.3872086	0.4516497
0.4305983	0.421826	0.3977303	0.4285302
0.378392	0.3856919	0.4654302
0.3854611
0.3804757	0.4275797
0.4064821	0.4255631	0.3824174
0.3878775	0.4542923	0.4572613


0.4005132	0.3789129	0.337781	0.4011257
0.3959747	0.3789606
0.4088608	0.3708401	0.3813501	0.3733141

0.3855447
0.3701933
0.430644	0.4208453	0.3791756
0.4154988
0.3891416
0.4036109	0.3838095	0.4255156
0.4099664	0.4117252	0.3956179
0.3932761
0.4045124	0.4224721
0.4446219	0.361936
0.4378133	0.4360109
0.3814461	0.4120736	0.3872169	0.3497473
0.3924365

0.3890506


0.4125524
0.4160278	0.4719992	0.4053042
0.3947245
0.4041268
0.365531
0.3933075


0.4476476	0.4200451	0.4827085
0.3405214	0.425774	0.404965

0.3542444
0.3796498
0.3894044	0.45251
0.3354133
0.3353575	0.3601508
0.4224379
0.3398307
0.3797398	0.4176133	0.4528793	0.4155242
0.3940208
0.435424	0.3563108

0.4178879
0.4132869	0.3615671
0.3808591	0.4338341
0.5282528
0.4542673	0.4647187

0.3948718
0.3668198	0.4077271	0.4195817
0.4532354	0.4635068
0.2988002	0.3447533
0.4209136	0.3926812
0.3667756	0.3848734	0.4098848
0.3889222	0.392561
0.3588889	0.4244187
0.4468439
0.364498
0.3900485	0.4020721

0.416106
0.3680748
0.4810956	0.450524	0.4075875
0.4095073	0.3924329

0.4326279
0.4071238	0.375073
0.4331128	0.4184977	0.3780654	0.331317
0.4249508	0.4138347	0.412823
0.3634571

0.4459423
0.4685793	0.3998947	0.4910203

0.3094998	0.3598867
0.4540139
0.4329392
0.3797481
0.3651184	0.431622	0.3701013	0.4797652
0.4379842	0.383173
0.3699976	0.4302309
0.3624975	0.3644746
0.362968	0.4153187	0.3973143
0.3691086	0.3970529
0.4324825	0.3829157
0.3702183

0.4242703	0.3929988
0.3386234
0.4473247	0.394319	0.4655541	0.3850598	0.4636846
0.3846113
0.4094769
0.3985645

0.3877859	0.4392163	0.4197093
0.3596733
0.4616875	0.3434192

0.4794034	0.3964834
0.357877	0.4201816
0.3107623	0.3377804	0.41384
0.4228818
0.4139245	0.322633
0.3327902
0.437429	0.4045554	0.4377814
0.4343671	0.3707589
0.3513686
0.4112997	0.4096711
