ExtinctionRates
0.01071313	0.007639599	0.008057253	0.003218776
0.003200161
0.07010641	0.02287174	0.001846859	0.004284581
0.005600419
0.0234994	0.006002287
0.002387899	0.009650391	0.009286671
0.0118202	0.000678149
0.0006690682	0.004126803	0.01175984	0.1036054
0.07979572	0.01080703
0.007988797
0.01212848
0.002860432	0.003401477
0.001929339	0.001889198	0.01767911	0.03554284	0.01630085
0.007841162	0.03148979	0.002820912	0.007506617
0.01186878	0.005986329	0.001830311
0.002523465	0.0009588057	0.0009759091	0.004450262
0.03131133	0.008118228	0.05911534	0.001614354
0.009844838
0.002910671
0.004564851
0.0006066824
0.03853603	0.01023404
0.01907235	0.02045273	0.004170614	0.1739168	0.003927309	0.01505139
0.04705124	0.005062516	0.001925131	0.02577887
0.01433802	0.05762339	0.0006067218	0.02586178
0.00700374	0.001035096
0.0008951267	0.03242179
0.002266527
0.0421482	0.02725798	0.01309386	0.004998594	0.01210417	0.002066231	0.0155968
0.01336314	0.005782268	0.03996363
0.003199611	0.01280324	0.02893027
0.02376767
0.009385675	0.1234597	0.0003826352	0.02642382	0.0001220743	0.003091671
0.06653654	0.006599606
0.008671541	0.01392722	0.01099261	0.01207712	0.004143076	0.004275376
0.01843458	0.003483821	0.001672095	0.006572357
0.013447	0.0006858648
0.02136808	0.002668651	0.002822336
0.00409051	0.01104657	0.03634566
0.01940089	0.006379028
0.001533331	0.000656182	0.01185826	0.003431713
0.01693592	0.003489856	0.006904645
0.0287057	0.05936937	0.004758463
0.006122245	0.00165782
0.003765459	0.007402458
0.03194524	0.00601485	0.1495088	0.01095502	0.006267923	0.009369685
0.01974424	0.0003455702
0.006086598	0.003808325
0.01405777	0.0134785	0.007438931
0.002784707	0.01265116	0.07747126	0.0229945
0.06075247	0.01081004
0.00196364	0.006075103	0.01478909	0.006757761	0.002901418
0.003478117	0.03493637	0.005837263	0.009647178
0.003487906	0.005743612	0.006546899
0.0008860964	0.002503659	0.01577088	0.001517564
0.005409304	0.0007971737	0.008845083	0.001040997
0.01012304	0.002387577
0.01975052
0.004336343	0.02393319
0.01995911	0.02841715
0.01637187	0.02122163	0.008371536	0.01315501
0.02441987	0.001950086	0.005987964	0.01988064
0.002849479
0.01005466	0.006801114	0.01444302	0.04585578
0.1323081	0.005144274
0.04418265	0.01188137
0.007962473
0.03847253	0.001878611	0.05440837	0.009394373
0.001072017	0.008161814	0.07437672	0.005298554
0.007380083	0.03358089	0.005624611	0.005942389	0.007544812
0.0622295	0.009320396	0.05613076
0.03305295	0.001260678	0.008295775
0.01004098	0.007881601
0.009767193	0.0107338	0.007773296
0.0923763	0.004236558	0.007396711
0.003426159
0.05333614	0.009445588	0.04410462	0.05948904	0.008688579	0.01512499	0.07302053
0.006102833	0.0115523	0.0250141	0.02136439	0.006504705
0.0146648	0.003052371
0.0150172	0.01157681	0.00203333
0.0007558798
0.01241013	0.003456136	0.1757871
0.01368386	0.04032529
0.005683651	0.007295106
0.02391763	0.003723326
0.01948278	0.00991184	0.1176423
0.005407602
0.02492099	0.03119177	0.01737353
0.01754607	0.00867097
0.0124175	0.007827719	0.01790793
0.01501364	0.008444953	0.01089587
0.001209713	0.02607488	0.00129479
0.009880113	0.006167602	0.01612755
0.005449457	0.006560918	0.00626171
0.01152627	0.03339703	0.003630487	0.001088125	0.00256036	0.01111127
0.02239014	0.000886814
0.007311819	0.001478405
0.00310646	0.003479944	0.05504347	0.0203057
0.002126776	0.004495354
0.01501673	0.0009826108
0.02392759	0.008115559	0.3234853	0.01453469
0.002048603	0.001193507	0.06483623
0.008569243	0.05806984	0.008460516	0.04821926	0.008237698	0.03110887	0.01099246
0.05074468	0.01256447	0.0471732	0.02236085
0.112306	0.003853875	0.004234302
0.00620407	0.006124766	0.005037774	0.006995971
0.002764919	0.00407444
0.02437521	0.0008477165
0.01038623	0.01906302
0.05198345	0.01626744
0.03775113	0.05839636	0.01471481
0.007361511	0.01626119	0.002268447	0.005953512
0.09007202	0.01065551	0.001271382	0.01155111
0.007202865	0.007570157
0.03485373	0.02590506	0.02957405	0.0132217
0.0005066706	0.02713548	0.0268394	0.01395918	0.0008112418
0.03232489	0.03734031	0.002907159	0.003491966
0.02442027
0.02003332	0.004984052	0.007665351	0.004406105	0.03386208
0.0006777098
0.01308382
0.0007336406	0.004757532
0.004427684	4.144754e-05	0.01021439
0.007993022
0.006326494	0.0007596034
0.03578478	0.00686776
0.0006245963	0.0151986
0.005626101	0.01053773	0.01893534	0.02144007
0.0115976	0.01712301	0.05088392
0.0167963
0.002351253	0.0003327537	0.01671179
0.002141818	0.0152795
0.001939409	0.01489965	0.1263452
0.004420492	0.01375347
0.0005528878	0.004002685
0.003671464	0.01844219	0.03999314
0.006314936	0.08426178	0.01546648	0.02210562
0.05521972	0.01835167	0.1337951	0.001517279
0.006586436	0.001596796	0.006652005	0.06073584	0.01911105
0.01133127	0.003602654
0.008580297	0.003887931
0.004361665	0.02080644
0.009097701	0.007602294	0.05991742	0.02567806	0.004688613
0.007788294
0.02403431
0.01831483	0.01449226	0.002269759	0.003989884	0.002460641
0.02387912	0.003776745
0.01250452	0.01087159	0.002728047
0.02671362	0.01170719	0.004040119
0.07863786	0.005724052	0.006898676
0.003992847
0.005048273	0.03330201
0.0009366616
0.04199098	0.01522195
0.003515958	0.01708798	0.02581372
0.00247487	0.003639108	0.007203985	0.01313331	0.02651851
0.01713855	0.003912281	0.007665484	0.02581171	0.01482961
0.1658608	0.002998568
0.007950168	0.009369984	0.006313183
0.002929788	0.002504085	0.1054727	0.01079763	0.02797033	0.003966714	0.002090437
0.003776953	0.01670961
0.002759119	0.005804608	0.01380614	0.01770571	0.003913055
0.01803239	0.001437668
0.01647565
0.01590408	0.02022958	0.01199472	0.007090381
0.07356632	0.007155937	0.006216962
0.01041607	0.003324872
0.0488205	0.003042838	0.0154473	0.01082184
0.006798014	0.02761657	0.01399059	0.1109833
0.0354495	0.02314737	0.0009863155
0.00512235	0.0003682365	0.006098828
0.005571005	0.02711161	0.005526504	0.005759284
0.007377841
0.02476746	0.003939871
0.0008864877
0.008719107	0.007904891	0.07031249
0.02040493	0.005776724
0.003269067	0.01333675	0.0002194016	0.006033445	0.01688671	0.02088587
0.003184951	0.005596367	0.009544728	0.02328275	0.0008491223
0.0006538033
0.002203746	0.01250174	0.001356652
0.0294746	0.01050861	0.01411432
0.01311444	0.003424432	0.001568787
0.002930753	0.0006480552
0.01333765	0.01910314	0.0006009749
0.004432714	0.03924099	0.002568227
0.03580517	0.004822095
0.06789821	0.01386914
0.007466398	0.002354545	0.009921165
0.006975399	0.002929755
0.00198038	0.03016162	0.004483079
0.003669792	0.007539645	0.00217733
0.0006430226	0.005242216	0.011076
0.002645377
0.02405888	0.02161278	0.00397585	0.04824397	0.07209205	0.002716404	0.01796253	0.01851952
0.00107662	0.01939307
0.0422474	0.03838627
0.4022446	0.0113229	0.0222801
0.02248973	0.01935028
0.006057601	0.00882324	0.002149204
0.003735516
0.001014988	0.01335399	0.05806615
0.01034272
0.008138649
0.008827708	0.005597765	0.007773834
0.009993233	0.02060265	0.05589111	0.08392427	0.01564088	0.01998605
0.01223174	0.004975125	0.01507406	0.07410092	0.03271532
0.00797164	0.05113646
0.01936248	0.01915611	0.006959353
0.008382881	0.00130882
0.0196615	0.02526743	0.001875598	0.02636726
0.07405522	0.0129708	0.002069432
0.007701825	0.002013652	0.001594174
0.04769956	0.01002065	0.006945062	0.00626086	0.01943982	0.01532643
0.0006635032	0.0003583808	0.003273862
0.001061179	0.0005579743
0.002667453	0.05337591	0.02220127	0.004043697	0.009868779	0.002663805	0.03491372
0.0018976
0.01107932	0.002550689
0.01561579	0.004659301	0.05659086	0.004020988	0.0193961
0.001367151
0.0009315323	0.005822424	0.02213995
0.00321081	0.0007507778	0.004406161
0.003632814
0.02586578	0.0009077895	0.003344174
0.003167391	0.004174109	0.001850666
0.01563334
0.05065244	0.01193644	0.007747204
0.00619409	0.01731389	0.05919515	0.01923547
0.03490317	0.0170905	0.00892102
0.02525072	0.04933332	0.002347044	0.008563552
0.005914899	0.07108171
0.04388286	0.01403957	0.03583268	0.03756858
0.002773457	0.005424944	0.002498261	0.007214162	0.023591
0.001132592	0.02226101	0.02285959	0.01425619
0.007252383	0.01015995	0.002167034	0.00201123	0.04402332
0.002945705	0.006031336	0.002388914
0.01702948	0.001427604	0.05224433
0.001851786	0.002183601	0.02316914	0.003561655	0.001477105	0.04202225
0.001764542
0.03235161	0.00275551	0.006245689	0.001266131
0.001741203	0.006640924	0.007333117
0.06517765	0.004964729
0.001457886	0.006631937	0.003416257
0.004960837	0.01243127	0.002553372
0.001856384	0.001377608	0.0009157266	0.009239547
0.03327257	0.03925084	0.003131402	0.02603201
0.005598099
0.009353734	0.01591817	0.01859756	0.02794394
0.005170762	0.02332365
0.02559718	0.005197935
0.00286469	0.004455539	0.00611869
0.01135249
0.04337674	0.005018268
0.003934723	0.03157438
0.04997205	0.0004149765	0.002272426	0.009532771	0.003319692
0.008579192	0.04031857	0.004835356	0.01789423	0.001201818	0.0140434
0.04504531
0.007583063	0.01533031
0.01698289	0.0004293892
0.001445125	0.001564792
0.0009645347	0.004046873
0.01307331	0.04408324	0.002014328
0.02534217	0.002414304	0.01162941	0.00263288
0.03513868	0.001183536
0.007571403	0.001425307	0.002789875
0.01219936	0.04273669	0.02343237
0.008526177	0.0210085	0.00371496
0.01664171	0.01089752
0.02447172	0.02441623
0.0001145159	0.001926186
0.0008504031	0.05338147	0.02365428
0.02855097	0.01306493
0.005505938	0.005071778	0.01438048	0.002431643	0.003290877
0.005364564	0.002551495
0.00165281	0.002892062
0.003626988	0.01844156	0.01716981	0.04976035
0.009583914	0.006747412	0.00452595
0.01524305	0.01631326	0.1192577	0.02033883	0.0007448669	0.001681406
0.05828025
0.06787829
0.006622535	0.009817089	0.05413803	0.002635211
0.008989627	0.00121777	0.002443006	0.008088744
0.0008360717	0.02700132
0.001911652	0.004109065
0.01400557	0.008026095	0.01791277
0.01062316	0.02121199
0.01649249
0.005729459	0.007591097	0.007905712
0.00906663	0.01216649
0.01988767	0.006810707
0.03034719	0.001078068	0.01179317	0.004641255
0.001690914
0.06731514	0.004520962
0.235443	0.001325128	0.008516321	0.0009481655
0.008419836
0.005795448	0.003835383	0.02393919	0.005888858
0.0217145	0.01696316	0.01174153
0.009934399
0.005852698	0.001285867
0.1086592	0.01532191	0.00560296	0.02211098	0.0193351
0.03884502	0.04762573
0.01140894	0.004341033
0.0104462	0.009498365	0.008460172	0.06368592	0.003846718
0.003101104	0.01545394
0.002115704	0.1603228	0.007001662	0.001960706
0.002257697	0.001704064
0.006773021	0.01023579	0.003340442	0.003169505
0.02139979	0.02639384
0.03701054	0.0131581	0.01005666	0.009334633	0.001545709	0.0458275
0.009169075	0.008089907	0.00253258
0.01349738	0.0004771306	0.01762422	0.01346856
0.0009949276	0.07837042	0.004275191	0.001742275	0.02618735	0.1954682
0.0104038	0.002470464	0.1255217	0.00040932
0.005375646	0.001989819	0.01568368	0.1833562	0.001897284
0.03192216	0.001764472	0.003008391	0.004465418
0.01413211
0.004548618
0.0148529	0.01800863	0.1467658
0.04463241	0.01055697
0.04138613	0.1807433	0.004463119	0.001302413	0.004308725	0.0178446	0.06010698
0.002112148	0.004674864	0.01635305	0.01478114	0.008665655
0.01546573	0.01220714
0.004308705	0.03821691	0.009004183	0.006578637	0.01410085
0.01619002	0.0222534	0.008025641
0.004185401	0.004488848	0.0008159591	0.0107052
0.01200585	0.01513407
0.01052632	0.003607395	0.00709771
0.07357675	0.01075613	0.003139765	0.002505574
0.0005719255	0.01808806	0.007457019	0.001419971
0.01953122	0.0006719295	0.04717088	0.00526227	0.01509482	0.008697296
0.01075052	0.003504626
0.02296753	0.000549992
0.02274071	0.007673072	0.004073063	0.02289388
0.01259637	0.0008102597	0.008238604	0.02164326
0.08183521	0.04793697	0.05302693	0.06710064
0.004919706
0.01815889
0.001023336
0.001192977	0.01233059	0.01697389
0.0001742583	0.01552938	0.008312108	0.0008584962
0.001686623	0.00998652	0.00619745
0.005186014	0.02270991	0.01928571
0.09545874	0.002952405	0.001094802	0.02864908
0.01549664
0.008970985	0.0046538	0.0008693678
0.01532621	0.001260891
0.03041311	0.005583698	0.2293212	0.0004028523	0.00338026
0.02658456	0.01733719	0.009745234	0.01566766
0.1143088	0.007418896
0.02771318	0.003674371	0.006892599	0.003184719	0.003690896
0.001421428	0.02437424	0.01454007	0.003377552	0.04089162
0.001502954	0.006991522	0.03360489
0.005455866	0.02107437	0.004831342	0.004664966
0.007536911	0.003340544
0.002856171	0.01397371	0.004571154	0.008671266	0.002062331
0.003489821	0.006063252	0.005566788
0.001736565
0.03643391	0.01904644	0.003219812
0.005946593	0.007683909
0.06129904	0.0144175	0.02240009	0.01551022	0.004712727	0.09310885	0.00577522
0.002327462	0.001726085	0.00254553
0.01842399	0.01022873	0.01419576	0.007069843
0.343025	0.02650567	0.01628697	0.04845058	0.003774917
0.008377257	0.0038983
0.1461439	0.02119011	0.009090467
0.003332511	0.06208347	0.002352565	0.06073996	0.1182667	0.000428683
0.05370784	0.003864814
0.01489562	0.002680187
0.003547779	0.00790364	0.04147896	0.0107972
0.1110627	0.004529898	0.005994807	0.1111828	0.03193309
0.03215526	0.03830754
0.001171276
0.01650558	0.003258899	0.003773664	0.03552046	0.006464983	0.1014873
0.01091233	0.00319407	0.01674271
0.01677729
0.022247	0.0008405056
0.005355563	0.001928127	0.01060277	0.0555048
0.01157166	0.01114018
0.02959495	0.0003754699	0.001131771
0.001946365	0.01021662	0.02808155
0.01205618	0.003833834
0.03948257	0.0167876	0.003360168	0.01059087	0.006101918
0.01614423
0.001695619	0.09902719	0.03174807	0.04725721	0.03450559
0.003493121	0.004412869	0.01858294	0.006577479
0.07401927	0.01934913	0.04733575
0.009765987	0.003120809
0.00506885	0.005131113
0.02076274	0.007360085
0.01242404
0.02284372	0.02106749
0.008852255	0.01797787	0.004511856
0.01842383	0.002866261	0.0295604	0.01302319	0.001480832
0.0008925872	0.005693013	0.0009964861
0.004210899
0.002022499	0.01184562
0.1031022	0.02376235
0.02134482	0.05971967	0.004911806	0.02878694
0.01196469	0.009995279	0.1224686	0.0365555	0.001201959
0.007025627	0.02586842
0.007267667	0.00074465
0.01320164	0.0005397453
0.009208942
0.03751085	0.01945919	0.003060477	0.05810914	0.001781014	0.03159278
0.01458429	0.001271522	0.0378642
0.0024453	0.008309535	0.03373032	0.0003936454	0.01251693	0.01286983	0.001502614	0.002926892	0.02017289
0.07169797	0.03068089	0.01138005	0.00640865
0.004356731
0.01851887	0.006323588	0.0003808413	0.01245183
0.01028189
0.1312365	0.0004443981
0.01617992
0.004393424	0.03564594
0.004879906	0.007921584	0.02369514
0.07635555	0.01241655	0.08310903	0.01712692	0.01127575
0.007238238	0.01771552
0.01928495	0.009122753	0.01106673
0.1210333	0.007315815	0.006515868	0.002601404
0.007427237	0.00147988	0.01796695
0.0207493	0.005270392	0.01434493	0.009534814
0.001730813	0.001013047	0.02873491
0.002801407	0.007877609	0.002600231	0.02029805	0.009821584
0.00605463	0.01046003	0.03810719	0.006425914
0.001434598	0.01739562	0.007132533	0.004559012
0.04196967	0.006123754
0.003668386	0.01196221	0.03248271
0.0430811	0.004802506
0.01437029	0.01929619	0.01454948
0.08084635	0.08074005	0.005697667	0.2530049
0.001028338	0.01790925
0.006540163	0.01756191
0.01319679	0.04526103
0.004991006	0.002440735
0.007127667	0.004774154
0.000329372	0.005505543
0.01769953	0.01753449
0.001112037	0.02637021
0.03839317	0.003250754	0.01489796	0.003515885
0.005331764	0.01724122
0.07109323	0.02308052	0.00255082	0.007779491	0.0270283	0.004142431
0.00103743	0.001805315	0.02103866
0.008213902	0.001165207	0.008713975	0.0009260476	0.008180771	0.004728971
0.02406249	0.006753606	0.01293149
0.01346113	0.001273769
0.01407161	0.001542709
0.0004418063	0.02081536	0.02028338
0.01248791	0.002159574	0.0265789
0.001447763	0.01010455	0.003201585
0.00257194	0.00944157
0.01146633	0.005185682	0.004889984	0.003224099	0.004888319	0.0210198	0.02607891
0.004645062	0.01392808	0.04483168	0.04930019
0.0319799	0.0007882506	0.02416652
0.002849153	0.002272076	0.007396156	0.0004099427	0.02789435
0.01399854	0.03867993	0.04361184
0.008152422
0.0002693892	0.02196145	0.01699496	0.05948854	0.004807291	0.04351786
0.05657969	0.009940025	0.09324255
0.004099373	0.005566828	0.003306536
0.003521695	0.03806953	0.004007137
0.004709249	0.003646214	0.0378651	0.002426981	0.006053469	0.001169705	0.001597082
0.008257877
0.002723343	0.03551304	0.007246459
0.002296874	0.007740744	0.0001500719
0.03077363	0.0008151561	0.008142507	0.01192894
0.005894123	0.3606731	0.009537607	0.01424502
0.005595727	0.01341605	0.00231538	0.00194285
0.1074322	0.0008185192
0.01588278	0.02269185	0.003248744	0.03062189	0.03545587
0.001990847	0.01038245
0.00508099	0.02396707	0.001105312	0.003820955
0.003538568	0.1059507	0.01116087
0.001183512	0.006744794	0.01350603
0.03732741	0.02221326	0.01434457
0.02427288	0.007917429	0.0009342402	0.001911804	0.01091907
0.1023707	0.003416288	0.01998029
0.02369931	0.009549309	0.1344945	0.007423593	0.01221457	0.01784982
0.002056368	0.007500972
0.005593723	0.01287731	0.003857462	0.1077661
0.04259749	0.005848692
0.002341601	0.08075141	0.01389995	0.01210609	0.01721354
0.06203255	0.004142725
0.02395091	0.02042662	0.01145001
0.02901127	0.0004328879
0.007821207	0.00106289	0.01252241	0.00447153	0.03647492
0.00489166	0.009951652	0.06048446
0.002215265	0.0188548	0.002964372
0.002774092	0.002661819	0.01533417	0.004831069	0.2161932
0.02015101
0.006678567	0.005528525	0.001209745	0.01082472
0.008003574	0.0003950188	0.01474226	0.002061399	0.01641921	0.02092113	0.003155029
0.007122085	0.02792541	0.009213856	0.004501437	0.01501263	0.01028937
0.001396251	0.01058192
0.02904369	0.006295482
0.008076669	0.00979387	0.004180703
0.003061137	0.008953868	0.00300399	0.01412964	0.004006116	0.006720985	0.004922785
0.00675499
0.01301421	0.01469796	0.001991775	0.01106786	0.01870822
0.01967692	0.006299648	0.004479487	0.003563092
0.008639777	0.008658196	0.133437	0.007559495	0.02881375
0.0300441	0.006184882	0.005869815	0.003289518	0.02759475
0.00900317	0.01039768	0.006782681
0.002025346	0.0209686	0.009451671	0.006531307
0.04710245	0.001173449
0.00117779	0.001604088	0.001447147	0.009888395
0.003674272	0.001569241	0.00129609
0.008078669	0.003507759
0.048074	0.007602842	0.001638871	0.01408734	0.003075065
0.006753396	0.008992393	0.002968459	0.02933537	0.008449432	0.004036618
0.005341232	0.001103293	0.003288525	0.0008776063	0.004227291
0.04352316
0.02128484	0.09442297	0.001192195
0.2377802	0.001651997	0.01592131
0.03447142	0.07226807	0.0007515012	0.002163766
0.02966475	0.004869168	0.1164515
0.001306564	0.002921538
0.01214555	0.01602379	0.007119216	0.002937419
0.007746364	0.07411091	0.01879575	0.01171711
0.004664844	0.01474085	0.02594627
0.004083729	0.04882274	0.03749028
0.003084755	0.03432623
0.01157479	0.001690696	0.02313233	0.005615871	0.004861056
0.01451423
0.001967828	0.01045244	0.01418219	0.03633674
0.02884981	0.02094924
0.0005209154	0.00499057	0.0005509336
0.02090874	0.01716869	0.002583172	0.01192876	0.005333732
0.003907668	0.02222619
0.003394612
0.03726757	0.02029718	0.001699374
0.01008522	0.001633729
0.001096757	0.002130974
0.001523546	0.01236479
0.00444963	0.004636566	0.01187811	0.003633062	0.08308257
0.01365164	0.005505815	0.004985653	0.003162325	0.0329388	0.004449882	0.004403729
0.004425909	0.01302821
0.0002543474	0.04658154
0.00301324	0.002253279	0.01996193
0.02233967	0.01061587	0.003031568
0.02122374	0.0113302	0.001669727
0.06833513	0.002875418	0.007627807
0.05644178	0.0006811045	0.05021838
0.04105243	0.003379373	0.008293645
0.006477604	0.005797767	0.0245931	0.005670532
0.009860388	0.01121732	0.0006674174
0.01300495	0.01512357	0.02653295
0.02355463	0.007136306	0.009967697
0.009690188	0.00247961	0.07191905	0.03465284
0.004331176	0.001351579
0.05015263	0.002321792	0.006516125
0.06908038	0.001768665	0.04776887	0.006660048
0.002195132	0.009576566
0.009926677	0.009282654	0.009865412	0.007426363
0.002717721	0.004345107	0.03347565
0.00536108	0.001186832	0.05470582	0.0130958
0.007558903	0.002480026	0.00289707
0.04477718	0.014453	0.006298964
0.01999735	0.007343536
0.02076112	0.02396578	0.002497395
0.003623872	0.00153812	0.004304029
0.006873181	0.007418543	0.001744493	0.0007839802	0.004907744
0.01177907
0.01896779	0.01148538	0.01021681	0.006930042
0.001683904
0.01438489
0.0335385	0.1919788	0.01135607	0.003158937
0.008792152	0.02043433	0.0004322385
0.02850265	0.01752157
0.007157039	0.007144989	0.006775076	0.002185195
0.03735579	0.0159815	0.002319894	0.008313944	0.02505708
0.03270972	0.001641754	0.02962091	0.0008434769
0.01569413	0.0152593	0.0136695
0.00649442	0.001552786
0.003512798
0.0008065962	0.004074385	0.009794015	0.007679987
0.02261873	0.02376472	0.000370048	0.005540825	0.03456585	0.004576438	0.003049977
0.033878	0.005586686
0.002434622	0.001659133	0.005718975	0.02001968	0.01186119
0.01913713
0.06697724	0.03219288	0.05671957	0.0005231691	0.003237046
0.0200551	0.005327731
0.0728086	0.004573216	0.00289692	0.02734377
0.00889493	0.009287022
0.03074654	0.04648731	0.005383845	0.03978442
0.02848286	0.003052488
0.0007220836	0.006346469	0.006975166	0.03506388
0.02231436	0.01057112	0.002390828
0.03284157	0.01066541
0.02073476	0.004517583	0.0183516	0.01344927
0.0818027	0.00785352	0.008115439	0.03571879
0.05100343	0.005441015	0.009745203	0.01588045	0.5345748
0.00231447	0.003388712	0.01298139	0.006012647	0.01258079	0.01428696
0.007207047	0.2835029	0.00228415	0.005283833	0.09777402
0.002269074	0.002670148	0.03969632
0.006472251	0.002405551	0.004114947
0.00533609	0.03466004	0.01746364
0.002709353	0.03079066
0.006097547	0.0280277	0.09335831
0.003093617	0.004529527
0.006638901	0.001256522	0.03360224	0.002814282
0.01152139	0.00340653	0.02705679	0.01643807
0.008503217	0.02312253	0.004345067
0.006673987
0.00113181	0.003858775
0.008405296
0.01331517	0.0001410343	0.2338556
0.03224588	0.008555037
0.0084524	0.0007445521	0.009243028	0.05085069
0.08202019	0.00274564
0.01500727	0.001471885
0.008557852
0.01965044	0.005047028
0.02656535	0.002509053	0.04212056
0.1049932	0.008759039	0.05026065
0.03925202	0.009286218
0.03341518	0.005957339
0.00117737	0.0123976
0.004884164	0.01379984
0.008380364
0.004145288	0.006743142	0.03070188
0.007340849
0.00222636
0.003452328	0.00973423	0.008652534
0.008325921	0.01082039	0.1411858	0.03128761
0.07201195	0.01106991
0.008552755	0.04920037
0.003442085	0.003055223
0.03371485	0.01341135	0.02935408	0.04604088	0.001436245	0.06191849
0.007127283	0.02826353
0.0169304	0.01883182	0.004341079	0.01353969	0.002419749
0.008427883	0.00561505	0.004044366
0.07327541	0.007294386
0.006128163
0.01592754	0.006696063	0.03993346	0.0008134905
0.005040032	0.02365349	0.01739047
0.0760668	0.01260049	0.01085824
0.0160728	0.005378047	0.003003141	0.09288806
0.002676363	0.07728834	0.05745339
0.00608423	0.0002430715	0.01332349
0.0446624	0.02952526
0.02478902	0.001194717	0.01019511
0.005443659	0.001899339
0.02965604	0.006078032
0.02521143	0.01175012	0.01087067
0.008201111	0.001876538
0.003145821	0.00535531	0.004785677
0.007095592	0.007937935	0.02778871
0.02084972	0.01191029	0.01013123
0.07178532	0.0303451	0.00985971	0.009319672
0.002999773	0.01790912	0.01223742	0.00166848
0.0008229766	0.006868129
0.01240081	0.002721376
0.01642196	0.003146335	0.031202	0.002243222	0.03036353
0.007027507	0.004925076	0.003490523	0.02736008
0.003060201	0.0003246385	0.01057933
0.0139729	0.004479579	0.002696167
0.002278176	0.03789302	0.00313758
0.06514539	0.008408293	0.1210702	0.06098875	0.00375415
0.006423748	0.002448881	0.00546292
0.004887304	0.006862935
0.00610063	0.008715574	0.001762013
0.01381378	0.1045369	0.01488028
0.03481408	0.01123323
0.002181931
0.001639971
0.0160724	0.003499212	0.004925416	0.03259765
0.1125053	0.001551509	0.01110939	0.03612487	0.00113157
0.01112102	0.007055154	0.0008484007
0.01211006	0.004472493	0.004906211	0.02990269	0.01773977	0.02909025
0.001839331	0.001669363
0.01062418	0.01190217
0.01072271	0.01314023
0.04461593	0.01989707	0.1805144
0.002099714	0.004467052	0.009056791	0.001328256
0.006398177	0.003512038
0.04007945
0.004348124	0.002653842	0.006696708	0.01936499
0.03369352
0.006848772	0.002522067
0.1477373	0.00119966	0.01235575	0.002329542	0.001815559
0.0006106282	0.009837489	0.006546627
0.002199401
0.03045723	0.003009293	0.005777421
0.04973827	0.001804404
0.02176783	0.03614299
0.01283741
0.004519016	0.03347415	0.0349443	0.03072585	0.002503943	0.01797376
0.01838075	0.2475079	0.00257036	0.05470496	0.0834432
0.01563354	0.002946566
0.002069483	0.002963934	0.006463723
0.1009821	0.002775964	0.005417096	0.006034669	0.04510561	0.002227777
0.02561747	0.003256999
0.0008962438	0.01604235	0.001321633
0.004389232	0.003730154	0.001695423
0.004495608	0.01043299
0.03050132	0.0142651
0.1045138	0.02004955	0.0006805306	0.01431495
0.001855776
0.01108295	0.03972063	0.03259415	0.002072826
0.01034884	0.02770476	0.02773045
0.0006980485	0.02059409
0.06328963	0.02489879	0.02357038	0.02797265	0.002350095	0.03285301	0.01016529
0.009716717	0.01998896	0.008305317	0.001617562	0.1161722
0.008994867	0.008348501	0.03501564	0.03582497
0.0295876	0.006567766	0.003926057	0.03802919	0.01356296
0.000260006	0.002575518
0.0005276107	0.01007871
0.01787651
0.005145083	0.010847	0.0009688724	0.005225907	0.01636025
0.008865103
0.002264295	0.02286091	0.1442489	0.0001414638	0.005384894	0.006825281	0.02217263	0.008517146	0.008101587
0.003316147	0.03572529	0.007273924	0.004303321
0.007405408	0.0005169023	0.0009255705
0.003156389	0.01747459	0.01312729
0.06768799	0.09383276	0.01729572	0.0150449	0.05296482
0.003582882	0.002941948
0.005135296	0.009965042	0.009695259	0.0008308462
0.001296998	0.0006767668	0.01094247
0.01428987	0.02657449	0.000952044
0.01499179	0.006515378	0.007636244	0.00403442
0.04228004	0.0007356096	0.004994781
0.006516683	0.01001411	0.1389518	0.002182111
0.005288886	0.002403698
0.01249792	0.001833704
0.0006148795	0.001948817	0.005401153	0.01248507
0.01611994	0.003145491	0.007995982
0.01757033	0.02011263	0.01478124	0.004903256
0.01098418	0.006321868
0.08305144	0.004150634	0.003950832	0.4403137	0.004030633
0.04039649	0.03922733	0.003168055	0.005995465
0.01038727	0.003929769	0.01273213
0.00375571	0.004855483	0.002974983
0.001919372
0.004051651	0.02598489
0.009186194	0.01385914
0.004871792	0.01595603	0.002308321
0.03445836	0.05431798	0.01725271	0.0004378433
0.008032376	0.02079398	0.000561928	0.002852765
0.003625378	0.01765378	0.001515141	0.002416679
0.07580717	0.009360878	0.03105236	0.004035935	0.01734642
0.03538366	0.02522249	0.005728121
0.0009629664	0.003049474	0.005661813	0.006180503
0.002114791	0.006429125
0.0008129576	0.04528944
0.02547348	0.004052844
0.00493003
0.04232406	0.001436411	0.01525004	0.007650519	0.03134188	0.03173641
0.009432491	0.01184235	0.02291062
0.004466585	0.0004334747	0.01837314	0.01061137
0.1805715	0.006718621	0.01702849	0.0573246	0.002285894	0.007203944
0.0143035	0.02274176	0.05704308	0.007237047
0.01531904	0.009131456	0.002422772	0.002270072
0.006973232	0.01085196	0.02001926	0.0739942
0.0199818	0.006063834	0.003633833	0.004130998	0.03653428
0.02953818	0.01119599	0.009251382	0.002304891	0.009851865
0.01227585	0.01032317	0.001648456	0.01093792	0.0004750537
0.000484544	0.01542973	0.01299775	0.01989918	0.006524254
0.02727329	0.006632258	0.05577077	0.007323178
0.006419166	0.00968887
0.03179856	0.004381813
0.007614745	0.0009345287	0.006314534	0.004556672
0.004575604	0.02406695	0.00214331	0.02170561	0.00235116	0.005005237	0.01767884
0.01001017
0.01688561	0.0009449234	0.006523175	0.01291367
0.01302666
0.007616279
0.002002857	0.001448832
0.007763401	0.01071134
0.02457665	0.07334947	0.01331654	0.004417467	0.006935379	0.006402879
0.02414381	0.0216141	0.01094915
0.07739889	0.04895495	0.01164713
0.0016882	0.02330058	0.003074604
0.004208855	0.00388115	0.001293001	0.112112
0.008234223	0.01426
0.007663345	0.006423518	0.002980885	0.0130677
0.0009540243	0.01034457	0.01082024	0.07535377
0.009931991	0.003337804	0.01514229	0.05811186	0.009822285	0.02952525
0.002178332	0.001792756	0.004424666
0.08083717	0.004880864
0.004962635	0.007602604	0.008691206
0.01706496	0.004778493	0.01002415
0.0426504	0.01439181	0.02864587	0.0001895586
0.006055078	0.009134612	0.07938922	0.02216497
0.006707167
0.006847347	0.00175847	0.07326034
0.010009	0.002193691	0.00319097	0.01918028	0.007928933
0.0006806243	0.001498286
0.01171837	0.0199303
0.02777268	0.006605798
0.07094446	0.01362879	0.001538118
0.002822533	0.0005942634	0.02618813
0.005636071	0.008104716	0.00088883	0.02308822
0.001551374	0.00154565	0.1420312	0.001677472
0.001355877	0.0167576	0.002343428
0.02899119	0.00093998
0.004231292	0.002284185	0.006419584
0.002723564	0.004134998	0.0002749637
0.008317725	0.004807155	0.005292055
0.005442799	0.001408185	0.003245971
0.07295008	0.006633865
0.004368993	0.009147223	0.01647197
0.1110667	0.002731211
0.002672887	0.01254477	0.06296325
0.005065285	0.01142734	0.003291766
0.007128318	0.002291246
0.08636935	0.01723177	0.00267605
0.05609185	0.03118559
0.001577982	0.007496682
0.001080458	0.01762748	0.002036902	0.01616862
0.004592545	0.01279633
0.007041273	0.1107482	0.01095535	0.05491868
0.05930232	0.005207295	0.003221885	0.01735213
0.0115732
0.004996543	0.007137754	0.03799862
0.01996316	0.009721708	0.000711414	0.07403308	0.02517517
0.0135616	0.0344278	0.002914123
0.04223493
0.008922388	0.0008799521	0.02088003
0.02054722	0.001672568	0.01243316
0.06109989	0.0007492789	0.0724825
