ExtinctionRateChangeTimes
2.167811	5.58306	6.172869

18.66129	13.10458	18.75902

21.18308
14.46579	15.81468
6.952744
20.75038	18.65713	0.3802028
5.041149


6.070214
24.69306	23.22413	13.155	15.54679
24.98674	9.49502	6.866322
15.46559	6.586593
15.9242	24.16269	1.637965
23.72996	22.11543	14.18219




22.33026
6.068422	8.869725	22.75314	6.317588	18.2788
2.952109	12.41809	15.76456
22.00525	15.94024	23.06357
12.98046
7.236291

21.12637	3.490015	13.69304	20.02536	5.964171	16.35523
20.93934	7.467263
19.53783	2.934849

5.962724	21.77842	10.93811	2.220995	15.28438
15.01718
6.785028	16.67398	6.686976	1.820892	3.319976
14.57035	8.098199	5.516031
20.80638
2.208564	11.13325
17.92967	6.485989
21.26448
4.842936	2.23334	20.98042
17.80733	5.828006
0.5780267	19.02721
12.07681
12.30564
16.95963	12.23329	23.31504	6.461814	0.9654925
2.702374
15.28293
14.87871	14.06523
14.18187	1.048889	4.541429
13.77585
22.04177	16.69375	0.5432296	19.72593
21.95457	9.584101	24.49677
16.34844	18.14816
24.60639	0.3150056	24.49787
7.611882	3.189175	13.69154
3.515483

11.08072
23.05053
14.966	9.085031	10.65898
4.015345	19.22085	18.78197

19.70251	6.803399	13.00275
19.63677
5.045392

2.189915	21.52452	10.29498
7.814964	0.2740953	13.88472
17.50295	4.531188	22.96934	14.06464
23.29567	3.432473
23.49823	5.814448
14.51353
10.01385	18.02952
20.33461	7.177451

18.12826	11.80626	0.7851536	8.24633	2.833895	16.39532
6.974162	13.97126	3.679743	24.78878
1.729717
2.354441	7.474374

11.53725	10.91215
16.04227
2.130273
8.32303
11.85815	9.778978

9.801763	15.86205
19.94943
8.316271	23.04513
17.83744	20.88614
7.227676	19.21612
7.36045	4.972594
13.37102	1.797822
17.14366	17.39798	14.14479	21.16406	24.40515
24.56392
17.24129
5.840219	20.02227	21.61601
10.56453
11.60626
15.90898	14.56238	0.06833267
9.285059	11.13095
5.846713	17.74896	15.96353	1.173148	14.82425	0.5167798
19.14878	24.36924	13.73371
1.479833	23.93827
11.5869	18.4009	4.308224
16.72545
9.539695
0.2349201
17.44214
4.185229	12.61784
15.51592	16.68884	6.127732
22.28943	18.39137	24.94115
13.22455
13.60139	13.49707	18.53942
7.889169	17.51032	14.56493	16.60065
15.85199	3.541439	2.92343

7.425883	5.849838	10.84304	3.299333


0.4826891
13.45874	12.43103

2.192432
4.621258
5.819457
21.9052	10.8124	23.62068
18.0821	1.718095

18.65272	9.415906
18.59881
12.19507	1.930292
6.809038
16.29256
21.66222	17.79768
7.030706	20.50526	23.87302
20.14513	12.25983	24.13522
20.453	22.79068	19.0757	14.1444
6.024907
15.76553
17.98068
10.88452	7.136656	22.14833	17.91683


1.110712	19.76847	0.9369999	16.20412
18.83761
21.22628	3.721775
14.50083	2.384698
20.15412	20.68979

4.216559

8.336832
24.62974	17.64453
1.166678	18.29619	9.800051	0.6522418
9.68497	22.87654	24.2533	6.059177
7.043068
17.63402	9.792089
8.355452	14.5562	8.040117	10.47432	19.46373	19.37918
3.983934
0.03315676	9.23549	21.99682	11.93666
15.11165

2.551146	13.80945	7.588601
11.44329	21.19986
4.384081
18.00526	9.209607	12.67938
3.469233	15.01932	10.56992
23.42048	15.80744
20.66274	0.6201171
7.62756	9.655305	2.852487

11.83979

17.34548	24.2329
16.43335
3.527358	3.255739	1.094652	11.37165	14.28871
8.210766	12.19087	12.44663	20.38777

17.71493	23.74373
20.42823	0.8097781
18.48857	17.80684
7.551943
0.6470999	20.40269
1.69246	12.14698
8.366514
15.94015
4.97401	10.8805
0.9183059
23.51502	9.778174
18.60984	8.417925
16.9065	22.52943

9.474097	20.70076	17.88839	10.75616	2.605143	20.86747	23.00366
6.644574
11.10481
4.861981	1.619427
13.97621
2.807323	4.035597

18.66378	6.347083


2.044345	7.352681
16.6078	2.107607	18.00478	20.06091	21.15702
18.81628	15.50542	16.7693	11.9847
15.38699
6.98017	19.25418
19.29186
15.6688	13.09173	13.3358
21.49286	0.9935779
6.530849	2.169859
3.303056	1.579163	20.71823	10.90236	4.000829
15.41987	16.64502
3.096899
2.310908	3.14922	17.93946	10.04082	16.13026	18.43462

6.495486
13.91288	4.96991	16.75898	15.21438

23.79471	15.45037
10.48195	7.034737

15.28991	0.522133
1.93227	0.9150811

14.13767	24.57418
23.48169	24.56193	18.59174
8.125704	19.60579
6.034429	4.747105	2.485771
24.49278
22.51587	5.011146	13.3173
4.852568	4.751024	14.99657	9.119994
11.23504	5.454415	3.002432
19.74017	5.712635	15.9133	10.67103
0.06389115	13.47952
10.94605	2.684787
16.53732	24.1238	16.04221	20.51015	7.086277

12.7663	2.478199	21.7289
17.09656	20.82679
0.05501938
0.9512954	7.460026
10.77626	5.126693
16.9233	15.51473	1.518171
0.2303465	9.472553	5.758995

6.773858	0.4716086	4.199326
6.504626
16.43041
15.26001	19.48156

19.62282
2.097011
15.86149	23.73233	12.29126	5.262929
19.07871	21.4573	5.03186	1.484568	3.166342

17.63906
17.81935
15.48088
20.2115
0.7901179	14.82332
10.43608	24.36673	13.49627
10.38056
0.7213224	6.863425
18.47403	17.40698
4.568679	6.510551
7.082311
8.794019
1.496737
24.30817	9.36107
11.08099
9.999345	2.866866	20.96066	0.6915836
5.937158
13.09187
11.65957	6.277829	7.44262
2.54925	24.41308
16.95951	10.26943	8.242492	16.20025	13.49797


9.220605	20.02739	15.74554
8.627772	2.040917	16.77629
7.466322
3.33742
7.824852	12.14325
5.801848

9.439478	22.74271
7.447962
4.262125
1.486632	5.551649	2.537723

10.18263
7.394181	9.714378	24.93956

23.49883	12.11994	18.99459
0.789589	7.687043

11.61658
18.47069	15.72848	7.008258	0.02162224
7.819319
11.5887
0.1581341	22.02942	9.738273	19.13985
18.87799
7.480445	18.0937	22.27395
10.52932
4.311497	18.75788	21.47518
23.28638
11.80413	5.588135	10.9923	18.71021	2.666338
6.776345	19.57856
14.34229	17.01603	14.30413
18.06168	18.33031	23.2066	9.026656	2.487959
9.586584	2.337	8.62754
9.70838	14.67406	4.401974	12.92704
17.23343	15.8676	21.35817


11.38676	4.289535
13.38884
12.82614	17.88185	1.202281	0.4279583	21.44876	10.20779
7.592077	12.37584	16.23263	12.60553
19.36162
2.453834	2.109514	15.96425	0.8855877
18.27428	9.898786
12.72437	10.8237	13.88841
2.309101
7.02659	3.228232
18.4965	18.95122	19.95452
7.200926	9.296127	22.20036
17.94084	1.532898	18.75271	23.79957	13.70068
1.621283
18.20477
5.911303	3.436527	21.21548
15.24781	2.019066	20.43892
18.82485	11.42724	19.56928



22.71299	22.37154
7.55677	14.12001	4.805284
14.42908	22.39252
21.08803	9.345422
23.76615	15.908	4.494832

4.638608	17.43209
12.39386
15.79168	11.65583	13.91878	23.24513
21.90039	16.42976	17.32518
17.45719
19.8435	5.331041	23.65694	7.794797
15.36263	15.99782	13.35848	4.209462
19.69076	5.197122
0.4001264	2.065361	19.51099
14.10129
23.87772	1.704666	15.19098	18.7633
23.01726	22.83494

0.4720902	12.24813
7.776586
1.118401	15.87365	10.42448	22.88075	12.90207	5.447085
1.810353	22.61308
18.28068	0.2902628	23.15384
17.96428	5.848068	5.507244	9.837868
7.773714
5.744545	7.74344
2.961655	21.84875	20.66675	9.864953	19.37383
12.66383
15.69984
5.741267	20.95608	11.9909
21.21092	6.223295	2.960053	11.89912
21.67189

22.0587	3.046191	16.75289	23.35955	8.011627
22.95809	22.5954

11.4909
1.506183	16.47461	23.46891
18.93527
11.50706	16.31244
15.3054	8.630895
2.145546
21.69539	15.84037	19.89022	3.473568

4.68096	16.30618	10.04197	7.315799
10.12735	7.471235	20.1858
14.67202	5.477811
24.84283
23.4532
13.162

14.64064
12.02352	18.78534
16.77695	11.98243	23.74226	12.85667
3.062891	8.219225

17.82593
7.809073
12.98955	21.94212	7.50848
1.069729	8.451486	20.0156	6.277621
21.76701
14.02863
6.667583

6.353947	8.59735	18.47063	22.81934	13.20725
13.05753	9.406563
19.77746	12.82337	11.0177	5.225596	3.852122	15.75189	22.83315	4.243173
16.43417	18.33069	18.06189

5.825551	12.10724	7.295126

20.01694

10.04013
19.04361	9.526605
15.42572	7.549034	10.71515	0.8675227
7.856651
2.457508	18.9053
12.97007	4.947376	17.38803
8.868699	13.92736
2.335953	0.1375566	20.54095
13.78144	5.931163
15.13102	0.5700447	5.760438	4.522697
21.39978	13.79338	5.214644
6.277243	24.58054	23.02226
14.39246
21.38796	13.63477
9.889135
17.49267	18.69674
22.94232	11.29044	23.97486
20.92979
9.941941
22.90684
7.392817
15.24284
13.03862
4.60697
12.74522
4.735581	2.008242	16.70908
6.276713
11.61555	10.4649	19.19386	6.201277	1.123594
17.34933	17.69059
10.03154	23.96263	10.81386	18.74199	10.89246
13.0539	24.7383
19.26391
15.83588
18.88501	23.86482
21.12217	17.41217
14.4977	3.327694
11.47411
8.814009	13.01328	3.113655	23.10062	23.87352	10.80029
9.157852	22.80899	9.014791
17.03806	10.89958
19.37168	0.8640932	19.65098	21.28129
22.04409	10.2022

24.70029	22.84602	4.839732	6.019695	23.64752
10.15871	2.423054
22.64694	9.604803
19.13687	3.907742
17.47098	0.4009543	2.64359	17.51381	23.56211	20.57262

2.679197	4.026176
15.80673	15.27158
4.505654	2.894814	14.8718
14.48705	15.16832	7.451038
8.832764	15.30151	7.437331
2.289022
10.95986	17.74339	1.087056	11.84211
13.66901
12.17177	6.873156	3.112643
8.202322	17.93627
14.73436	3.167164
2.740089	10.72208
9.524232	1.994135	15.43021	21.81366
5.703065	2.288681
23.8968	4.639052	1.729474	17.59915	22.60967
14.28298
20.37558	2.156452	13.90926
15.05981
14.71383	17.16403	14.54312	22.25766
7.623088
8.434232	3.533097
24.68825
12.02634	15.22414	9.624587	14.94243
13.25995	2.516933
2.707883	22.86304
11.43509	20.4816	10.01663	2.956321

3.161335	19.9198	19.09682
12.11614	9.213946	13.8663	23.99285	14.42676	6.632539
12.55042	14.13872	21.79016	5.673554	14.67404
13.18156
10.57723
6.994419	7.002594
16.71093	10.62782	7.384953	17.22369	2.444057	6.142239

19.14371	17.58304	8.528239	15.45515
12.98064	6.576772	12.13859
9.35256	14.61425	14.14741	15.49962
11.76958	8.080396	21.587	7.572305
1.910329	0.05450324
11.59525	23.32668	0.0954123
3.530425
11.91284	2.672007	3.070611
0.09090109	24.07389
22.32482
18.46868	19.68665	2.857739	3.549155
11.72344	3.46591	3.854833	12.57736	0.33857
16.32601	18.0247	23.49723	3.619898

24.04289	6.7185
5.645738	24.61019
12.76882	15.58923	23.87852
18.80815	2.773596
0.9222762
19.84878	16.42149	11.5082
12.38412	16.44791	16.7206
2.671539	21.1539
7.713437	16.52892
8.365293
11.64341	9.278579	8.519001	17.26682

21.8242	9.611747	10.59067
8.471306
18.93268	22.05812
10.15576	16.84746	1.041334	16.93009
12.40494

20.5998	5.881947
17.00288
22.45188
0.7299956
3.284515	20.84442	11.67448	17.3368
14.49045	23.39998	6.651735	11.67606	21.45592	16.87141
22.05269
24.33591
14.23781	17.99403
23.97031	0.7009129
2.500927	9.49545
24.10843	19.65662
18.57937	3.912808
11.41931	19.27361
24.28955	7.756301	1.630861
0.5574097	13.65799
4.997746	7.659556
18.52539	10.32286
18.30157	15.79775	13.83394
15.3261
0.361323	15.77717
20.91048	8.364274	1.162568
18.7494
16.82912	10.26733	11.68574
5.395123	8.123823
16.25727	8.759708	11.5954
6.380608	11.87016
1.031169	14.63711
6.904726
2.158278	10.10026
16.49786	10.26131
22.75031	21.87334	23.34671	5.135458

19.85524	4.950999	19.63368


6.199536	14.52793	16.83594
21.76004	19.01277
10.88547
14.18223	22.48163	18.55073
22.92041	0.8453463	8.383137	21.77786
20.38515	3.101263	4.632949
23.53229	10.89047
15.6171

20.57038	0.7705789	2.059363
20.16139	8.043774	5.565659	0.2288888	6.406026	14.08666
13.96025
4.506392	11.71737	13.16826	12.17293

10.63131	24.98357	8.847443	11.90298
5.610868
11.92196	5.092171	21.27741
24.0666
6.197018	19.23121	10.29459
16.37111
18.56867	0.5157139	11.17776
4.024326	6.286194
6.118489
3.483737	18.3545	3.269482
18.96403	11.77766	15.46426
18.78683	18.54068	7.57367	16.65454
2.329441	15.80042	16.43482	18.9989	1.854973
6.531722	21.1495	20.03683	0.2718082
7.52895	23.61004
7.449748	4.692828
12.1716	16.32333
21.93074
8.905867	24.24698
20.57946
9.904319	5.678991	11.48088
3.10548	2.081527	11.71182
16.1726	20.69825

4.55866

15.73868	14.69841
6.050863
15.94678	9.552569	4.729168
16.62874
5.653495

24.42165
19.44403	23.97486
21.87552	20.8333
20.17808
10.60711
20.9991
11.16077

20.00384	23.30565


15.79323	16.43373
0.6372473	22.61549	0.5184832
21.11101
20.50383
14.22881
18.48548	13.70108	4.468368	11.925	11.52765
21.66365
21.35039	3.340819	9.879189	15.73274
3.995378	9.426063
16.23083

2.41443	1.680649	15.08265
3.458756	19.19486
19.93192	21.54284
4.350867	18.47961	14.66447
15.59781	3.45914
3.537255	17.47805
10.54904
2.598377	2.529565
4.497416
9.47857
6.18639	3.938994
8.46086
21.89617	7.488619
13.41098	9.620595
7.088843	9.187707
24.61295	11.95409	9.154087
2.145676	12.16665	13.59745
3.315882
17.14601
21.69027	15.75858	18.82083	18.70292
24.70573	2.991602	14.37129
22.58992	22.37098
11.23051	10.18218
9.580165	9.133481
20.25158	9.15616	0.2633965	23.57892
6.006297	7.599892
0.4689711
2.390551	3.607915
22.15756	6.555594
20.85871


16.22285	18.20344	2.797517
24.48453	11.66932	11.40129	14.69851
24.38337	4.206094
6.008842	10.91001	13.72581	15.75505	8.252316
13.20509
5.107985
11.18061
17.57008	7.477939
19.19171	20.446	22.80095
11.94226

8.960272	11.81574	17.43953

12.38954
17.87597	23.45245	22.6261	21.30273
9.903438	9.375197

12.81407	2.015937
20.38883
24.92713

17.91517	11.54093	6.698734	5.885119	19.80647
17.05926	17.59117	23.73336	1.578251
14.96136
19.45612	10.00103
0.1247698	14.00288	6.537088	9.849445	12.66685
9.949454
24.6967	7.194944
19.03792	15.41433
11.31541
6.825698
2.911497	14.59048	3.600665

3.492696	6.128084	10.91434
18.85459	16.77517
12.30155
0.2343726	7.023739	24.32213	11.59098	0.9595574	0.7721036
24.83868	17.22243	14.37524	11.46781
11.36575	9.243022	10.06005
23.85502	13.83975	8.013501	0.776111
12.91857
7.602358

14.22946	18.708	9.451035	6.726237

10.44137	10.32426	19.50052	12.86888	16.89908	19.79833	19.13476	20.02508
23.68059	5.916594	7.36182
2.655291	20.70944
1.868459	4.632882
22.64859	2.792625	19.6552	2.981553
9.140773
0.9019549	3.522363	7.746517
23.05861	19.41169
11.11477	18.14837
7.063782	9.302448	4.864529
18.88914	21.94919
17.95917	9.229813	10.54274
17.26037
16.4881
8.913043	24.27723	16.68309
11.60463	10.16734
22.43209	2.985472	20.39467
12.30537
19.91259	5.891085	15.71497	13.27864
8.091183	12.95717	22.70812
16.06822	20.98256
10.93061	5.435943

5.967385
2.678285
14.78984	7.922135
15.99756	20.26343	4.988543
18.1569	0.4881022	5.36333
16.74717	11.66742	10.88846
5.370478	8.968084	16.44089	5.313686
21.51042	7.909437
1.780497	24.6022	10.1102
21.3826
0.5961875
16.82929

16.05538	10.33402	7.055427	15.45396	22.09828
21.97924	24.60625
9.950236	16.47483	9.276027
8.638878	1.758266	22.58041	15.47956	22.09415
2.759216	6.789337	12.66306
14.9986	7.076883	6.531841
8.34929	13.409	24.78163
23.80938	10.39316	24.24727	5.842121
15.19035	12.76188	16.19899	17.78315
7.829541	13.71654	0.5207909	19.73808
20.28484	13.23746	10.82758	13.32717
13.15086	6.258746	9.825749
15.82555
14.32021
23.70417	9.68965	24.94277
16.10493	13.7605	12.97695	13.44637	18.47224	8.377897

11.41441	6.277846	1.287374


21.54282
6.087403
6.58706	22.78133	23.79565	16.51039	7.860714
23.49277	15.38376
9.240355	10.07789
4.747502	17.70303
5.70735	13.60434	1.221674
22.15038
22.01512	6.39163	21.49514
22.54427	4.259466	3.778833
7.535983	3.014932	10.96531	2.444139	24.81701
4.751631	18.0487
11.16156
11.44455	0.7890909
24.67605	19.9983
14.14823	0.5920765	21.56431
17.27514	6.183001	17.20951

8.065678	4.260905
16.70355	1.918892	10.11083	12.00151
11.33539
2.604636
13.34388
15.90492	8.422864
9.682327	1.048158
12.17303	5.324315	22.22564
12.17945	24.19557	20.06234
0.08519939	14.07388
12.47537
3.082527	18.98617
4.653548	4.999245
9.485723	15.40678
17.64004	2.974603
21.69491
20.37882	13.468
2.738707
22.38812	1.62749
0.938784	20.5806
6.747406
1.797793	21.20177
3.147629
18.44671
14.15735	10.22135	14.26158
18.40544
22.96887	11.34378	24.5873
2.501746	6.406382	24.90725

6.2483	1.632012
8.672596	0.919656	2.503111	17.19785
22.84305	15.3104

12.16702	1.247981
20.78139	2.588907
18.02708	13.24559
