MassExtinctionTimes
17.92753	0.5637963
15.74611

18.24778
16.87188	11.66341
15.21689	13.74311
18.57566	16.8407	15.47802
17.94377	14.05672
17.90081	18.17304	9.689266	2.337258
17.30805	15.03573	11.37557
18.0849	13.01566
9.611932	3.931153
15.65775	9.308391

17.11867	14.05178
17.93375
18.05937	3.551501	18.31777
16.72433

18.21029	16.8927	3.780649	16.2004
18.46626	0.04021995
16.8397	17.07872	11.7766
18.27002	11.50633

14.00626

16.80513
17.7667	14.92147
11.76402
18.77621
17.31459	11.64189
17.58832	18.4521
16.87897
14.84889
9.964807


15.45627
16.49833
9.1932	18.35355	16.50636	17.15349
18.47141	14.92895
7.929825	18.39105	17.12778
18.36818	7.485848
18.13876	16.89572	5.731454
18.13687
18.38024	11.32525
18.43505
17.61718

18.38948
16.17685
1.503358
16.98039

13.59497	16.77592	17.10003
13.75972	17.59809	7.589992
17.41	18.26306
18.39925
18.10129
13.98619
10.9661	17.99004	3.075449
16.54019	17.52995	9.784529	10.64995
17.96107	13.57485
16.61089	18.18702	17.23696	9.934251	3.722834
12.04136	6.339632	13.81942
18.29982
17.8895
18.07543

6.807319	10.11313
7.234528
18.14621
18.22326	18.48481
18.11554	16.13492	12.66302
18.15932	10.30381
18.31431
18.29106	18.19307
15.10905	17.9558	8.263346
18.3309
18.45201	15.68935	11.8731
16.64551	12.99992	14.38746	10.71208	17.66853
12.12356	18.49381	10.63499	15.91224
18.35047	15.58283	17.12922	12.51901	13.54107
18.09449	11.39607
18.37071	17.09527	15.68254	3.535444
17.96856
17.33203
17.3312	4.361592
12.41854	15.3657
16.5638	4.516275	18.26071	13.36801
17.61495
18.09763	8.678096	15.74002
15.57515	1.599145
18.31883	5.179719
17.28458	11.33281
18.38988
14.57808
18.47052
18.19294	10.14923	15.49568	19.08155
18.31856
8.56799
18.18642	15.22229	17.72722
18.4231	10.03679	0.9984563
16.77627	18.84758
11.65437	14.60432
9.552726
2.906071
17.72316

18.42854	17.87342
9.873422	11.65024
17.71733	14.74566
17.98621
16.19803	15.41631	13.78353	4.193683
15.75602	7.784327	13.75228
18.38352
18.20088
17.93854	15.14469
17.96571	9.640668
18.8142	17.89606
18.32509	16.87538
16.46907	18.46201
18.61556
18.83731	3.666526
17.27802	15.69462

15.08133
18.12957	6.851765	9.620855	3.928369	15.94726
14.32982
9.783615	16.33446

15.91124

3.386518

11.69393	12.48665	17.59107	3.643821


18.21439	15.09734
8.876105

18.25726	14.57105
18.36405	8.479148
15.43675
18.12993
16.18165

18.0123	16.9115	15.33383	14.49029
18.35789
18.47905	11.35835	14.84861
18.0492	10.23253	13.79285	18.12067
17.06142	9.349712
18.19025	16.63424	0.6240188
12.08016	15.23291
6.620825	16.23251
2.8534
14.42199

15.35305	17.78096	10.1582
0.9678245
18.01361	10.39186
17.17202
18.4687
18.4687	13.69634	16.80276
18.4981	12.03964	15.699
17.03383
16.3976	11.56371	17.82572	14.62393
17.84958	10.37466	15.84384	7.074789
11.65184	3.364857	19.33303
16.96901	9.705844
16.87179
9.376013	16.99948
9.719159	16.32972
11.78181	18.40607	18.3603
18.28746	14.95499	15.23788
17.77848	15.37579

14.96274	4.91596

17.48724	14.5702
10.41009	8.09573
18.23285	11.11387	15.49121
16.96066


10.47088
16.07534
18.65804
17.42223
17.9934	10.01833	18.38802

17.50848


18.41738
18.5053	17.26928	11.40089
16.50779	18.38417
18.44797	9.910225
15.52419
17.7306
9.113575	1.51362
15.62053
12.70012	7.417621
18.43749
18.05366	5.597422	16.98293
16.81936
16.88382
11.50896	11.56911

8.273498
12.24513
12.40626	18.32703	9.308477	1.048168
18.45807	17.51491
8.517652	9.86208
18.18676	8.033124
15.53357
11.08515
16.86042	17.08663
17.63991	16.58285	11.64245
8.754589	11.20348
0.6620559	13.70969	17.93412
16.97997
18.48298	10.15727
18.08309	8.639301	17.39618
9.540131	15.44337
14.43267	14.83642
15.24377


17.75873

15.67361
16.31604

18.18093	16.44722	8.954876
18.36056
17.59042	13.72446
16.87547
17.4061
18.66673
18.35746	17.09459
1.795822	16.78963
10.98852	18.58984
16.988	18.47757	15.21879	9.937398
18.20862	8.528224	14.30736


19.32336	18.01222
17.96611	3.791807
17.97813
18.19361
14.33944
18.271
18.38781	15.42733	10.32299
16.5982	18.08088	11.54966
15.54677	18.40439	8.009869
14.45004	17.30132	3.952044	0.1892577

8.485323
18.17097	17.30985	2.518712	7.300329
17.03588	17.89812
17.90455
12.51559
18.10723
12.69909
0.0570205	12.6531
16.9365	15.61511
17.87458	18.16487
9.555171	15.25206
13.16219
16.40752
15.67318	9.035032
17.92832
18.28975	11.13875
16.04295
15.71252	17.8069	7.044417	12.17016
18.24069	15.24239	2.586484	11.23643	1.458983
18.32441	15.13721
15.02622
17.18874
18.44445	0.1546067
15.2023	18.46095	3.939027
17.41854
17.26601
14.23072	18.59066
16.13527	7.697593
15.45129

15.71647	11.82274
18.38421	18.45431	10.47398

7.378441	18.31509	15.50772
15.66694
18.61181
14.55901	16.79853
18.36649	17.02155
15.39811	17.57228	4.472254	16.07278
16.47459	17.97296	9.427399
15.59905	1.514756	10.65023
17.91848	16.65254	10.29718
8.860938
6.0306
4.025219

15.12801
10.15237	16.33728
18.63593	15.50298
16.28161	15.24872
4.922425	13.07819
18.33262	10.96729
11.29343	18.27248	18.20945
18.13116	13.87292	8.493327
17.996	1.695731
18.31757	19.53087
9.751748
18.14678	10.50565
11.6877

15.06081

18.05935

15.88667	9.361927
18.35387
18.2062	1.906937	16.49482
18.34642	15.21323	7.35775	0.0481537	17.03457
16.80243	18.23468	18.29027	12.97361
17.69642	17.76553	16.21008
10.7683	17.96878	0.9935802	15.65171
8.333451	18.45195	16.54463	10.46455
17.76076	8.599484
16.11857
17.31867
18.90827	16.5747	11.54794	1.526723
16.79731
18.23677	15.31297
16.95463
18.20222	15.13711	14.77795
16.2996	18.5105
14.8662	18.50056	18.00569	3.071702
18.41444	15.3927	3.42989
18.41444	15.53458
15.13806
18.49068	13.57782
8.265225	14.80387

18.43189
18.5107	9.823573


17.83819	10.76243	8.392955
16.37386
17.17307	8.994622	3.402262	2.002054
15.00623	17.35814	0.06153008	7.898037	11.66749
15.27456	17.92797


11.15902	16.07563
4.360183
18.45765
16.33882	9.412072	4.107928


14.93702	11.65131
11.61282	18.42001
18.46069	17.15285
16.13136	17.26817	14.82169
18.3167	3.908955	15.26553	8.487601
17.14703	7.439536	14.88275
17.9938	18.33977	10.83166
17.97087	12.31521
15.93823
15.36202	16.21195	0.3058193

0.4270371
18.46469	11.67977	0.3412092	3.799196
18.68645	2.844104
16.50928
16.6769
12.18919

14.82455
18.13701
18.25603	10.16667	11.5896	17.68215	11.36932
14.79112	16.44362	9.171406
18.41615	17.19544
18.52339
18.6294	15.48127	7.899896
18.42097
18.48632	1.374223
17.35716	15.75128
11.74626	18.04111	1.728037	16.61091	16.85045
10.56518
14.63402
18.29868	8.690364	18.22818
18.22467
16.57117	0.201134
17.30999	15.38184
15.36674	11.06256
17.95933	17.63324
18.60314	11.67752
17.65353
7.933174
17.20442	15.68595
17.70835	16.95897	7.780377
15.77385	18.13479
18.31446	18.12434	9.248619
18.45406	14.98534
18.40262	2.707505	7.443293	4.25997	14.70661
9.403393
19.02222	9.403137


14.63607	9.690352
15.49448
16.72501
8.447579
17.82411	8.236604	17.1509
18.46851
9.683243	14.45712
18.07267
16.78993	0.003520682	0.151069
14.44853
14.05493
11.1899	16.67798
10.58421
16.85184	6.228387
18.39081	17.31291
10.79149
17.29319

14.729	7.93527
18.43913	14.34071	14.56227
16.62412


18.76541	16.9515	14.81882
17.6007	3.675464
14.75226
11.49772	13.22513
16.68608	18.40124	17.46799
18.50056	18.16173
18.86606
18.52041	1.895451
18.47063	10.95781
18.47964
15.60615	12.45079	4.615247


13.96774
7.780825	16.9866	16.83699
18.3245
15.4055
18.43368	18.30777
14.80919	18.48153
14.81371
18.25321	3.626135
9.417542	11.78053
8.478771
18.38654
12.20241	1.346409

18.27864	11.21982
15.52716
19.11259	11.65869	7.179573	18.46951	1.95614


15.18123	4.085055
17.94141	8.716053
17.8311
17.79866
17.95105	4.30735
12.11186
18.44493	5.593234
18.01516

1.381029

11.65793	9.449962	1.559025

17.92566	1.779955
17.18619	11.04935	16.09776


19.08287	9.18317
18.52786	9.613646
17.1815	17.8955
14.22114
18.11854	15.32663	5.118987
18.38877	14.72028	7.533774
18.30813	14.70163
16.96081	17.97463	10.53907
16.74366
18.24946	18.45385	18.22608
18.34009	14.46475	9.81743
1.16843
9.604337	4.121571
18.26967	15.13836	8.96261
11.38525
8.776294
17.19221	14.34117
14.33305

18.46594	10.53086
9.964488	0.3163336
15.79838

15.56504	17.28165	0.4495794	9.72245

9.83564	18.19039	12.78264
18.19815	16.23861	10.73405
17.97807	14.29505
16.7147	15.38008	18.50752
17.20746	11.3304	15.20177
18.49935
15.47976	9.304121
17.26382	16.77976
18.33295	16.55594	9.836549
18.11781	6.280358
18.68007	7.570987
15.33776



15.8041	0.3929285	16.42947
16.28103
16.03457	4.492275
16.0234
16.56872
16.76406	9.944025
17.56328	7.584951

0.5613245
18.23624	15.42196
13.07324	17.99205	8.037869
10.69776	18.05805
11.02564	19.57132
18.6849
14.81764

17.42961	16.6557
18.42426
0.4235882	9.231463
0.2708994	14.47981
18.4686	16.84925
18.44451	16.79341	14.28426
18.12369
18.44407
18.25931
18.1487	15.60529

15.69825	16.14762
15.73708	17.97042
17.78363	15.08977	18.2776
14.71839	17.84366
17.84806
16.91832	14.30321
18.21071	16.58343
18.3348	3.644022
18.23571
18.36166	11.48552	15.40347
16.58605
17.30341	18.47807	9.47373
16.14669	16.07537
10.7364



7.388912
16.87914
15.78148	14.98982
4.346988



14.51627
18.20828	1.754226
7.76577
18.25388	8.05943	12.33126
17.16805
18.3218	14.80052
3.544723
18.27973	7.561387

18.43301	16.18924	15.05818	16.84211
16.06321
18.50675	15.75477	17.12391
17.95123
17.11057	14.09389
15.12793	17.2227
10.7221
17.34282	8.340107	15.69537
17.14374
17.142
17.94602
17.305
17.01462	5.896957
17.24691
13.93486	15.6938	15.19997
17.46515

9.951204	18.08561
14.89918	17.77722
17.99461
16.80725


14.07865	1.894712	17.06562	11.59642
12.04874	18.32093	6.628813	17.27766
16.11895	18.50695	13.22626
18.49095	0.1927091
16.56006
9.926161	18.28796	1.755062	16.67173
18.30778	11.61378
18.21788	16.13534	17.00127
11.54735	17.28217	1.644955
16.95562
17.30108
13.60478	0.6038298
18.4453	11.48001

18.46201
15.31005	18.0387	16.55723	0.5080071
11.28574	17.28227	14.149	17.82344
18.16641	17.1171	11.66201
16.21043
18.26824
13.1669
17.26063	13.64296	8.919032
18.31839	18.88636
13.77122	15.46978
18.32674
18.08848	3.030523

17.26121	10.49277
18.15917	16.86984
18.45837	14.91837
17.25095
18.083	3.492564	10.72979	14.93861
15.73695	7.747207
18.15814	12.30816	5.24144	8.562757	17.08767
17.19619	10.25587	14.43552	1.333493	16.29019
15.02263	18.311	10.84959
18.18451	8.787449	17.74111
17.16742
0.9935158
14.243
12.97514
9.734713	11.40476
6.744054	12.35774	8.892007
18.02943
11.78482	15.01374
0.04609712
18.14523
17.83703	0.3281669	10.79571
18.30885	14.77959	17.08455


15.49675	0.1149869	13.75205
12.66646
16.7201	14.57179
15.33222	9.404101	12.39572
18.4181	0.3774521

2.34174
17.61195
18.41058
8.368047	17.95632
18.13945
18.47626
13.01628	17.81903
18.33577	18.10181
18.04578
17.92281
0.1198101	8.920061
19.07036
16.3991	3.75277	18.12798	8.077703
15.52882	18.42097	3.000856
18.22185
19.02486
4.939549
7.137716
16.45634
18.26248	17.28713

18.27014	0.5027947
16.73076	16.26151	4.195777

0.2997245	18.93719

16.06833
16.83856	5.56948
15.21111	16.38409	1.138534
15.30411
15.71505	1.012605	17.99507


18.46752	15.81075
10.94092	17.12949
18.4701	15.81537
15.94758
18.56505
18.25245	9.445886
18.16099
17.29833
18.13814	15.11087
18.93805
18.13659	16.68931
11.45862	19.01804
14.77672
18.29499	10.94366
19.06133
9.869799	17.34211
16.95949	0.1192383
17.24848

18.29965
15.07901
18.33442	16.42813	14.79445
18.10174	17.18969
19.05688
11.25987	8.784267	18.38604	16.9111
17.14177	2.220788	18.04635
15.10528	18.15017	18.82103
17.62588
11.58308
18.47098	11.25354

17.16948	7.879678
18.46546	14.83441	4.089687
15.7878
15.12827	11.70199
18.23689	15.45671


0.5967938
9.885147	7.989258

5.211384	17.02868
4.018665
15.55628
7.857357	17.98047
17.7595	8.072498
2.931241
0.4123208	17.18461	15.65645	8.642687
0.3045948	18.37994
17.96826	17.17481
17.77114	13.27215	14.46332	14.86469
17.35338	9.719675

10.62644	17.22593
15.44741	18.33586	9.145769
17.99035
18.42665	16.74919	2.886283
18.52498
18.15518	11.44406	16.66733
15.29159
15.34443	18.2311	9.370585
11.39157	17.25441	18.17014
19.11085	15.19616	17.518
14.63107	18.20212	18.01759

8.801988	14.26413

18.46424	7.563514
16.81001
19.00291
18.40309	15.87296	9.265766	1.037655
10.53275	18.39569
16.95967	14.38522	17.36271	2.338251
18.20832	8.311264	1.099248	3.168416
17.82565
2.115296	16.79408	7.371865	1.576651
18.10492	16.99182
18.36028
17.65402
15.19802	15.62655
18.07649	1.770524
12.92566	3.50517	18.47146
17.34957	11.89569	17.94311
17.84233	15.19087
18.48058	0.4563187	17.81822

15.45555
16.30203	3.128722
18.12185
18.27992	8.532225
18.04731	11.39021
18.23647	9.856262
17.85682	10.54248
3.688717	11.31052
12.47214

18.45846	11.57305	15.79368
9.054125	14.83904	17.80104
17.98156	12.4872	0.6115013	6.261832
13.6317	17.47326	0.1796955	0.5699854
16.99114
11.69056	18.33196	14.7975

18.16456	15.25245
15.21936
17.86625
18.05527	15.87436	17.77656
10.03609	16.93336
15.56328
14.3657
14.32153
19.0455	10.82884
18.60423
18.14168	8.601757	14.60038	12.56647
15.12871	18.14111	9.771167
17.0233	10.63767	18.24367	17.08379
14.9435
19.09904	15.60692	11.60995
18.4918	18.50473	15.53645	10.45178
14.79845	16.05611	15.62517	8.922596
17.04932
19.11038
18.80143
