SpeciationRateChanges
24.15017	22.05842	16.55384
24.10856	17.04152	21.65477
24.14674	18.96706	22.17482	5.933003
24.14261	18.30028	21.73524	10.61581	6.25627	10.26765	16.77632
23.99496	18.1433	21.73524	16.12438	13.78989
23.99496	17.2659	21.86708	14.62108
23.99496	5.686621	21.56545	4.542965
24.05993	4.708443	21.23519
21.80893
22.40908
21.72559	17.05767	13.83895
21.49556	18.48685	13.13209	18.46167
22.71739	18.90616	22.44224	22.21108	10.80588	22.44505
17.65518	21.77178	7.09027	15.31894	22.77779	1.699961
18.18837	21.71668	11.74804	8.508022	8.693134	6.209023	17.8891
17.19131	21.89106	24.02266
24.07665	18.44256	21.19914	1.60816	25.03556
24.25778	17.97434	21.87172
18.05139	22.36828	4.60429
13.85918	21.70004	5.71684	4.172143
22.42608	21.68527	16.52774	15.66896
21.51626	24.18167
23.95778	17.23622	21.95201
23.95778	18.08845	21.63607	4.83906	23.53522
23.95778	18.05283	21.69835	1.537554
23.96014	19.01337	22.01925	17.53418
23.96014	18.64265	22.16889
24.02419	18.59275	22.22907	13.22667
24.05865	18.30331	22.30316	8.933108
18.72162	21.31386	23.36084	18.18761
21.77093	17.73498	12.11764	0.03664193	9.824374	23.87256	9.802281
21.55542	16.04136	24.25515	9.107981
21.74785	24.00842	16.49715	15.26898	5.029141	14.4438
21.18918	24.14077	19.02807
21.71619	24.22299	18.21252	6.561045
23.96163	17.85587	22.07603	3.074867
23.96163	18.35531	22.06227	23.25511
23.98886	18.52211	21.89126	20.96874
23.98886	18.56751	21.7684	0.8607287	6.181405
24.09232	22.274	21.81766
24.17429	21.90129	12.1831	3.462938	1.026229	1.027025	1.115852
24.17429	16.90246	21.69913	13.04825
24.25573	16.97828	21.63748
24.07432	22.36076	12.85444
24.01569	15.73005	20.67032	0.3459164	3.153934	12.05757	15.65599	23.33211	4.316111
24.01569	13.86675	5.89337	21.18182	11.58568
23.9482	21.55043	18.70734	0.6345979	20.80949	1.252991	15.67039
24.04897	21.02298	17.24446	0.7116204
24.04897	18.82747	14.38163	21.41446
24.04897	17.06749	21.09232	4.099977	3.005278
24.03873	18.34739	21.43013
24.14299	22.31934	18.72822	9.023735	22.19639
24.14299	18.25225	22.58739	13.91314	21.82319
23.90599	18.42795	21.98487	9.067909
21.78074	7.811662
23.92183	10.56014	22.14068
23.98141	21.67103	18.61874	14.20603
23.98141	17.10678	20.75221	4.445868	8.03518	8.348383
23.9421	16.1562	20.992	3.591179	11.11194	10.28638	23.20241	5.857262
23.9421	17.77002	21.77508	2.352532	2.287733
24.08534	15.01553	22.26618
21.96646	24.00066	4.100908
23.94616	22.63535	19.13912	8.019951	6.331617
23.94616	21.62869	1.424238	23.55029
23.94616	20.88681	18.92533
23.99737	21.58118	16.6004	5.211288
23.99737	22.50606	17.80886
23.96771	21.98674	17.34037
24.03733	21.88337	18.22672
24.0051	21.68346	18.51967	9.526866	17.99618	2.296399	11.39359
23.95498	21.68346	18.30392	4.890229
23.95498	18.61635	21.82916	18.18332
23.95498	14.93244	21.10856	21.1902	10.98165
23.96159	4.100539	18.4963	22.82469	22.93486	0.193683
24.03292	19.85008	20.86385	4.571771	16.08027
24.02273	15.53971	22.12897	5.93306
23.94165	20.22452	20.97876
24.02861	21.00753
24.14031	22.52777	18.53935	3.616884
24.08658	21.45478
23.9657	21.75754
24.00794	21.68393
23.98331	24.55443	21.84068
24.04186	0.8657206	4.804075
24.02765	14.19221	21.00645	4.29025
23.93612	14.25941	22.33325	23.19615	21.06813
24.05229	18.96559	21.4665	2.235995
24.16333	15.47564	20.83544	0.8930949	1.434515
24.05685	19.30109	18.0251	5.949778	21.53744	11.81315
24.23742	14.9899	21.72262	21.5286	14.4766
23.93942	18.11618	22.62045	1.094567
23.97866	22.45343	2.444107	0.7132001
24.00138	22.3643	18.1393
23.96776	21.41439	16.90481	14.70665
23.96776	21.10207	17.77648	10.56384	10.62747
23.96776	16.92159	22.10514	13.80967
23.96776	18.51875	20.97928	1.156332
24.06913	18.1811	22.0618
23.98505	12.04656	22.06018	3.912096
23.98505	16.78131	22.06018
24.06576	19.04161	21.70761	6.036389	10.88457	0.8209216
24.02955	21.74603	11.96182
24.20304	22.04743
23.97038	21.4062	10.71062	8.321767
23.95748	21.02091	18.54166	9.144792	7.57083
18.99304	21.80008	0.2754512
18.37329	24.27161	21.19553	5.166555	2.108681
19.9223	23.93211	21.73855	6.840281	2.563103	20.84283
23.91059	20.81608	18.29073	8.774253
22.09529	17.98321	13.32491	24.32265	2.347941
18.29053	23.99254	7.699449	21.08066	13.94919
18.1869	23.98432	22.07736	24.31236
17.59053	23.99972	21.69484	4.445627	8.450428
11.24266	23.99972	21.49639
24.15941	21.97248
23.97255	22.20811	15.96333	14.0185	23.15641
24.127	15.4946	21.73101	23.32364	5.016469
24.18128	19.95508	22.23467	10.08607
24.09908	15.21912	21.83223	4.355352
24.09908	13.97233	22.20726	1.916501	5.30674	21.61385	9.583739	1.333849
23.967	19.49298	21.67983	18.70554
24.09677	20.64809	16.39369	11.14799
24.08167	18.63244	22.42989	24.07806	1.24126
23.98407	18.42097	20.92178
23.98407	19.03138	21.68682
23.97694	22.47073	17.57984	23.87212
23.97694	22.24469	18.33561	3.689803	1.959752
23.97694	18.44763	17.20937	22.18183	10.25929	17.20926
23.97694	18.18174	21.24181	14.5381
23.97694	19.27643	21.20553	17.66609	18.14596
23.97187	18.39867	21.09528	4.287627	3.966664
24.01473	18.31748	21.00424	2.310143
24.01473	18.38444	5.406885	22.31291	8.765793	18.38075	12.8018	13.42041
24.03054	19.10698	1.253141	21.51371	1.139279
23.93895	17.36937	21.68666	2.606471	6.172154
23.93895	18.49432	21.68666	10.28049	3.129844
23.93895	18.34777	21.68666	12.99339
24.01147	17.9771	22.22003	3.369694
24.25855	17.8401	21.69889	3.109285	10.85289	16.31187
23.95558	16.77427	22.33268	15.51476	15.94385	10.02018	15.84019
23.95558	17.66981	21.11626
13.27571	21.70393	11.88549	24.58205
19.53163	24.11965	20.86212	4.671239	15.10166	5.101946
18.27053	24.05646	21.42445
16.94887	24.18529	22.27658
18.07008	24.11268	22.03241	16.06301
18.66275	23.93725	21.73954	10.04005	2.029199
24.04698	21.04534	4.664703	1.3292
24.0588	22.3735	18.42575	3.010615	21.58645
24.0588	21.15568	5.647025
24.05054	20.82038
23.98317	4.831654	22.22112
24.11527	22.04864	15.22889	6.141314	23.36069	5.813636
24.11667	20.80972	14.7537	11.84218	6.644337
24.11667	17.85767	22.15736	8.982928
24.1265	17.31802	21.18601	5.328779	1.597245	5.293349
24.25693	18.13949	21.77329	6.331311
23.92259	18.67791	21.38364	3.99318	3.672547
23.92259	18.18287	21.72198	1.077058	15.54018
23.92259	18.16675	21.07757	3.104983
24.15331	18.21628	21.07757	5.956909
24.15331	18.52641	20.61802	17.58637	3.828821
23.93459	17.62668	21.33196	6.463305	9.118126	2.318972	13.76176
24.01643	9.057984	22.12744	7.180659	8.754312
23.88875	21.76288
23.77217	16.68205	21.68492	9.57347	23.62993	23.80806
21.7222	23.92882	23.01519	21.63014	22.5174
22.29358
22.06747
22.27037	0.4660028	17.96005
22.23457	19.07671	20.64937	15.0329	5.689231
22.39381	18.29232	6.048594	6.407621	6.566655	10.49405	1.738624	5.80838
22.06699	18.67826	24.39619	5.393515
21.7008	10.27295
22.33261	6.338037	2.467162	3.541032
22.07021	9.903508
22.05654	18.00525	3.636361	13.79855
22.05654	14.89228	22.77586
18.24576	22.00855
19.08521	22.09578	13.75026	4.492837	17.92456
22.08734	10.21708	18.50721
21.72833	15.91907	8.559095
22.33661	18.27989	2.782364	20.68143	11.07407
21.95838	17.72004	9.130874	10.81083	24.71918	11.23803
22.26535	18.41462	20.57735	10.82989
18.60497	23.87854	18.23788	20.65302	1.514024	5.319208
16.63027	24.61573	22.27284	4.72827
22.38614	10.46249	10.56705	4.890689	2.547992
22.23792	18.43503	16.85811
21.65301	17.63934	1.228528	1.431258
22.09738	18.52056	12.75628
22.37977	14.50938	10.29956
22.95951	17.82226	21.04549
22.25993	18.39991	9.895807	7.297916
18.46584	23.9986	21.3961	20.82208	10.28643	9.283138
16.73293	23.9986	20.80786	11.2055	12.1611
12.52002	23.9986	21.70383
16.16107	23.9986	21.69459	15.17043	0.540103
18.56736	23.9986	20.81346
17.5887	23.88374	5.125162	11.45063	21.64522
19.01761	23.90692	22.2161	5.543023	16.98292	17.25497	2.817169	17.56787
19.6344	24.01575	21.69813	3.130644	11.30837
16.6195	24.01575	21.7277	23.53484	24.98463
15.44036	24.01575	22.207	1.31148	23.51923
16.53507	23.99566	21.574	15.52782	14.8318	18.50641
23.99566	21.53761	19.27633	22.41653
24.05579	22.04566	15.22803
24.14981	22.08918	18.17651	13.20418	2.799072
23.93937	17.16119	21.6659	4.814686
24.00312	19.31632	21.70791	12.71377	15.94009
24.00312	18.28546	22.05418	4.788248	2.950955
24.00312	17.14754	22.09516	16.48877	1.06207
24.04984	15.82604	22.02829	9.84408	3.275806	22.44007
23.9446	18.43682	21.51544	7.775909
23.96437	16.32023	21.70088	8.076423	17.72396	7.80108
23.96437	21.70088	18.632	23.15059	23.73254	18.22721
23.96437	21.69775	17.94516	4.119618	10.03833
23.96437	15.37825	21.63949	12.1577
23.96437	11.51297	21.1865	3.991311	10.54418	2.6469
23.95298	17.47782	20.6674	12.56134	12.96798	21.6445	3.308465	2.007969
23.94578	18.95734	20.87229	18.00709
23.94578	16.34381	20.89774	6.226333	11.38687
23.94578	15.52725	21.82116	12.77964	5.184638
23.94578	15.22651	21.96963	22.4074
23.94578	18.41255	21.09759
23.94578	19.014	21.11956	15.82432	24.90761	8.969158
23.94578	18.35815	21.64241	16.17221	6.250894	15.39072
23.96515	21.68572	18.37612	16.28192	23.73899
23.9604	18.47798	22.22553	2.072588	4.78133
24.01184	21.59708	18.42469	23.07996	5.276428
24.01184	16.81856	21.70519	3.868901	10.48615
24.01184	18.27939	21.72401	17.39743	12.86555	8.118296
24.01184	18.10764	21.17356	8.681601
18.14989	22.11574	4.789001
18.45118	22.09851	7.380914
18.41721	21.78748	14.71667	9.915285
15.32839	22.43997	24.04619	7.819034
22.21481	17.46696
23.994	21.22778	16.63722	11.04671
23.994	20.85376	17.84317	13.36374	9.705952	11.4981	11.55054
23.994	15.35734	21.05791	10.25903
23.98557	18.19956	21.49063	2.266168
23.98557	18.28549	22.07955	11.56538
23.98557	8.399939	22.3775	21.10347
24.21332	7.838943	22.30981	4.605944	4.914868
24.2479	20.55525	18.36787	3.089094	2.504583	16.43916
24.06873	21.61161	19.0112	18.40732	5.089452
23.94882	21.37619	17.77839
22.16389	15.59313	2.157273	22.67979
22.10375	17.27911	24.49769	1.337884
16.29104	24.06797	21.7906	0.5811324
18.32137	23.7928	21.3091	10.15235	1.994738	17.58565	22.80474
16.19281	23.95942	21.69662	1.312464	3.47711	10.17896	7.356995
17.55753	23.97855	21.5153
5.084472	21.31776
22.22613	24.21564	20.99086
22.75498	20.58393	23.19557
18.0481	22.26918	1.615449	1.115477
16.58998	22.9493	20.97273	10.58701
12.39334	22.44287
21.26572	18.33731	16.92376
22.08006	14.36671	9.273399	5.651584	8.355743	12.65003
22.39712	18.33149	16.54842	2.920243	11.63122
21.73151	18.44885	22.95377
22.06075	18.61924	4.777783	1.536569	18.20036	4.946667
22.12591	19.40869	3.654645	17.31238
22.13758	18.63397
22.16396	9.695037	6.955239
18.63898	22.21626	0.3736165
18.95522	24.02353	20.72013	5.5155	13.5822
24.02353	21.28287	17.78171
24.02353	20.73969	16.20216	3.672455	14.91322	1.504329
23.8963	19.39238	20.89767	15.05516	12.01448	5.569931
24.13945	21.26946	16.63486	11.07067	2.006686
24.06513	17.24763	21.76911	5.331694	20.93585	23.25189
24.06513	21.00328
24.01405	22.28166
24.01405	21.75003	17.31521
24.01405	18.3681	21.01246	11.53333	12.72059
24.01405	14.89887	22.22682
24.01405	17.66455	21.02694	7.560719
24.01405	15.48859	21.43125
24.09551	22.08542	18.81516	15.82099	0.6462922
24.1259	15.99076	22.06692	10.0128
24.00141	20.9696	18.78845	17.45589
23.91606	18.5867	21.6335	6.303934
23.91606	18.51578	20.68764	11.21612	6.498298	17.66658
24.05388	18.2714	21.73307	3.542742	14.39669
24.05388	18.65885	21.06189
23.95805	17.2962	21.31881	14.3825	23.07774
18.01324	21.69412	24.30641
15.56677	22.42121	13.97246	22.12144
17.15139	22.12762	8.092864
18.76176	22.64841	9.846671	18.48112
17.86206	22.23446	3.604414	17.83273	16.24385
22.11212	14.37691	20.63877	1.03047	6.181788	11.13042
23.99688	21.73158	1.835965
24.0694	21.57037	5.91525	1.447824
24.0694	22.16972	18.85519	21.88268	6.068811
24.13388	15.76979	20.96065	2.870168
24.00966	19.13752	20.86602	17.70757	22.61003	14.97971	8.509161
24.03496	18.47714	22.33236	8.97413
23.17112	18.2153	20.9016	5.161782
22.05063	17.98983	4.258639	4.213508	1.055084
21.70164	18.04344	3.47814
22.60185	17.71825	4.924449	1.671993
22.20217	16.13064	15.19157	8.333475
23.4269	21.55647
22.35618	16.69948	14.72111	13.94342	15.00436	23.9556
21.69006	17.81249	23.93911	6.917125	23.76135
23.97431	22.32612
23.97431	21.60117	0.3383315	21.08854
24.0513	17.79847	18.88986	12.8297	11.19982	21.32257	9.401247
23.96438	18.02319	21.2267	10.41398
24.07491	18.06654	22.24669
24.07491	16.81416	22.13581	8.754931	22.68767
23.99118	17.94163	21.47728
23.99118	18.37459	20.55824	14.11052
23.99118	18.37459	22.07373	5.544188
23.99118	18.29882	21.48864
23.99118	18.32275	22.13041	6.962904	12.01237	0.6390866
24.03716	18.07175	22.19439	8.799043
24.01006	21.71443	18.25155	9.149532
23.94918	16.80528	20.78859	22.12424
23.94918	22.513	18.59723	14.62055
23.94376	21.30673	8.40753	3.080469
23.97544	21.40226	9.753117
23.97544	8.950325	22.13573	0.539044	8.440509
23.97544	22.01707
24.07554	22.2913
23.94697	20.9108	19.40547	9.428867	17.63901	21.25289
24.07747	18.56311	21.48924	3.190248
24.07747	18.31495	8.02093	20.99936
23.9869	17.379	22.34019
23.95491	18.2115	21.90466	14.49524
23.95491	22.26715	17.5695	0.2883193	21.36796
23.95491	19.5379	22.15536	22.0678	23.61467
23.95491	11.09455	20.81607
23.95491	22.03162	10.93595	0.3462542
23.94428	22.24922	10.18571	23.7693	7.018391
23.94428	22.24922	23.38183	17.45175
23.96485	4.269841	21.52996
23.97437	21.7323	17.6693	6.219802	5.284896	23.15689
23.97437	22.23388	18.48675	2.122231	9.290665	4.547711
23.97437	22.09903	18.122	3.795266	1.701916
22.28166	18.35963	20.21789	13.20666	0.9108226	5.182512
19.08276	20.97623	2.484519	22.15675	3.182822
22.12197	17.56074	21.10453	15.74802
21.81704	17.71109
17.84664	22.05433	0.03850071	5.8005
15.17941	22.05433	9.217356	0.5002849	11.38227
21.8223	17.77494
22.07164	0.752962
22.01427
24.14863	21.06148	11.19395	9.402508	5.081306
24.14863	22.35427	18.2255	4.810285	23.87236	4.331195
24.07939	18.10364	21.67931	23.49313
24.04853	17.81313	21.86949	10.09945	5.998236
24.16991	18.13665	20.83337	6.044448	9.661202
23.94647	18.11881	22.09879
23.94995	21.25871
23.95799	21.19812	16.07612	3.735289
23.95799	22.00748	17.25117	2.418358
24.12549	22.05103	18.16461	14.0717
23.97798	21.11294	18.74362	6.040845	23.59497	16.08814	8.333287
24.10721	21.89197	10.90689	3.918602	4.075527
21.63772	24.04686	2.959277
24.03812	21.49724
22.34569
22.26045	0.3011663
21.77033	3.613152	1.63726
22.29096	18.35902	15.20769
21.7336	18.40759	11.46913	0.1919044
22.33308	19.30694	2.919735	24.29365
22.04252	18.3742	22.70397
22.1661	17.74615	11.33819	1.819011	21.44902
22.05629	17.24458	4.897722
21.7219	18.234	14.1593	17.72934	17.81183
21.75951	19.2094
21.69464	18.81061	22.96936
18.46638	22.23234	4.200718
22.32671	17.96457	6.738741	9.842622	12.79464	7.746693
13.51945	22.0665	5.193002
22.3096
23.89252	20.72562	0.6106766
24.28619	21.16273	18.3426	11.75089
24.28619	16.33508	21.74829	6.700619	0.4273681
24.00649	15.45786	22.19525
24.00649	21.67603	17.74163	13.14601	3.085982	13.75658
23.94451	21.20772	17.05735	7.8927	2.324232
23.94451	21.73832	8.237224	2.09876	23.39189	23.62653
23.95462	22.02001
24.02815	22.21042	18.31248	21.39721
24.01312	18.20422	21.70247
24.16057	16.52184	21.9013	11.99269
24.16057	17.79645	22.58309	21.48521
24.16057	17.94998	21.68782	6.956821	12.25534
24.22906	17.31873	21.71851	3.435452	0.2043326
24.28245	21.80747
24.28245	22.30186	24.234
23.98683	15.70996	24.73184	21.90901	6.628213
23.98567	18.59455	22.23503	15.93413	13.89667	8.359458	8.264149
23.98567	17.64183	21.17186	5.306278	16.21803
24.03516	15.33833	21.57615	15.24522
24.00285	21.57154
24.03067	12.45353	20.69129	10.55965
24.19816	9.76867	22.33303	21.70703
24.16553	21.5082	16.1463	1.742807	15.68967
23.96456	22.12145	16.05381
23.96456	18.23701	21.87273	7.323007
23.96456	19.07958	20.76717	8.056948	15.37296	2.014886
23.96456	18.32753	20.87427	4.549835	12.39751	13.69247
23.96456	18.32753	22.06453	7.285117	12.92928
23.96456	16.71029	22.45853	20.57482	12.12549
24.00705	19.32089	22.04856	16.5246
17.96256	22.24676	7.895869
18.27562	22.39247	6.046914	7.79516
13.20438	22.08564	9.252013
17.97489	21.70038	5.259924	23.26756	17.70969
17.85107	22.20994
17.96613	22.18239
18.3038	21.76008	7.192933
18.43165	22.25821	16.53977
19.4567	22.37938	13.96448	13.66881
18.13318	22.43724	9.825808	16.01734
18.57071	21.70082	18.13141	18.19325	9.283434
18.40545	21.78745	22.48953	3.202494
14.7839	21.67274	6.234554	24.89133
19.0184	21.70894	9.167134	18.4415	16.08015
22.21558	15.78699	6.412501
22.36023	17.03268	23.38403
17.75853	21.3963	12.83677
10.17812	23.9447	20.8163	6.642084
17.08839	23.9447	22.02165	23.56701
16.74527	23.9447	21.68707	17.69738
23.9447	21.89678	18.04644	23.30325
23.9447	22.07635	17.45709	15.22848
23.9447	20.82727	19.60852	17.60948	6.988302	2.712621
23.97515	16.79115	21.17079	15.39514
18.92014	22.09502	17.81013	18.03051	17.19073
22.09502	13.38429	1.498023	6.705639
22.19881	17.74447	6.101821
22.19881	18.01124	6.42314	12.27894	14.37929
22.20185	17.06632	18.1754	15.49468	4.844266
22.07001	18.44216	12.62489	14.33073	12.75107
18.1311	22.22197	21.71202	13.79765	2.204998
19.21039	22.22197	2.387125
18.36083	24.06153	8.745707	22.05651	5.778567	16.73833
17.78659	23.82915	5.815005	22.36882	2.885623	22.81092
18.40734	22.24962	21.62051
19.56086	22.24962	9.038042
18.23109	22.66721	24.02355	13.53172	21.4012	14.51424
18.17583	24.01095	21.65677
15.6023	24.01095	20.81554	13.70425
23.94231	22.66554
24.01844	18.39031	10.42744	21.7144	3.675752
23.97915	15.48598	22.03451	6.098334
23.97915	18.34254	21.82034	16.72636	13.48961
23.97915	18.09779	20.93154	5.088969	4.650614
23.97915	16.06958	22.16295	2.405828
23.97915	18.01527	21.73994	4.024082	11.88898
24.01139	18.07486	21.73994	6.728789
24.07472	18.11273	21.74119	3.649409	0.4710698	16.20021
24.07472	18.43709	21.78945	17.22117
23.95991	21.2027	16.62376	14.99437	4.550884
23.95991	20.98211	18.40379	16.22253
23.95991	21.53503	18.69591
24.00198	21.35139	19.38998	6.726049	0.9792297	3.983851
24.00198	17.07419	21.65954
23.97725	17.6438	22.3972	23.45289	6.213508	16.23817
24.01802	21.73241	4.535768	15.01936	23.44049	7.44774
24.01802	21.76067	18.83428
24.01802	21.81784	18.26085	1.674565	13.64089
24.01802	18.4153	21.4286	0.8330001
24.04871	17.58371	21.31355	13.34639	10.15531
18.28901	22.25368	4.169444	22.09268
18.16138	22.31285
17.7732	23.99509	20.6567	11.75116
19.02891	23.96694	12.13579	0.9914749	21.83957
24.04307	21.07514	18.00088	16.11492
24.04307	20.97982	18.95177	15.65547
21.79763	18.09261	6.562876
22.05347	16.97504	15.93724
18.20897	24.32263	20.992	15.08807	15.03358
18.33325	24.14746	21.57659
23.92304	7.87014	21.43603	6.187531
24.08809	22.20078	11.89148
24.02182	21.79644	18.70949	3.181342	5.003276	16.99496
23.98678	12.63803	21.87527	1.1154
21.21007	20.47495
24.12797	21.88195
24.0792	21.50628	0.7490439
24.00548	18.492	21.04794
12.6271	21.66307	12.41641
1.484606	24.12318	22.05991
23.96677	18.45647	23.84122	21.08378	12.86154	21.63066
23.96677	18.2476	22.28611	1.272783	9.464552
24.01633	21.46011
23.96316	21.37247	18.40768	17.06167
23.96316	17.0861	23.6745	22.66782	20.89853	6.828998	17.02321
23.96316	19.48627	21.65403	22.43294	8.927353	12.84472
24.1024	18.49495	20.73829	4.78224	14.70789
23.93891	18.25077	21.38927	9.025553	21.2215
23.93891	18.93275	22.07933	15.2085	4.563529	15.06008
23.93891	17.90848	21.34345	1.640843	16.42821	11.09649
24.03796	18.38956	22.0909
24.03796	18.43822	22.06738	23.49594	11.78645	6.926197
23.98413	18.38336	22.06738	17.24528
23.98413	21.79075	18.3946	4.254471
23.98413	19.54898	21.70572
23.96225	22.33297
23.96225	22.61593	20.61775
24.071	21.11405
22.20679	3.012581	23.60405
22.06198	14.74009	24.07604
21.23975	18.39516	24.12859	11.36701
15.5483	24.01916	22.06868	2.381647	10.67964	0.9732444	10.46051	12.86977
16.09608	23.9576	22.06868
15.34929	23.9576	21.20945	8.02987
14.59878	23.98916	21.39954	12.93136	1.460089
23.951	21.98817	18.41781	14.6808	22.65043	14.76532
23.951	21.36142	17.87985
23.951	18.21703	21.20457
23.951	20.65679	17.74513	12.94088	17.33108
23.98105	21.25037	18.84082
23.98105	19.11025	22.34894	20.96155
23.98105	21.63226	18.26804	4.726718	21.19303	13.64068
24.00513	18.53361	21.75388
23.97474	17.85418	21.36018	7.682174	3.74295
23.97474	17.85488	21.37699	9.134419
23.97474	22.07364	4.122192	17.12735
24.06277	22.0277	17.26394	21.5197
24.06277	21.19989	18.48825	5.738741	1.112658	0.9465362
24.02458	21.74035	17.15104	12.76244	21.70998
24.02458	17.64275	21.63666
24.00352	18.6691	21.38319	8.617544
24.00352	18.13456	21.32721	6.846783	18.21064
24.00352	20.8968	18.28454	5.599728	11.82214
24.11168	18.19376	22.18438	2.06948	6.794295
24.14312	19.59696	22.25031	0.1849709	12.00879	13.50241
24.10543	19.30052	21.67167
24.06158	18.22608	21.7713
24.04968	18.25251	3.382103	21.36692
24.08619	5.771373	21.27675	15.91692	17.3625
24.08619	22.06864	16.59949	6.187295	23.38623	1.081939
5.210475	23.97194	21.72761
16.79406	23.97194	21.65461	14.20493	0.3262168
17.35591	23.97194	16.34992	21.74723
15.72544	23.97194	21.07556	5.364684
19.85111	23.97194	22.41077	23.60811
16.35116	23.97194	21.3503	2.810319	3.405816
20.18042	23.97194	21.73796
15.32616	24.25957	21.5716	5.172903	2.485325	9.700971	13.16458
11.62376	23.98501	22.24443
15.9018	24.11124	21.97321	20.82751
18.86857	23.95117	21.74852	13.86375	8.527054
16.69525	23.95117	21.57798	10.01754
13.75933	24.2114	21.75184	10.50393
24.02897	19.30669	21.26853	9.965457
22.21414	14.65756	11.89945	3.071853
22.09706	17.86281	1.229555	7.019422
21.0029	17.97636	6.911478	5.606487	5.976707
22.14648	18.34226	24.12164	4.499652
22.62125	18.70694	23.95304	0.5442157	20.91207
20.82025	18.39065	24.00227	5.477723	2.066149	9.554509
21.34163	18.46551	24.00227	16.63377
21.47065	18.43258	23.9947
21.18287	18.43258	24.01877	21.62854
17.9219	24.01877	22.13373	6.900375
17.31648	23.98197	21.71807
18.19148	23.95949	21.85822	6.559366	13.50516
18.47449	23.95949	5.674505	21.3114
24.05007	17.46109	7.364186	0.9582733	22.04994
24.05007	18.24007	6.517519	0.3608687	5.41362	21.10647
24.05007	18.44644	21.71094	3.235884	1.816896
23.97616
16.94243	22.26363	5.411135	12.79069	7.608772	7.421414	11.32885
16.59453	22.26363	7.355924	21.88455
22.37492
22.12522	16.84515	9.282319
22.4033	14.69436
21.69288	18.31836	2.30661	8.069929
22.20515	17.79407
21.70403	19.00013
23.46018	12.50097	21.62229	5.730567
18.02721	21.72121	16.18089
22.38237	15.49201
22.19458	19.08736	20.72724
21.71359	10.83924	18.35283
22.24955	19.56398
21.74967	16.03443
22.34039
21.71794
22.23698	18.32121	4.235965
22.23649	17.31182	16.60432
24.22233	22.33682	19.15013	19.00987	7.375149
23.98244	18.39949	21.7181	5.0283	1.771595
24.03579	18.12701	21.23367
24.25437	19.66149	22.34053	21.77303
24.03735	18.44806	22.34077	20.98116
24.00074	17.44717	22.07496	5.054396	1.231997
24.00074	18.35321	6.508203	1.169016	22.39742	0.9831351	5.842827	3.665044
24.07025	18.05679	21.36788
24.07025	16.77787	22.0847	12.73111	11.39002
23.97197	21.86947	17.26863	6.22146	19.17573
24.33652	21.73087	18.1308
22.0844	18.50023	11.14926
22.0844	16.38043	6.275677
22.28199
22.07279	20.61618
24.05918	16.956	21.69859	22.48702	16.87141
24.0536	21.40473	16.66423
23.95829	0.5862339	21.9912	4.428001
23.94779	21.98157
24.02439	22.25739	4.179647	13.3346	4.554704	10.18128
24.02439	21.18125	18.33161	4.65154	16.89187	15.64735	3.042938
23.95848	18.29734	22.06056	13.18963	0.1986704
23.95848	17.4284	22.234	12.31866
24.1769	19.17309	21.09722	4.851379	17.32899
24.28206	15.50468	21.97459	0.9638659
24.20505	18.47988	6.10573	21.243
24.20505	15.73076	21.62771	5.105759	14.75406
23.88712	22.12798	8.930981	0.3733709	5.216235
23.79815	22.09401	3.509946	0.8986866	22.77154
21.80166	0.2997152	24.05014
21.8617	24.05676	18.82431
22.25568	24.09639	18.48151	10.4671	0.1029016	18.34451
21.6842	23.92495	18.61776	15.14283	11.35812	5.4811
21.43015	23.92495	11.73069
21.32452	24.01336	17.49256	16.32671
21.75937	18.9826
22.45711	18.04619	21.7551
18.47961	22.24292	3.787368
17.67534	22.10704	5.342385
15.57882	21.76816	3.908127	1.374811	15.0377	7.985143
22.62446	17.35134	5.357308	2.702293	3.202767
23.95174	15.79155	21.68665	6.446765	3.519688
23.95227	16.99418	21.81974	11.04033	5.793311	13.82238	23.19753
24.0321	20.80596
23.97627	22.31729
24.01275	21.54799
23.9423	22.24617
23.9423	18.34207	20.70824	0.9354069	17.4954	5.305776
23.95036	15.80309	20.81776	14.87701
23.98734	18.32094	21.31763
23.96122	18.26809	21.52988	4.631044
23.96122	18.23907	21.65241	3.480173	9.463456	21.92642	5.763729
23.96122	19.11605	22.29748	7.017517
23.95619	19.01121	21.73098	8.66039	9.149336
23.95619	21.13195	18.07478	13.20664	13.48124	9.079194
23.95694	17.67582	5.430068	21.38287
23.94099	18.24575	20.9797	15.14411	1.888984	18.10563
23.94099	18.17619	21.42751
23.94099	21.68983	15.78663	5.004174
23.94099	21.68649	16.55829	14.11296	10.38984
23.94099	21.65694	17.41216	9.250631	22.58939	2.050648
23.94099	21.11024	18.97397	3.040623
23.94099	21.12414	18.90552	8.463412	5.217585
23.93971	17.77824	20.85665	6.010518
23.93971	16.97987	21.91852	3.697681	13.28376	14.55264
24.25348	17.9749	4.732476	23.16193	21.52854
23.92774	18.88355	22.30182	11.34488
23.92774	17.99908	21.68095	8.760701	1.484223
24.22863	22.02177	18.45152	3.631707	18.29318	18.26768	18.18422	21.62746
24.07381	22.20463	19.09667	4.014767	15.15624	9.409217
24.08872	21.7089	16.95104	6.188729
24.00785	16.28971	22.39778	16.03748	1.870791	13.86702
24.00785	16.81821	22.05226	11.31961	16.77513	23.10169
24.00807	16.31779	21.61584	5.626709	14.90304
24.00807	15.63886	23.09641	22.06991	11.41329	10.56821
24.05084	18.45709	22.35796	7.836639	5.91236	20.17898	17.92582
24.03661	16.80494	20.8728
24.03661	20.74855	12.52871
24.02842	17.19522	21.68681	15.38296	18.09612
24.02842	18.45157	22.27993	14.12756	7.615693
24.26186	22.04882	18.08603	13.89304	12.30027	12.87429
23.93314	22.12662
23.94896	21.70922
24.03069	15.60096	22.03613	3.826168	4.17252	0.5246241
24.03069	16.48315	20.91401	2.454324	6.088578	6.712303
23.95926	16.91883	7.682346	22.55282	21.07159
23.95926	17.14015	22.65549	7.41459
23.95926	17.96558	21.4042	6.190421
23.95926	16.72915	22.33526	20.54462
24.04216	16.83397	22.10472	1.683385	3.905068	16.63157
24.09076	14.33892	21.71965
23.95552	2.865773	21.69898
23.68566	22.32962	23.66329	17.38779
21.49019	17.7851	15.54667
18.68103	9.517476	22.52843
18.47616	22.07284	7.642512	24.82812
18.14378	20.88098	23.87266
18.51979	22.35797	13.36443	7.514561
18.21868	22.45202	4.184073	1.599765
16.98706	24.14435	2.324802	21.37816
18.42355	23.98605	20.91803
18.33457	24.01276	22.1637
16.97782	24.01276	20.99082	8.09128
15.43726	24.02733	22.26397	6.159053
18.95082	24.02733	21.71762	13.41818	14.33157	21.9189
24.061	21.95956	18.77429	3.919641	19.8078
24.061	21.72446	16.34096	1.582327	4.62237	12.02736
24.02818	22.12245	14.81856	22.84458	23.5268
24.02818	17.24368	21.05815	16.16022
23.95486	15.16089	21.79608	20.21724	3.135108
24.00621	19.10389	22.1178	0.1329848	20.97594
24.11078	18.2398	21.44359
23.95838	13.06043	21.70034
23.94327	15.40373	21.329	13.45251	22.1189
23.94327	18.46195	21.6909	5.851055
23.94327	17.07623	21.6909	1.803363	23.46556
23.95768	18.59516	21.6909	12.51336	12.958	8.939506
24.02534	17.12693	21.09155	10.44558	23.59546
23.94423	15.5505	5.601495	21.03421	15.30536	5.604134
23.94237	17.86233	21.63898	2.536415
23.94237	18.47058	22.04364
23.94237	18.34504	21.42843	8.114018
23.94237	18.47948	22.15377	3.123043
23.94237	8.215932	21.30714
23.94237	8.903498	21.77922	6.625516
23.94237	12.81193	9.382788	5.673687	21.71979	0.6229217	9.407243	11.14945
23.94237	22.4312	0.5489013	23.226	20.60203
23.9575	15.70828	21.5061
23.9575	11.2802	21.63336	23.79049	11.06621
23.9575	17.31172	21.10619	12.44497	22.11994
23.9575	18.19077	21.70408	10.33881	13.05241
14.82002	22.3097	1.774319	7.372281	22.08729
18.46454	21.72251
18.45078	22.02468	0.5298916	12.2915	10.26594	4.762342
17.29547	22.2181	20.82097	5.612926	15.54678	3.613954	16.8286
22.09453	19.42362	16.25451	14.12966
24.3749	17.90591	21.72859	3.639126
24.01344	22.16256	19.13893
24.01344	18.00928	21.20596
23.95915	18.12841	22.05536	4.096969	2.916838
23.99003	18.36424	21.68451	0.6624117
23.99003	16.7472	21.8483	7.236955
23.99003	18.44996	22.02489	15.11111	2.771958
24.08407	17.88527	21.31434	22.42011	1.342467	5.34376	14.41899
23.95408	21.69488	18.37284	9.716468
23.95408	22.23998	17.64802	23.46102
23.95408	21.73832	19.08585	1.722775	7.06406	14.7878
24.11201	21.7231	17.93037	6.692102
24.27731	22.36134	18.03803	5.491788
23.94591	22.00531	7.251472
23.94591	17.9644	4.641182	21.18387	3.775587
24.0466	22.09468	9.144909
24.08309	21.06672	21.79847
23.9958	21.72721	18.28357	17.69933
24.08293	18.3812	21.7235	5.19697
18.35432	21.84291	3.632742
19.55517	22.36155	16.66869	16.10671
21.6397	18.51289	6.762424	17.41147	17.17024	22.03799	21.77257
22.10079	14.70051	5.690665	14.03101
22.22743	17.15526
19.1243	22.32844	18.68163	8.780725	2.97961	13.16433	7.22034
14.90696	22.29656
22.50113	17.93427	24.05332	10.74816
24.12254	15.23189	21.99347
24.27421	21.17275	11.11445	22.18934	5.062399	4.606417
23.92637	21.70717
24.32534	16.9209	21.38638	12.44233	5.510251
24.6271	17.62451	22.33834	11.68618	14.41153	15.77846
22.07185	17.94229	10.20342	11.4382
22.29226	16.57369	8.375918
24.2649	22.21882	16.95372	22.1229	23.92817
21.69962	18.47313	16.43942	11.56526	6.752197
22.42282	24.37871
22.26979	24.08645	22.74352
24.08645	22.03645
24.08645	21.74448	13.44785	7.341261
23.98221	22.62827	17.71119	15.52213
24.05898	22.07919	16.33601	4.339574
24.07499	22.05875	13.43757	1.792912	0.5920043	5.015352	3.449025
24.07499	21.75239	17.2009	4.222972	2.049468	15.63769	12.49066	9.859624
24.07499	21.41848	16.65984	12.16139	2.376631	21.12503
23.99311	18.39995	21.30625	4.507188	6.722474
23.96689	18.25776	21.39313	9.936131	3.125514
23.96689	17.46006	14.3087	21.84361
23.96689	20.59257	6.789309	1.036387
23.9728	20.98467	9.847614
21.7267	12.59842
22.25617	18.16162	12.50781	7.339551	5.119968
22.4641	18.64873
18.23147	24.01375	21.88421	14.7941
16.95899	23.95949	22.0409	8.201735
18.81025	23.95949	21.56422
16.0704	24.13395	21.30949	8.358481	5.692547	7.925264
17.1132	23.93207	21.01235	5.174494
18.25127	24.23824	21.71346	8.2151
18.38395	24.15228	20.80708	8.63894
18.92245	22.24834	10.58267
17.98403	22.0744
10.81576	21.76177
22.11044
22.0858	16.55441
21.69304	18.55888	6.880181	4.318171
22.24314	18.351	9.270466
22.38291	16.17463	5.854759
23.2932	18.06158	22.64012	7.92311
23.88761	17.88614	23.69726	17.5216	16.18082	22.3947	5.212455
24.05673	18.43283	20.97667
23.95727	13.01198	22.05974	1.373069
23.95727	21.65992	12.4149
24.27062	21.76436	17.95312	15.50875	2.781317
24.27062	17.18855	21.77517	8.608333	5.117839
18.3328	21.42149	23.94114	13.81894	1.282479
18.45438	21.79834	23.94114
16.97068	23.94114	22.12023	2.485849
23.94114	21.30575	6.746922	19.01199
23.97773	22.21197	4.490166
23.97966	22.11503
23.73586	21.71272
24.23361	22.22816	13.7963	7.350353
22.20438	9.361735
8.182074	23.9756	21.77692	7.746924
23.9756	22.30351
23.99026	22.02018	18.56014	4.196891	5.223529	0.6659968	23.22849
24.08758	21.2848	18.22703	14.81122
24.02123	21.5698	18.39118
