SpeciationRates
0.1753904	0.00378559	0.1341485	0.3316234
0.1133982	0.04680707	0.4446888	0.1333418
0.1411841	0.01565684	0.446335	0.1018595	0.1401937
0.2756943	0.01781129	0.3494469	0.1712113	0.2446391	0.1140968	0.3057884	0.06650737
0.2562836	0.008444241	0.4539128	0.1286442	0.1700488	0.1455457
0.1265767	0.01372225	0.3503719	0.1827929	0.1650471
0.2000577	0.006230252	0.345086	0.1551838	0.08917488
0.2755144	0.02837197	0.3208415	0.1400286
0.3652146	0.1028786
0.2763916	0.08744454
0.2925442	0.1402378	0.361141	0.2838226
0.1523894	0.1148884	0.4483168	0.06023102	0.1332115
0.2500713	0.09630638	0.3755876	0.2497485	0.2114138	0.1933967	0.1193427
0.3158518	0.4150689	0.1497592	0.08276964	0.1176871	0.09213245	0.3226919
0.168722	0.4243606	0.1385601	0.2533163	0.2109318	0.2510428	0.2825631	0.1525091
0.1565133	0.413601	0.1947488	0.03008996
0.06287802	0.0121983	0.3896581	0.1901576	0.2037512	0.1680529
0.2013418	0.04368316	0.3663811	0.214589
0.1018722	0.3793071	0.06894606	0.03610708
0.1216438	0.3850364	0.08550667	0.217269	0.2988499
0.1815885	0.1092667	0.2482279	0.3573916	0.3040486
0.3930613	0.2026725	0.003247373
0.1700095	0.003624135	0.4589922	0.2350107
0.2141169	0.001568441	0.3933807	0.1860166	0.1588412	0.2919742
0.1463615	0.00456679	0.39161	0.1174911	0.1055479
0.1057312	0.01556387	0.3014978	0.1441674	0.1870496
0.1060271	0.0002495054	0.315535	0.2159524
0.2057833	0.008246982	0.4251124	0.1240947	0.1319187
0.2031554	0.001959151	0.4195719	0.1271195	0.1303105
0.1629085	0.4054172	0.1502396	0.09034635	0.3515969
0.1948563	0.1096692	0.5118519	0.2163809	0.3566917	0.2510819	0.04454993	0.2248468
0.1438192	0.1392884	0.375348	0.009117431	0.1689386
0.2960372	0.1056544	0.01518808	0.3827308	0.174627	0.2447291	0.06574607
0.1939732	0.1344553	0.0006196136	0.4296273
0.2315614	0.1248682	0.0009977009	0.3732252	0.05307709
0.2362256	0.009996668	0.3784774	0.133047	0.1111313
0.131743	0.01436456	0.3449868	0.1061714	0.1966
0.142646	0.04155923	0.4547916	0.1347681	0.1604236
0.2040334	0.02795522	0.2933299	0.1661031	0.1467961	0.213803
0.3449486	0.01314077	0.1582126	0.2342356
0.3507929	0.03439819	0.1237569	0.3151804	0.1628972	0.1494334	0.282996	0.044287
0.2429139	0.02220557	0.3713818	0.147185	0.1608044
0.2401815	0.00443	0.3753666	0.1307363
0.1451895	0.01336843	0.1090179	0.3601702
0.1440136	0.006530492	0.2880956	0.1621883	0.08277744	0.1549295	0.09972867	0.09252489	0.2200599	0.1865458
0.265238	0.00453704	0.3387399	0.2306159	0.1832264	0.2971706
0.1713318	0.02960398	0.1398906	0.4530115	0.1889472	0.1316287	0.1504372	0.2034175
0.1752985	0.05766502	0.1618492	0.3358748	0.08841446
0.1079801	0.003958174	0.3211877	0.1016903	0.1545691
0.2584608	0.004732988	0.4112714	0.1481693	0.07773818	0.2334642
0.1500056	0.003283331	0.4062702	0.1534331
0.1554227	0.04444255	0.08582443	0.3311899	0.1670547	0.2417014
0.2165645	0.01504341	0.3295975	0.1365271	0.2113493	0.2379997
0.1393758	0.05768591	0.3433642	0.1734958	0.08401804
0.1522845	0.1104985	0.3826149
0.2677733	0.02031457	0.3089931	0.1807402
0.2068398	0.02441487	0.1592373	0.3575368	0.2191932
0.2111338	0.01788583	0.3947698	0.2018475	0.2068455	0.05388334	0.1949647
0.1845966	0.003546399	0.4365416	0.130405	0.1955064	0.185497	0.1927213	0.2529692	0.1752002
0.3672643	0.007686043	0.414549	0.1556424	0.09318	0.2065733
0.2387902	0.00585886	0.3672396	0.1008794
0.3209915	0.1349121	0.001409005	0.292296
0.2098026	0.007998652	0.1063339	0.2520493	0.1776632	0.2436914
0.2859211	0.003073447	0.1525672	0.3967461	0.2872255
0.3384832	0.006988828	0.1072927	0.3397678
0.285331	0.001166959	0.1627134	0.3100192	0.08773163
0.1649449	0.005353284	0.201685	0.3377404
0.1291326	0.02286849	0.1343755	0.4200687
0.1631202	0.005396647	0.1601842	0.4368155
0.2170269	0.01671554	0.1302761	0.4269675	0.1037698	0.1489373	0.2587353	0.07486606
0.2089824	0.004238443	0.1518109	0.4119521	0.1192514
0.09413559	0.01116736	0.4638239	0.1752061	0.1379182
0.1913068	0.01447941	0.3778276	0.2759809	0.1671592	0.2863639
0.1864628	0.03874252	0.2612167	0.2627186	0.08598771	0.2809303	0.3127064
0.1991318	0.002070965	0.4110409	0.1565424	0.1983221	0.2397554
0.2387239	0.02222917	0.3586067	0.107952	0.1184863
0.2855848	0.007041382	0.3112147	0.2188399
0.3339751	0.01797379	0.2248952
0.2099684	0.01064886	0.1640281	0.359282	0.2378771
0.3255911	0.02820118	0.1745466
0.408502	0.006330938	0.1425299
0.4079907	0.06099915	0.1840699
0.3930954	0.006910614	0.08072862	0.1591366
0.2992599	0.02733679	0.1550992	0.2302737
0.3349902	0.01604935	0.4203126	0.1758373	0.2760951
0.2268105	0.01133629	0.3630845	0.07513352	0.2189024	0.3081163
0.2383136	0.00664069	0.3771989	0.1878873	0.1235561
0.3085877	0.02384768	0.4186432	0.1887451	0.1424785	0.1949782
0.2171077	0.00779472	0.3784637	0.2199942	0.1360934	0.1924858	0.1847363
0.2908518	0.009704535	0.438677	0.1320125	0.2416876	0.2018436
0.1426354	0.0177098	0.2773814	0.1729358	0.1499385
0.2138515	0.003134385	0.1624171	0.2779777	0.164673
0.1651114	0.001239259	0.122545	0.2961137
0.2024137	0.0009372323	0.1958242	0.4101392	0.1339675
0.2815218	0.01015707	0.1830342	0.3492743	0.1913778	0.1582684
0.2135523	0.05681497	0.3822842	0.1772166	0.124963
0.1381384	0.01654916	0.3752694	0.1710176	0.0956835
0.17837	0.06038226	0.3993901	0.1589913
0.1978265	0.01144666	0.340298	0.1224371	0.2619379
0.2054705	0.003657929	0.4524592	0.1299652
0.2242281	0.0002083053	0.3599056	0.1479761	0.08972854	0.1397183	0.335042
0.1643446	0.000287233	0.1414637	0.448478
0.2838179	0.04383954	0.1330913
0.2828527	0.06568224	0.1491742	0.3804917	0.1990156
0.2291495	0.0186298	0.1379163	0.4486199	0.1353466	0.1365298
0.1385512	0.4471792	0.1237549	0.1709718
0.3127589	0.4027376	0.04960955	0.1903809	0.03444482	0.2281226
0.1384346	0.3160123	0.01479326	0.1685133	0.2607253	0.1464065	0.3036611
0.2736506	0.05306461	0.2001918	0.4423863	0.06484249
0.168391	0.1237314	0.389262	0.2652381	0.108275	0.1500122
0.3818072	0.4299179	0.007589166	0.1577445	0.1264001	0.09691065
0.229703	0.3504636	0.0135156	0.1566291	0.03228542
0.2391956	0.3530816	0.004246156	0.1668072	0.1950196	0.2174187
0.2134823	0.3717287	0.01062846	0.1487396
0.314654	0.004259359	0.1448286
0.1550014	0.05159518	0.1807158	0.3550818	0.05956261	0.1785194
0.1295409	0.04173425	0.3587153	0.1066272	0.2319803	0.1164065
0.1256502	0.002803706	0.3567899	0.1436439	0.3313261
0.2349824	0.01237134	0.3370636	0.1798129	0.1604381
0.2964625	0.0256075	0.3702438	0.1804414	0.2287852	0.04410267	0.2865459	0.2145478	0.1682422
0.2429607	0.01838805	0.3018196	0.1970893	0.203047
0.1629431	0.01417398	0.2082957	0.408333	0.1525632
0.1986156	0.01099596	0.3463737	0.1442396	0.2513372	0.1420887
0.1672267	0.008317777	0.3234668	0.174702
0.1936595	0.03631515	0.4001322	0.1878423
0.1264383	0.02420878	0.1967464	0.3413702	0.3082802
0.220842	0.01111603	0.169869	0.3213526	0.1105371	0.2399812
0.378193	0.01282477	0.3505002	0.1589797	0.1335932	0.2412922	0.1642296
0.2133463	0.02303857	0.4063963	0.1934447	0.06586229
0.2126077	0.04620197	0.4042967	0.1828876	0.1601857	0.3677641
0.1486035	0.003633059	0.3557899	0.1781649	0.1056138	0.1392083
0.1219973	0.003135901	0.4413952	0.220351	0.1843762
0.299158	0.006333898	0.3256365	0.1819128	0.1132649	0.1545566	0.1010179	0.1817143	0.09830571
0.2756278	0.003986292	0.3429199	0.1098377	0.1551188	0.07005236
0.1594398	0.01089595	0.3654514	0.1600549	0.2053049	0.1323158
0.2523921	0.05657419	0.4457898	0.1518436	0.1707245	0.3040606
0.1547791	0.04305028	0.4224908	0.1445949	0.1773764
0.1833042	0.004378099	0.3761699	0.1471777	0.1265155
0.2693372	0.0107829	0.369233	0.1266958	0.2382971	0.229461	0.1559858
0.2080664	0.006078197	0.3102461	0.137315	0.2009035	0.1867013	0.08508994	0.1934193
0.1120247	0.0213643	0.3967567	0.2330753
0.2725882	0.3762303	0.120051	0.3514669	0.09859993
0.2673868	0.4461575	0.02147755	0.2218822	0.3262486	0.3066153	0.1698887
0.0953272	0.3597543	0.02691513	0.2004157
0.1110109	0.3914477	0.001266022	0.1580969
0.1072966	0.3440359	0.0009499978	0.2095913	0.1911043
0.1484298	0.409859	0.008250197	0.1845729	0.09866076	0.151752
0.2245027	0.02227015	0.1909845	0.341556	0.2059347
0.2576409	0.03334907	0.1603738	0.3837331	0.1444945	0.2248514
0.2177099	0.01715671	0.178509	0.3641965
0.3137875	0.0152567	0.1539547
0.1709039	0.04467029	0.2763433	0.1746553
0.1625409	0.005982577	0.1262659	0.3667047	0.1596387	0.1341151	0.1379565
0.2328998	0.003713633	0.2069118	0.4194347	0.1165666	0.3566082
0.3015535	0.002783718	0.352714	0.1363092	0.07808218
0.1439694	0.00893754	0.3766859	0.1589251	0.04646406	0.1715177	0.1272833
0.1441177	0.02272797	0.3700764	0.1565754	0.1157495
0.2566334	0.02098803	0.4100056	0.2365838	0.1988535	0.08949148
0.101746	0.02842773	0.4372574	0.181812	0.143526	0.2128929
0.148981	0.01332593	0.3829579	0.1680098	0.1194044
0.2739362	0.07155064	0.4972866	0.1521355	0.1930783
0.2610236	0.01138746	0.3191955	0.1694839	0.0818323	0.2154542
0.2060519	0.02417968	0.3520651	0.1651733	0.1725538	0.1634103	0.2535249	0.1872366
0.1920603	0.02537845	0.3919596	0.09523953	0.05339762	0.1952561
0.3766812	0.07355378	0.1519493
0.1527106	0.09563941	0.3405876	0.1152483	0.2331995	0.1759917	0.07120775
0.367572	0.1967435	0.03732796	0.1611554	0.1817271	0.2043455
0.3075536	0.1254702
0.3239125	0.1244592
0.2120933	0.1109954	0.2511037	0.3724941
0.1390983	0.09619284	0.3816479	0.2200206	0.1876025	0.2094557
0.2145577	0.07414474	0.3075919	0.2986352	0.2392269	0.2105976	0.1393237	0.2435337	0.2551038
0.1331557	0.1264774	0.2964595	0.1021413	0.1894219
0.2043943	0.08767773	0.340352
0.3049507	0.06723288	0.2878644	0.1284302	0.2149292
0.3159439	0.1067906	0.3558686
0.2527016	0.101638	0.3706262	0.1231477	0.041868
0.1890777	0.2088902	0.3780678	0.09616779
0.1144086	0.3931506	0.1155164
0.2366028	0.372782	0.1307608	0.2736491	0.1704722	0.218013
0.2906228	0.1127184	0.1476563	0.3324549
0.3608076	0.06633202	0.405731	0.1384532
0.13214	0.07423304	0.3801369	0.07773976	0.2715436	0.1444569
0.1605125	0.1187746	0.3223683	0.1751462	0.1609761	0.2309129	0.1136314
0.1287797	0.06496446	0.3732959	0.2268568	0.1117264
0.1931222	0.4297332	0.04025918	0.1904053	0.1908186	0.2225547	0.08285708
0.2639714	0.3086814	0.03329831	0.1494648	0.1201111
0.1827091	0.04443138	0.2111113	0.2791786	0.08029324	0.2053092
0.137678	0.07835966	0.3849511	0.1694009
0.310455	0.1295629	0.3534367	0.255502	0.189788
0.1712736	0.09630126	0.3842674	0.1045126
0.1481995	0.07254379	0.2829622	0.07790716
0.07444418	0.1027338	0.4213007	0.176542
0.1376363	0.08948922	0.3727021	0.1026801	0.1346661
0.1506658	0.4340849	0.01356267	0.1518187	0.2848315	0.1819783	0.1647455
0.2424245	0.3865044	0.01469571	0.1519099	0.2490853	0.2527817
0.1458614	0.4207819	0.001807523	0.1669637
0.2575588	0.3283185	0.009250067	0.2441089	0.09959629	0.1938679
0.1542146	0.4428332	0.01271989	0.1311008
0.1250465	0.3024726	0.02775698	0.148421	0.177238	0.1541785
0.2141497	0.3335686	0.02713554	0.153818	0.1082248	0.1671586	0.1810762	0.1608709	0.2821798
0.3446721	0.3477872	0.01803872	0.1568692	0.1671405	0.2174536
0.1138494	0.4058115	0.01657868	0.1736462	0.3157963	0.1319362
0.1280573	0.3130407	0.01177651	0.1071768	0.1364154	0.2242755
0.2367723	0.3318203	0.01842452	0.1666897	0.2189217	0.2781574	0.3659812
0.1426654	0.007077311	0.2030534	0.305344	0.1257826
0.111828	0.02390802	0.1984282	0.3679924
0.170099	0.006796995	0.09834681	0.4334626	0.1155613	0.2847508
0.2534799	0.002764273	0.376214	0.1515187	0.07158667
0.134443	0.003051593	0.401265	0.1306046	0.1388182	0.1747033
0.2350423	0.0003288168	0.4811259	0.155185	0.1428878	0.1355831
0.2522928	0.00210224	0.4000604	0.1599921	0.09208046	0.3216196
0.1590339	0.01225644	0.4016913	0.1860376	0.3096182	0.1778901	0.1374866
0.2745126	0.04708482	0.4115665	0.1988071	0.1632742
0.2720218	0.03463449	0.3131441	0.1198833	0.100893	0.4039299	0.2422188
0.1264484	0.008821406	0.1462473	0.4091204	0.18509	0.2985743	0.163935
0.2701791	0.03505546	0.1516423	0.3762365	0.2109667	0.1273272
0.1914854	0.03721635	0.3296028	0.1612004	0.1745357
0.3746879	0.05440894	0.396308	0.1693347	0.1909229	0.171752	0.1870997
0.1507903	0.01745572	0.3581669	0.3233153	0.2380707	0.1170228	0.1315418	0.2655502	0.0779526
0.1677139	0.06146179	0.4408639	0.1760398	0.3080423
0.06506429	0.01053296	0.3297874	0.191115	0.06959442	0.1688521
0.1729194	0.01691911	0.3839902	0.1672055	0.02618965	0.1419705
0.1812597	0.005823981	0.3692609	0.1795658	0.1456094
0.1696672	0.007807351	0.385706	0.1240104
0.1860383	0.02759351	0.3949551	0.1296622	0.2057532	0.01723608	0.2530943
0.3186745	0.04106773	0.3719872	0.1649958	0.1425772	0.1000672	0.2428235
0.09530647	0.005231672	0.2045756	0.373944	0.1864464	0.1672173
0.1378862	0.007803116	0.3538574	0.1211074	0.1733375	0.08456922
0.2146974	0.005378777	0.1814066	0.3607634	0.1651778	0.158967
0.2279811	0.03607486	0.4132423	0.1904673	0.1197603	0.128311
0.1773145	0.01141129	0.4132423	0.1445376	0.2072968	0.1283405	0.2200028
0.2519965	0.05418662	0.3473553	0.132908	0.09546998
0.2396866	0.4654184	0.1270779	0.09886238
0.1718649	0.4300674	0.08510258	0.3092318
0.2016696	0.3982305	0.1191051	0.1252036	0.2504144
0.2690735	0.3240406	0.1879561	0.02351595	0.1264017
0.1241118	0.1020794	0.3276987
0.1733068	0.04472114	0.220841	0.464552	0.2125265
0.1705443	0.007759676	0.2278783	0.4189943	0.1259461	0.1232456	0.1908455	0.2197692
0.2694197	0.01404422	0.3448056	0.2168656	0.1952464
0.1350608	0.005274966	0.4342627	0.1513694	0.1272342
0.225083	0.004563731	0.3467967	0.1393973	0.1157263
0.262246	0.0004796994	0.3088493	0.2034372	0.2855418
0.1920711	0.003321394	0.3462449	0.09308292	0.1979418	0.2013014
0.2480331	0.02748141	0.2057612	0.409554	0.09436345	0.1952555	0.1082265
0.1230237	0.00055205	0.1317036	0.3914286	0.228222	0.1176322
0.2092431	0.01168764	0.1801365	0.4718959
0.2262603	0.0817441	0.3412285	0.1522265	0.1122915
0.2474268	0.121864	0.3603696	0.03204788	0.1837184
0.1724165	0.4213697	0.04672445	0.1571436	0.2528886
0.244291	0.3921772	0.04223369	0.1987422	0.1404326	0.09879227	0.09664022	0.1935882
0.1649813	0.407075	0.008928164	0.2118789	0.2441217	0.2012315	0.1514792	0.1332873
0.3133673	0.3918036	0.03963612	0.1150717
0.2836176	0.3510895	0.1056095
0.3500331	0.1052557	0.08538333	0.2711279
0.2924907	0.178809	0.2198671	0.0989426
0.285239	0.4349326	0.08868564	0.132927	0.0355807
0.2182181	0.419557	0.09301313	0.2401482	0.06420097
0.1766978	0.3362513	0.07907219
0.2681268	0.1288817	0.4155965	0.1932254
0.2418021	0.09507071	0.4049849	0.2360457	0.06491757	0.1324614	0.07144853
0.2137622	0.08211888	0.3481818	0.1169191	0.16481	0.1334317
0.1291948	0.1383614	0.3721521	0.09571057
0.2519979	0.09671547	0.3307642	0.2255833	0.2024398	0.2534709	0.2139478
0.2386554	0.1044847	0.4291655	0.1417039	0.2664054
0.2437581	0.09546267	0.3641157
0.2434619	0.07169354	0.3823774	0.1030991
0.1240023	0.4356319	0.1165937	0.1851652
0.2847167	0.3702599	0.05993936	0.2339844	0.1929617	0.1167065
0.1676311	0.03552207	0.174573	0.3247222
0.2076229	0.01197768	0.245268	0.3909365	0.1721266	0.3020695	0.1704317
0.1995102	0.0258802	0.4272147	0.2210352	0.2524819	0.1803777	0.1322426
0.1747968	0.01646362	0.1850356	0.2901826	0.18151	0.2508847
0.1746369	0.02507469	0.328881	0.2045445	0.09148512	0.2963812	0.1417107
0.3520582	0.02423819	0.1754325
0.317973	0.01143742	0.140587
0.2226979	0.01929691	0.1789913	0.3459441
0.1822399	0.02805119	0.3930805	0.2044487	0.1040865	0.1114766
0.159137	0.0454792	0.3793464	0.1745398
0.1764088	0.00231446	0.3899589	0.2167172	0.2017072
0.2114715	0.01771539	0.4215821	0.1845393
0.2502795	0.005373305	0.1452654	0.3674624	0.232037	0.1529186
0.2674432	0.02467529	0.378866	0.1031262	0.1129239
0.2728667	0.02342046	0.1774737	0.4188779	0.2183668
0.297908	0.0313446	0.4572546	0.1667608	0.2041986
0.2787533	0.05106257	0.3591249	0.1798662	0.2057784	0.1176077	0.1295709
0.1404105	0.01524594	0.4586051	0.1584549	0.09549579	0.1393776
0.2055996	0.002850694	0.4722697	0.2006063
0.2444572	0.0515856	0.4773349	0.2028081	0.2429671	0.2119735
0.06251046	0.3046078	0.1380073	0.009542605
0.312199	0.4277992	0.123816	0.1394349	0.0735924
0.1603568	0.3617454	0.06311077	0.1568558
0.178816	0.3279699	0.1032883	0.158259	0.2442913
0.2112736	0.3021186	0.06546981	0.2036908	0.1094444	0.07979044
0.01966626	0.09253857	0.4538709	0.2461421	0.1158788	0.1640789	0.2327389
0.3392923	0.08896604	0.1982154	0.3198413
0.2441705	0.003902194	0.1496986	0.3880802	0.2447507
0.2076044	0.007064728	0.1155553	0.3826745	0.137607	0.2423837
0.2646575	0.06157916	0.3819663	0.1966441	0.1959152
0.2185227	0.01107846	0.4460467	0.2276685	0.1981725	0.1690499	0.0514703	0.07497422
0.09750401	0.006234672	0.3999574	0.1671023	0.0950986
0.2414589	0.08301662	0.4304602	0.1761927	0.1012594
0.1786833	0.1092338	0.3638277	0.1035233	0.2680909	0.2039506
0.1992458	0.1488434	0.477433	0.1509576
0.3451023	0.1177255	0.3756784	0.1483958	0.3102677
0.1600276	0.06322901	0.3474796	0.1112649	0.2674958
0.3626472	0.08412803	0.1618011
0.1639005	0.1215097	0.3213249	0.1342389	0.04194904	0.08278857	0.02632554
0.3598141	0.1267653	0.3439815	0.009640343	0.2700933	0.2861996
0.3408425	0.02062304	0.1651755
0.2875536	0.005928835	0.1578031	0.3105846	0.2076299
0.171083	0.01467604	0.142667	0.3563589	0.113604	0.3369731	0.1069554	0.3540808
0.3087381	0.02126494	0.440673	0.1673728	0.1177695
0.1834594	0.009621968	0.362517	0.1357258
0.227101	0.005859644	0.3908812	0.1390045	0.2187908	0.2034855
0.1492873	0.03682138	0.3231352	0.1830952
0.0884295	0.02582875	0.3624169	0.2491641	0.210522
0.3162501	0.006063184	0.4110571	0.1602488	0.128576
0.08912969	0.008722952	0.3337727	0.1009984
0.2978141	0.006826422	0.4024507	0.2023212	0.1146491	0.2357512	0.1905936
0.1218645	0.01289495	0.2715011	0.1157084	0.06364807
0.2991918	0.002441802	0.1590081	0.3740716	0.1981204
0.1190415	0.04161304	0.4550991	0.2642786	0.130778
0.1233109	0.01023304	0.15907	0.280488	0.3717056
0.2066881	0.004623939	0.1891331	0.420598	0.1872628
0.1999112	0.02665107	0.195035	0.3739257
0.3391473	0.0444697	0.3633581	0.1871012	0.2209895	0.08596818
0.390403	0.001996209	0.1074174
0.3504494	0.01083116	0.1244356
0.3217735	0.04155026	0.1793039	0.3744913	0.1894618	0.2179753	0.200078
0.2256491	0.01626042	0.390035	0.1348029	0.1698677
0.2367551	0.01323426	0.3634971	0.1808601	0.243563
0.2045985	0.03987442	0.3636374	0.08471933
0.1565339	0.003368915	0.3789216	0.2130423	0.07633833
0.1757515	0.004649211	0.1520561	0.3580148	0.1816923	0.2136057
0.1855345	0.008601211	0.3901822	0.1350722	0.2018907	0.1600748
0.2135362	0.03873352	0.3901822	0.2245333
0.2450482	0.009606358	0.1750175	0.250732	0.1121598
0.2232152	0.002367857	0.1701111	0.3794368	0.3473908	0.1661119
0.2642752	0.002642915	0.07014185	0.242632	0.3688935
0.1192642	0.006284248	0.3566433	0.146363
0.222829	0.003408298	0.1084515	0.3275602	0.1130227	0.2290556	0.1552585
0.2728931	0.01008924	0.150406	0.348136	0.1312803	0.185677	0.2422747
0.1482358	0.01661966	0.174886	0.3413715	0.148802	0.1760963
0.2812053	0.09665205	0.4069258	0.2830706	0.02709117	0.244715	0.1766246
0.2371845	0.4495919	0.1921873	0.1946704	0.07201499	0.2092107
0.2573735	0.1115796	0.4364005	0.2536024	0.09516187
0.1096312	0.1018786	0.406675
0.03714473	0.36017	0.08527203	0.2117309	0.1505346
0.08390808	0.2904964	0.06648711	0.2404705	0.2485041	0.185294
0.1551352	0.1238595	0.3997858
0.2194581	0.1086734	0.2933062
0.3728908	0.1007167
0.2935231	0.01877644	0.1488505	0.3336504	0.1387096	0.1521224
0.3275459	0.0009193098	0.1539067	0.3664278	0.05708754	0.1357396	0.2532717
0.1251728	0.0002868656	0.3936177	0.1120602	0.1558837
0.2626031	0.0005956502	0.4788967	0.0932831	0.213279	0.2457374
0.1670661	0.04330677	0.3974045	0.2365392	0.07270562	0.07066735
0.1905806	0.007966342	0.4511079	0.1267422
0.3801253	0.002388968	0.1861917
0.2362996	0.001657113	0.1816753	0.3323278	0.05754751
0.1664738	4.036612e-05	0.1237099	0.355339	0.148156
0.2184211	0.0002783638	0.1434153	0.3336153	0.07801685
0.1605089	4.810933e-05	0.1526908	0.4004895	0.2303682	0.184171	0.1647945	0.1961652
0.191887	0.0380473	0.1640849	0.3653056	0.09871943	0.1052911
0.3468791	0.1410306	0.01054477	0.3484887
0.3746632	0.03204862	0.1425218
0.289489	0.1129184
0.1982099	0.09409581	0.3243267
0.2256714	0.1030974	0.3118481	0.2598943
0.2474808	0.07978297	0.3748273	0.148765
0.2936045	0.1100707	0.2995026	0.116695	0.2916564
0.1721892	0.07917052	0.3654779	0.1640918	0.06866066
0.05797491	0.1163881	0.3589474	0.04324338
0.2109671	0.1146315	0.3613002	0.2363826	0.2561932	0.1394488
0.2239028	0.1336945	0.3786571	0.1898701
0.1911907	0.06984933	0.3518046	0.06588026	0.158043	0.06144147
0.2000423	0.1087698	0.4241493
0.1275777	0.1051245	0.4069535	0.08884048
0.1385058	0.3776518	0.09843113	0.06356198
0.1752887	0.09430888	0.3309725	0.08477026	0.1342844	0.09096776	0.07847775
0.2889331	0.3964649	0.1212442	0.1108879
0.3405508	0.05396408
0.1389718	0.04319149	0.163759	0.3807038
0.2078286	0.004186819	0.1917788	0.4004214	0.2011621
0.2345716	0.02349621	0.4216525	0.09460122	0.1594722	0.2461685
0.2334682	0.009825928	0.330699	0.1886792
0.2178764	0.007031746	0.1721862	0.3825795	0.009183675	0.1989054	0.1774684
0.2463848	0.02887012	0.1442015	0.4432223	0.1336817	0.09674947
0.2814012	0.0275511	0.1572917	0.2830323	0.176293	0.1814837	0.2567865
0.4119965	0.02330864	0.1548486
0.1314783	0.005180313	0.1560158	0.4073605	0.3566002
0.1670033	0.01841645	0.3352381	0.1327496
0.3215742	0.02940205	0.4111848	0.1348083	0.2358262
0.1196054	0.04853515	0.3707864	0.1383338	0.206846
0.2767934	0.001181168	0.4313715	0.1792014	0.1964131	0.22684
0.2414501	0.005223178	0.4331111	0.1011354	0.1834705	0.3590021
0.299629	0.0006210928	0.1830737
0.3547874	0.04574931	0.1258367	0.08195636
0.2014297	0.02355503	0.4368439	0.0981978	0.1494849	0.1433359
0.1678599	0.01007352	0.3084957	0.1459725	0.1283136	0.2273829	0.1747156	0.1423998
0.1711757	0.05271951	0.4298553	0.2438302	0.1228609	0.2527274
0.2054437	0.01809871	0.3379458	0.1829113	0.3446289
0.3565832	0.002266898	0.1459776
0.2977672	0.001439486	0.3345671	0.1555542	0.1136381
0.2149649	0.0001192107	0.4096519	0.1763307	0.2834839
0.1618951	0.0005434356	0.1273136	0.3764873	0.2233259	0.1989187
0.2036404	0.003167643	0.1581424	0.3258137
0.2039698	0.00214659	0.3582792	0.1883677	0.1645239
0.3203036	0.01487729	0.4297976	0.1759148	0.1114022	0.1825987	0.1980649
0.1682783	0.01841309	0.4923396	0.1983261	0.2453517	0.1740109	0.1708862
0.1629971	0.004191222	0.4196549	0.1547449	0.1258514	0.1788688
0.2614577	0.02733708	0.4905452	0.1800997	0.3007798	0.140984
0.1639668	0.01252577	0.3940591	0.1462595	0.1674064
0.1246785	0.376586	0.09259479	0.1481281
0.1845531	0.3776462	0.07939145	0.09279806	0.05883833
0.1746396	0.4170589	0.09212815	0.2778004
0.2000115	0.3634494	0.199623	0.1083309	0.07165329	0.2364748
0.1642147	0.4565718	0.1451822
0.2125545	0.3930151	0.09935632
0.3029452	0.3133963	0.1407264	0.14356
0.2162126	0.3832715	0.1085664	0.1225833
0.2231865	0.3813193	0.132601	0.1788438	0.2041124
0.1591793	0.3125825	0.1188923	0.2641379	0.2099768
0.1670096	0.3029332	0.1074829	0.2470668	0.2601641	0.2061519
0.1607025	0.4980868	0.2159133	0.1043441	0.1352409
0.2130381	0.3734723	0.1184094	0.08908201	0.1954638
0.1050911	0.3689513	0.1310856	0.123499	0.309184	0.04777656
0.211841	0.1257689	0.360908	0.09639501
0.133183	0.1065897	0.3638401	0.07318083
0.2701751	0.4019265	0.118375	0.1065763
0.173945	0.3648817	0.02996783	0.1893772	0.1809395
0.1762111	0.3392963	0.01102081	0.1460061	0.2185526
0.07573226	0.2866484	0.02688782	0.18199	0.3153554
0.1649039	0.01201096	0.1964037	0.3416084	0.1458905
0.2829022	0.0004912837	0.1013694	0.3420095	0.1279265
0.3902397	0.005815198	0.2201801	0.3936853	0.2764642	0.2281229	0.2100796
0.1446661	0.0131281	0.3196514	0.226784	0.2220905
0.131212	0.3139482	0.1031784	0.1415602	0.2167279	0.1982434
0.1359389	0.09437638	0.3743698	0.1796112	0.2374674
0.1983761	0.07515238	0.3777695	0.1072177
0.2249968	0.06470299	0.3456439	0.1821455	0.09601704	0.2353499
0.1720701	0.08741103	0.3191074	0.3120389	0.09832259	0.130536
0.1237873	0.0862116	0.3403464	0.1679587	0.07623147	0.2121553
0.1739756	0.4106035	0.08052107	0.2227261	0.2170182	0.1406793
0.1609777	0.404553	0.1367599	0.1790581
0.1794518	0.4210994	0.05150927	0.07311417	0.1828365	0.2738038	0.1406707
0.3464835	0.3219688	0.06446377	0.09073054	0.1298967	0.3266511	0.2163786
0.1542219	0.4021986	0.09938008	0.2535083
0.3431856	0.3583741	0.1168069	0.2607233
0.2050726	0.4327667	0.1478347	0.05798856	0.07446177	0.2018692	0.290462
0.2089016	0.376234	0.01684851	0.1197076
0.2326342	0.3857088	0.004725704	0.187285	0.1728271
0.2716144	0.03507318	0.2090054
0.2777611	0.03715564	0.3188033	0.1453034	0.2542972	0.1569629
0.2381789	0.01220693	0.4460387	0.1357665	0.1011076
0.1989666	0.04327603	0.4167028	0.1597739	0.0974643	0.1308347
0.2376097	0.01491617	0.3285613	0.1851874	0.04320738	0.2196375
0.3356917	0.006147672	0.3773634	0.1363154	0.1750514
0.2981323	0.009781237	0.4136583	0.1870387	0.1559611	0.01168632
0.22663	0.003940649	0.3076461	0.1418025	0.1222647
0.1811589	0.0003405107	0.3514431	0.1879911	0.2585682	0.1696756	0.201757
0.211641	3.78801e-05	0.418853	0.1842536	0.1762879
0.2264489	0.0001834318	0.1850464	0.4286697	0.3326302	0.2471835
0.1713989	0.000101409	0.1894168	0.4996384	0.2146251
0.1244101	0.03559001	0.1651686	0.3165459
0.192867	0.02811479	0.1937391	0.4383424	0.1965977	0.2688971	0.1648791
0.1696909	0.02541351	0.3571654	0.1800497
0.1596159	0.01599783	0.3524247	0.08128487	0.1537689	0.1700788	0.1465854
0.2667322	0.01896008	0.1539846	0.153545	0.3781223	0.1903206	0.09017136
0.2188929	0.002293177	0.1267779	0.3799771
0.2812196	0.02451773	0.186998	0.3195048	0.1681227	0.06655723
0.1658625	0.04114143	0.3658978	0.1585856	0.2016742
0.1630882	0.05048851	0.3617831	0.1645245	0.07894282	0.1711107
0.1898243	0.3437637	0.1024793	0.08943702	0.2784952
0.1810351	0.3470066	0.1153751
0.1269021	0.4231925	0.01030352	0.2134882	0.02094778
0.1716254	0.3923216	0.01421944	0.1242284	0.2313351	0.1381646
0.08662816	0.0107642	0.2122039	0.3302877	0.101278
0.1747054	0.07503113	0.143941	0.4368863	0.2407956
0.2390005	0.09542537	0.3530163	0.2344377
0.1632507	0.09274229	0.2857357	0.2351417
0.1430031	0.4884489	0.08590674	0.1977326	0.1294696	0.08665073
0.1705469	0.35717	0.006961298	0.1645675
0.2832422	0.02046342	0.2571558	0.2193062	0.1082928
0.2011261	0.04794866	0.1421008	0.3488559
0.3357102	0.03956732	0.1885329	0.3200651	0.2697425	0.1731619	0.1823297
0.2669854	0.01278225	0.32725	0.1833155	0.2550654
0.3709605	0.127193	0.2196641
0.2878091	0.01843955	0.2080877
0.2184703	0.01049622	0.1348536	0.3780866
0.1553106	0.05541066	0.3000917	0.1481825
0.2106814	0.4003645	0.1161418	0.2357907
0.2063231	0.2556276	0.02970468	0.1314714
0.1592458	0.02685905	0.3666247	0.1407515	0.2554477	0.08313211	0.1338703
0.2815891	0.04425175	0.3602613	0.1367985	0.1713655	0.1775136
0.3624648	0.01803379	0.2388304
0.1389276	0.00944188	0.1644953	0.406664	0.07734016
0.2934688	0.007173888	0.4302355	0.2201497	0.06750392	0.1968948	0.08150255	0.1846967
0.1688197	0.001117398	0.3576623	0.1454334	0.1741397	0.1926242	0.1881767
0.08881252	0.0008476578	0.4492244	0.1731765	0.1442203	0.2649156
0.1408013	0.02880037	0.4098194	0.2044711	0.1176869	0.2177666
0.3043292	0.0141335	0.4071239	0.1674505	0.280625	0.2491002	0.002803631
0.2624503	0.04599791	0.35337	0.1331715	0.1735115	0.05662809	0.1029243
0.1022151	0.01176113	0.3513708	0.1170285
0.2416023	0.008929002	0.3427063	0.09864818	0.2554123	0.1201881	0.1721309
0.2831538	0.01782485	0.3938631	0.1563883	0.07231596
0.2539123	0.002330447	0.1489321	0.3742596	0.05300817
0.2686452	0.001834886	0.421147	0.1691998
0.3723436	0.04001463	0.1964506
0.3041251	0.02430885	0.2006788	0.2149513
0.3752367	0.02800928	0.1539708
0.234781	0.1401072	0.3289526	0.06256289
0.2701782	0.1342259	0.3577932	0.07531742
0.2800092	0.1540566	0.3833806	0.01555919	0.1125092
0.3293606	0.4061136	0.01626908	0.09065739	0.15567	0.2421728	0.2166723	0.1033948	0.1880689
0.2278963	0.4170149	0.003475019	0.08459688
0.1131327	0.3507463	0.02207829	0.170847	0.1782595
0.06080476	0.357221	0.004081255	0.180371	0.180155	0.1974647
0.1880891	0.006486907	0.1865675	0.3744576	0.2275728	0.2020716	0.1396788
0.05556988	0.007776909	0.2043349	0.4165976
0.1211856	0.0003944124	0.3426032	0.1355459
0.07683022	0.00311412	0.1986564	0.2666052	0.08049902	0.20066
0.1934151	0.002028051	0.2360315	0.3415942
0.08978952	0.0007519838	0.4250046	0.1160837	0.2696969
0.2538162	0.001114479	0.135374	0.4163845	0.22528	0.2299677	0.1252402
0.1783952	0.02858568	0.4041426	0.1873604
0.1629456	0.005118196	0.4375968	0.1982872	0.1294483	0.101118
0.2140141	0.03020355	0.4252341	0.17427	0.2096813
0.2292871	0.02104883	0.1801687	0.224225	0.3076729
0.08793367	0.02528269	0.1248317	0.2963373	0.2087587
0.1613121	0.02454831	0.1371361	0.400958	0.06091837	0.1169756	0.05249301
0.2372037	0.005872986	0.1083127	0.4086249	0.159528	0.05498647
0.2615471	0.00231751	0.3544565	0.1431538
0.3474587	0.007532213	0.337401	0.1351276	0.1252801
0.2556452	0.001619562	0.3236517	0.1587111	0.2048454	0.3698924
0.394898	0.0008746893	0.2045815	0.3873173	0.06054436	0.2295177
0.1543295	0.001353591	0.38415	0.1009556	0.1417023	0.09673639
0.2242194	0.01974272	0.4017208	0.09537397	0.1199872	0.1769539	0.1408463
0.3027357	0.008079037	0.4783402	0.2437138
0.1955589	0.01239252	0.3912544	0.2207741
0.3039636	0.008605943	0.4206482	0.0993788	0.1684849
0.2395486	0.007974091	0.1217894	0.1653756	0.165533	0.2734879
0.2733997	0.01899866	0.1767003	0.3445082	0.2294034	0.2910624	0.1349632
0.2372473	0.3778959	0.001781018	0.1804955
0.3358823	0.332903	0.02929751	0.1848983	0.1265839	0.1730409
0.1662245	0.3203898	0.0117369	0.1393404	0.1451689
0.1871976	0.3052825	0.008315992	0.1477986	0.1675847
0.2322329	0.3609831	0.01314729	0.06364545	0.2921158
0.1743558	0.360471	0.0479995	0.2077809	0.1823761	0.09483353
0.1963686	0.3742828	0.01024727	0.1535109
0.2186451	0.3458895	0.02800688	0.14702	0.1313021	0.2676377	0.1659895	0.2663798
0.2006451	0.4398329	0.005346045	0.1477616
0.193355	0.3558381	0.01745301	0.1689903	0.2057776
0.199161	0.3663321	0.002644584	0.1207865	0.1545737	0.1709795
0.2032316	0.461546	0.03969116	0.1882293	0.2745052
0.197464	0.2828949	0.008197624	0.2161971	0.1352343
0.1966094	0.03671824	0.4129144	0.1384423	0.1804088
0.2552878	0.09428911	0.3500302	0.07014309	0.1728225
0.2548972	0.1166411	0.3707354	0.2053018	0.2132841
0.2540925	0.1619941	0.3476792	0.1752649	0.153787	0.3222873
0.2163877	0.1322784	0.3334578	0.02380261	0.2448587
0.175026	0.1831805	0.3278969	0.01605425	0.20717	0.2497985
0.286058	0.1515445	0.3989528	0.01006046	0.1084634	0.3719446	0.07086188
0.1162956	0.2411452	0.4180094	0.01121799	0.1995929
0.08164456	0.1666048	0.42478	0.004791064
0.1306945	0.1936889	0.4444589	0.006827912	0.1729028
0.2835652	0.3113387	0.006928198	0.1530144	0.09031473
0.1858844	0.405423	0.00350242	0.1680209
0.2195478	0.3542259	0.002328701	0.1372405	0.2335562	0.1329665
0.1881814	0.3812638	0.0195304	0.07993252	0.2594407
0.09913723	0.01905524	0.3499262	0.05991643	0.1721017	0.2130232
0.05424896	0.00939595	0.3540872	0.03218334	0.2006527	0.2291877	0.2531917
0.1166613	0.01225489	0.3521606	0.1252435	0.105318	0.1947384
0.237343	0.01716823
0.205732	0.3793087	0.06715796	0.08668233	0.06742477	0.2113014	0.1355093	0.3406198
0.1584999	0.3385658	0.0885776	0.1262496	0.2444805
0.3240732	0.07163003
0.2386833	0.1144176	0.4221358	0.2212752
0.1528461	0.09198589	0.3517148
0.2857337	0.08665064	0.3882248	0.1158787	0.1039496
0.2025614	0.09520727	0.3531517
0.1263812	0.113674	0.425188
0.2400371	0.09305898	0.4521844	0.2202784	0.202131
0.1757	0.3804748	0.1177169	0.1288901
0.2176228	0.06295964	0.2946949
0.1417901	0.07390853	0.3645962	0.3091908
0.1740309	0.1128046	0.1810499	0.3746147
0.1888664	0.06579741	0.3831928
0.1710684	0.1021258	0.359936
0.3167846	0.06685413
0.3851219	0.09264605
0.2698922	0.05846336	0.4308122	0.1284875
0.1640561	0.1243552	0.3089189	0.1007514
0.1844319	0.009773768	0.1560642	0.3892091	0.2931154	0.2263793
0.1789762	0.001496583	0.3746634	0.1688296	0.1605129	0.1822077
0.2304022	0.0001708583	0.4401647	0.1562571
0.3178626	0.0002211952	0.386762	0.1497641	0.2286626
0.1270029	0.0002891682	0.4216206	0.1018654	0.2767715
0.1992414	6.145831e-05	0.3973715	0.1824794	0.08375092	0.2380404
0.2698664	0.0003823554	0.3563515	0.1976571	0.1611335	0.08238402	0.21095	0.2133996	0.284815
0.1965221	0.002830874	0.3756261	0.1589049
0.1664915	0.01287511	0.3685496	0.1539086	0.1653916	0.1511074
0.2823793	0.03126428	0.1599387	0.2435733	0.1181006	0.3930684
0.08361759	0.02526585	0.1763143	0.3566353
0.136194	0.08553477	0.3966465	0.1287612
0.2920226	0.09954672	0.336572	0.2614676
0.3984931	0.08076015
0.4218229	0.07137012	0.248835
0.1372953	0.00262675	0.4229107	0.1772558	0.2025845	0.2055461
0.2116081	0.0136244	0.177913	0.3498215
0.2925323	0.003868303	0.3127725	0.1501267	0.3046509
0.3342398	0.01543689	0.1624566
0.3176158	0.002682135	0.1724389	0.2223335	0.4126362	0.1202791	0.1427472
0.1821068	0.01342055	0.1732263	0.4592755	0.221313	0.1012086	0.1191943	0.109272
0.1267569	0.01639789	0.343848	0.1475199	0.147844	0.1260603
0.1282714	0.006671712	0.3710854	0.1440212	0.2161969
0.1800609	0.00705314	0.4140975	0.1706177	0.1118692	0.1640208
0.2295938	0.02388118	0.3650336	0.1614621	0.1533523
0.1309404	0.01305662	0.4552826	0.1001705	0.1786433
0.1837661	0.001090335	0.3234537	0.1038281	0.1441024	0.1197911
0.1076439	0.02465187	0.1283021	0.3626959	0.1503239	0.1648936
0.1276395	0.06381953	0.1032017	0.3606131	0.09504416	0.2448236
0.08937566	0.116265	0.3692294	0.07541266
0.176386	0.1931547	0.02121751	0.4360347
0.1930236	0.119223	0.0233601	0.3906214	0.1375952	0.1380476	0.2088902
0.3317805	0.154477	0.01847329	0.3525618	0.1511265	0.05266515	0.1268313
0.2162695	0.133357	0.00636412	0.4357278
0.121903	0.2214677	0.01562705	0.3456103	0.1667007
0.2131927	0.07572088	0.4412005
0.1444386	0.09269021	0.311602	0.1148871
0.2718735	0.3637131	0.1365356	0.1719446
0.1209227	0.3871341	0.08178048	0.06006274
0.2130682	0.3701011	0.1023708	0.2042258	0.1854557	0.2317128	0.2192012
0.3654221	0.08032667	0.3447513	0.186476	0.1807167	0.1985312
0.3213304	0.02218533	0.4053782	0.187526	0.1739554	0.3281065
0.244632	0.01632564	0.3788533	0.1022953	0.2867026	0.1529657	0.1982474	0.1828307
0.3222117	0.008744388	0.1850004
0.3249938	0.04366261	0.1556612
0.3169465	0.02354804	0.1579464
0.3267487	0.02635409	0.1404147
0.1396107	0.0367274	0.4444388	0.2072918	0.2856754	0.1540191	0.1989732
0.1490598	0.01381748	0.357727	0.1408544	0.2792276
0.156016	0.01807529	0.3337233	0.1471549
0.1501383	0.06635764	0.3910037	0.1736273	0.1281145
0.1664474	0.01913955	0.4043946	0.1179109	0.1717066	0.07212934	0.1839801	0.2903826
0.1890933	0.01117911	0.3708013	0.1260022	0.1233831
0.3204817	0.005529647	0.3921125	0.2081446	0.110687	0.09664525
0.3410064	0.005241553	0.1497801	0.3447575	0.2283596	0.1482069	0.2245728
0.1836336	0.02552784	0.391391	0.09736291	0.1570692
0.3694797	0.02484903	0.4189856	0.1698875	0.09085182	0.3067642	0.2255593
0.1886826	0.03225514	0.3834074	0.1744127
0.2289124	0.01652173	0.1838131	0.4236355	0.1158018
0.2236502	0.0008869975	0.1499478	0.3579277	0.083221	0.1178022
0.1252108	0.01065796	0.1366644	0.3529607	0.299149	0.2615553	0.1438423
0.2588977	0.006310421	0.2908068	0.4410642	0.1154417
0.2569764	0.01099942	0.1798647	0.4668866	0.1161089	0.2958135
0.2480074	0.01444107	0.3783513	0.1663333	0.177153
0.241548	0.01341041	0.3784668	0.2258887	0.1698365	0.1727874	0.271866
0.2479662	0.05528578	0.4171752	0.1670772	0.1606364	0.209069
0.2687537	0.03772834	0.500594	0.1661453	0.2236585
0.3120226	0.005632419	0.4174132	0.1619332	0.21889	0.1321395
0.2361172	0.01160387	0.1463266	0.3944323	0.07781292	0.2670746	0.1811237	0.1464393	0.2455159
0.2369374	0.02034118	0.1197248	0.3816799	0.216874	0.1919016	0.2049641
0.08893725	0.03019986	0.07506971	0.4214506	0.09127652
0.1791437	0.04413367	0.3641674	0.1595666	0.1921925	0.2053743	0.1164601
0.1438227	0.02111545	0.3888432	0.1801777	0.1915758	0.192826	0.2517184
0.2818851	0.0271038	0.3499325	0.1733147	0.1080334	0.2390933
0.09558688	0.03536497	0.4212803	0.2110444	0.1402271	0.1411037	0.1453961
0.2147919	0.0517735	0.4027883	0.1669951	0.201012	0.1242653	0.316142	0.2430702
0.30225	0.005292933	0.364458	0.1874589
0.2033792	0.01460305	0.281494	0.3622156
0.1660817	0.04725563	0.3621715	0.1922194	0.1900457	0.484721
0.1802594	0.02963493	0.3584755	0.126588	0.1054583	0.1350322
0.1898968	0.01846865	0.161605	0.3715076	0.2094585	0.2838635	0.0861953
0.3917407	0.0169873	0.09936054
0.3310379	0.01414009	0.1576091
0.1213598	0.01023989	0.3298236	0.1638243	0.2792809	0.1665934	0.1316621
0.3495664	0.0004657643	0.3764398	0.1810933	0.1659257	0.1463859	0.1824892
0.3310387	0.02240229	0.4100414	0.06832516	0.1353371	0.2115829
0.2547891	0.004672107	0.3473253	0.1376321	0.05244692
0.1555548	0.01762739	0.456057	0.1931433	0.1136581
0.2274716	0.005546042	0.481231	0.1799694	0.2878907
0.3166637	0.002162288	0.3321695	0.171251	0.3415774	0.08568276	0.1531922
0.1969177	0.000340165	0.464276	0.2015882
0.1279379	0.004882211	0.3010319	0.1568419
0.1693222	0.03472702	0.1182521	0.1977909	0.3227929
0.09292061	0.1498247	0.3650084	0.1676497
0.1776596	0.4023194	0.1060962	0.09348786
0.3559655	0.367118	0.1021937	0.03208472	0.04419805
0.1541257	0.4096148	0.2297752	0.02750549
0.3314975	0.4168135	0.08655263	0.1427488	0.1991499
0.1012847	0.2897426	0.102068	0.1989936	0.1364622
0.316709	0.3374682	0.03650636	0.1607738	0.216629
0.07558881	0.3457527	0.02088376	0.1761036
0.09747483	0.3772213	0.001514271	0.1043698
0.2871866	0.3652687	0.01816309	0.2187921	0.1751473
0.1893855	0.3662491	0.02087632	0.1365972	0.2152803
0.1586882	0.3159734	0.02719664	0.1015846	0.1277084	0.2361061	0.1604881
0.1767601	0.0183634	0.1479191	0.3531904	0.1888137	0.4030948
0.2432902	0.0246527	0.1114001	0.3490858	0.2071099	0.123235	0.22197
0.1896337	0.04540855	0.2152117	0.3168523	0.1112862	0.2735631
0.1592819	0.04610369	0.4079038	0.2055854	0.1938169
0.2417516	0.005604445	0.2822086	0.1780994	0.3227998	0.1308887
0.07295467	0.03870555	0.3209442	0.1356726	0.1846098	0.2250996
0.1437536	0.01059082	0.3223072	0.1952687
0.1278195	0.02331313	0.4163312	0.1545236
0.1680777	0.01053095	0.4338482	0.1748299	0.2163475	0.1749538
0.252118	0.01875058	0.3679734	0.1166482	0.08377816
0.1955415	0.008065376	0.4061972	0.143031	0.1683362	0.208063
0.1227589	0.01400298	0.4296092	0.1495397	0.1444147	0.1036183	0.2240683
0.2151181	0.01803789	0.3828918	0.1528094	0.1445359	0.1903451
0.2968923	0.009218264	0.4017433	0.2284839	0.1733313	0.1323996	0.1893545
0.1970427	0.03525595	0.4195325	0.2082846	0.1654891
0.1412782	0.01124351	0.3726331	0.1779919
0.1828036	0.005516239	0.4614741	0.1796813	0.1343057
0.178322	0.01146001	0.351697	0.1467848	0.1301156
0.1850775	0.01201931	0.3782588	0.2395401
0.2518233	0.009323724	0.3393534	0.1671777	0.1793762
0.1307687	0.0277216	0.299922	0.0777877	0.1415592	0.1618182	0.2000595	0.1767674	0.225168
0.2727724	0.05879129	0.118358	0.3021357	0.2763288	0.2476252
0.1557794	0.01413874	0.3774949	0.1610626
0.1900027	0.003942642	0.3755622	0.1529029	0.2180441	0.1792484
0.1963682	0.007207473	0.4929576	0.1455791	0.2560931	0.135743
0.2061194	0.008136517	0.3778058	0.1778658	0.08430303	0.160459
0.2455548	0.3490792	0.05766523	0.2979995	0.09205634	0.2044469
0.05015766	0.4089724	0.09272936
0.2985823	0.3498175	0.1068233	0.2190765	0.2654248	0.1070346	0.213648
0.287844	0.470384	0.04505076	0.2070318	0.2211395	0.2251398	0.04164364	0.1069838
0.1546556	0.1546298	0.3586797	0.2455093	0.1865412
0.1587818	0.04281331	0.3768866	0.1169227	0.2058969
0.2080518	0.01014798	0.147639	0.295132
0.09718765	0.00251593	0.3994545	0.160347
0.1652639	0.006139	0.4385542	0.1630321	0.08174224	0.1241828
0.2663787	0.07148251	0.4466174	0.1688407	0.0757853
0.2719131	0.005306161	0.3731352	0.1927011	0.04520109
0.2501509	0.005003754	0.3687786	0.1654543	0.1337146	0.06615695
0.329708	0.004768413	0.4385808	0.2207128	0.09527066	0.1529213	0.1070948	0.08286674
0.1006463	0.004539961	0.1703142	0.3895234	0.0824646
0.1582527	0.008365057	0.1155815	0.4003876	0.1560126
0.1642164	0.01611349	0.1562645	0.3724729	0.2491317	0.1067177	0.2687733
0.1518578	0.01860489	0.1739833	0.4545202	0.1235346
0.1510261	0.04374146	0.08852739	0.3083075	0.07483948
0.2612278	0.002623004	0.1645275	0.2812316
0.133951	0.028674	0.4139635	0.1127928	0.1360109	0.2876959
0.2108138	0.006748304	0.1435648	0.2915462
0.3560316	0.01169065	0.1870223	0.124717
0.2584299	0.02526706	0.1354224	0.4332018	0.1332791
0.187869	0.007149399	0.3937832	0.1242742	0.08071639
0.2637978	0.3197347	0.1104912	0.1825613
0.271939	0.3436585	0.09180388	0.268063	0.07137429
0.2097442	0.1468657	0.4053595	0.1659004	0.2460191	0.297828	0.1389016	0.2214205
0.2192269	0.0826403	0.4065806	0.2062444	0.1776621
0.1181901	0.08646987	0.364486
0.1674098	0.3670321	0.1012534	0.2052321	0.2366407	0.211994	0.2922309	0.2422535
0.1141982	0.3373806	0.06120219
0.2742049	0.1846839	0.3197344	0.05270127	0.2528832
0.2251172	0.01096309	0.3401877	0.165497
0.2166906	0.02360499	0.1432688	0.4374446	0.1325914	0.2449311	0.3054151
0.2937382	0.02608569	0.1609465
0.242024	0.0058786	0.4115581	0.1578119	0.06386362	0.1904263
0.2298827	0.07887472	0.373251	0.06980489	0.2697833	0.1248674	0.1423836
0.1858474	0.09101468	0.2887918	0.1185683	0.08300251
0.2252045	0.1183671	0.396276	0.2178578
0.2004883	0.02037655	0.1235787	0.3245925	0.2379375	0.1713068
0.192923	0.09294046	0.4390688	0.2050214	0.2849142	0.1317453
0.332897	0.1088762	0.01727292
0.2794056	0.1027181	0.02276949	0.07884069
0.354686	0.01029047	0.1428679
0.2667074	0.002513196	0.1556407	0.3510949	0.2197958
0.1839859	0.02610651	0.1641169	0.3419867	0.1378522
0.2637148	0.02688898	0.1263156	0.3576237	0.1847655
0.1866389	0.008968363	0.1202252	0.278308	0.2337799	0.2059704	0.1747632	0.2717715
0.2071213	0.01075156	0.1743158	0.3428032	0.1846133	0.1009268	0.1651663	0.2874145	0.1456269
0.2704604	0.007053886	0.2019071	0.4230171	0.2094548	0.09210172	0.2657443
0.1776282	0.002008165	0.4844572	0.1516017	0.1507237	0.1618987
0.2340895	0.00932916	0.3687686	0.1890058	0.1616514	0.2810672
0.1682052	0.009900384	0.3744248	0.290167	0.1753966
0.2154319	0.002852738	0.2022592	0.3893078	0.2004368
0.2594738	0.0167234	0.2022592	0.3560837
0.1603218	0.1163636	0.3264436
0.1746709	0.08962287	0.3403675	0.1170393	0.1408977	0.1339582
0.2099681	0.1421982	0.3567497
0.1944975	0.3704935	0.06614279	0.1131402	0.2274319
0.1397568	0.3681077	0.00918004	0.1902626	0.1507704
0.1522255	0.3501294	0.0264376	0.1512907
0.2080833	0.4433487	0.03751496	0.1800758	0.1619213	0.1689893	0.1745953
0.1674502	0.4055878	0.02426128	0.1540233	0.1369348
0.2776136	0.379592	0.01170044	0.1516527	0.1784904
0.2338923	0.459827	0.08859978	0.1789036	0.1373413
0.1552344	0.3392132	0.1258338	0.177952
0.1547759	0.3325496	0.1058286
0.2822117	0.3897126	0.09583691
0.3491227	0.08109513
0.3110513	0.130198	0.3202412
0.1695494	0.0998469	0.3838993	0.2793089	0.2588189
0.2199381	0.1079762	0.3554852	0.1144952
0.2516737	0.0588139	0.3199798	0.2420802
0.1620771	0.0867421	0.4059335	0.1317791	0.09844958
0.2789064	0.03046002	0.3121668	0.1976519	0.1196277	0.1070429	0.08751007	0.2101186
0.141053	0.01045929	0.3691982	0.211608
0.2055458	0.01047335	0.3403461	0.1559744	0.2024561
0.265505	0.01570159	0.1555093	0.3973125
0.2504971	0.006957926	0.155994	0.3996809	0.04721178	0.135664
0.1694709	0.004867779	0.445259	0.1829282	0.2155234	0.1251586
0.160698	0.4507453	0.2012947	0.05998178	0.1246721	0.2380552
0.1020741	0.4452999	0.2014224	0.01399943
0.2174927	0.3030274	0.02459492	0.1300001	0.09276145
0.2825959	0.002506726	0.1764746	0.1766337	0.3275913
0.3797288	0.01575562	0.1697412	0.3283411
0.3618771	0.004309115	0.1604902
0.3827227	0.07314364	0.1908431
0.2061573	0.1164778	0.1191045	0.2981996	0.1619752
0.2246984	0.1329588	0.3800088
0.165438	0.454382	0.05220105	0.1425102	0.2716177
0.4406981	0.02326147	0.1212778
0.1081295	0.03289881	0.1112867	0.3725689	0.1465258	0.1196571	0.08608151	0.2013292
0.1562702	0.00865658	0.157027	0.4416943	0.1251744
0.1682005	0.04227307	0.2123793	0.3578059
