SurvivalProbabilities
0.2736509	0.2974733
0.2966253

0.2760381
0.3036169	0.2680449
0.3354594	0.3300908
0.2723538	0.3707477	0.2523205
0.3185747	0.3409529
0.2423052	0.2919937	0.2814892	0.2944314
0.2874085	0.2403338	0.240916
0.2648011	0.2991419
0.2299591	0.304173
0.2951343	0.2884207

0.2717254	0.3286167
0.296457
0.2541391	0.2670345	0.2687125
0.2674135

0.3222348	0.2960317	0.2813188	0.3041841
0.3280501	0.2960966
0.3021849	0.275097	0.3205361
0.3166428	0.2834021

0.3418534

0.2609679
0.2763933	0.3245819
0.2829246
0.2901387
0.360741	0.3104369
0.3612627	0.2490452
0.2127817
0.3211919
0.2843656


0.2710853
0.2759796
0.2525319	0.3019239	0.3261457	0.3453402
0.3363358	0.3175603
0.307415	0.2645573	0.3056429
0.3797447	0.2799497
0.2967145	0.2904044	0.3339447
0.3144618
0.2365063	0.3183056
0.2708883
0.3687845

0.3322062
0.3479337
0.2504763
0.2294884

0.2855154	0.2866064	0.3030378
0.3603677	0.224534	0.2879558
0.3318288	0.3422768
0.2683682
0.3127237
0.3075812
0.2811169	0.2736855	0.3431638
0.2660361	0.2136901	0.3108075	0.3097562
0.3271237	0.3359776
0.3544883	0.3408359	0.3236152	0.289692	0.2702946
0.4017681	0.323559	0.2897639
0.3048923
0.2910835
0.3543013

0.3624356	0.1958682
0.2903186
0.3349901
0.3495384	0.2428338
0.3181569	0.3769687	0.3126638
0.2900964	0.3584989
0.3002254
0.2891166	0.3606665
0.2820274	0.3137338	0.2501626
0.2954981
0.2539726	0.3006223	0.3060062
0.3533894	0.3340013	0.2086994	0.3291832	0.2864955
0.3114095	0.3304424	0.3566108	0.2385229
0.2981464	0.3555121	0.2918016	0.3903733	0.2544232
0.289889	0.3130025
0.3056996	0.3566669	0.2683077	0.2628448
0.2807959
0.3038461
0.2275384	0.302791
0.3250644	0.2815718
0.2181743	0.2937208	0.3293877	0.3513523
0.2929947
0.2733732	0.2770295	0.2833592
0.3189716	0.3294398
0.2915976	0.3726039
0.2545141	0.2990543
0.2552932
0.2971088
0.3518224
0.3807592	0.2415357	0.3054814	0.2736468
0.2326906
0.3646193
0.3094672	0.2694314	0.2811088
0.2419047	0.2983305	0.3286443
0.2430029	0.3235269
0.28918	0.3058392
0.3815525
0.3304405
0.3169365

0.2732092	0.2868815
0.2865229	0.2633145
0.2762694	0.2550079
0.2617993
0.2462942	0.2828171	0.3112817	0.3049706
0.2779168	0.3070653	0.29399
0.3365668
0.3121675
0.3042819	0.266424
0.2788634	0.3647274
0.2894206	0.3126305
0.2490907	0.3022195
0.3171621	0.3197891
0.3046186
0.2540903	0.3405822
0.2548301	0.3577219

0.2750411
0.3655691	0.3311502	0.3367455	0.2976972	0.311085
0.255516
0.2833334	0.2707568

0.2905674

0.3319366

0.277145	0.3109935	0.3202951	0.2913648


0.2658361	0.270314
0.2815169

0.2591493	0.2450981
0.2293013	0.3048652
0.352204
0.3707216
0.3377587

0.2861538	0.3184565	0.3324307	0.308879
0.2718202
0.2512625	0.3030304	0.3507737
0.2856564	0.3489211	0.341259	0.2709332
0.2715836	0.2062846
0.2747634	0.3044641	0.3476829
0.2853168	0.4208188
0.3310089	0.2618423
0.3463651
0.2959757

0.2643688	0.3023853	0.3938473
0.3061313
0.3121658	0.2934314
0.2621255
0.2361665
0.2786143	0.2800071	0.3212551
0.2934074	0.263773	0.3204067
0.3228955
0.3467868	0.3343536	0.327267	0.3246367
0.2893879	0.313077	0.2577441	0.33891
0.3034341	0.3135073	0.2898063
0.2932572	0.3047611
0.2810477
0.2923732	0.2888754
0.2803362	0.3404435
0.2731439	0.3025952	0.3017458
0.3074956	0.2869381	0.36284
0.2364423	0.2858872

0.3318972	0.2642445

0.3265656	0.3132861
0.2758944	0.2226156
0.2756861	0.3027411	0.3129847
0.3975321


0.2679823
0.3294559
0.2927868
0.275357
0.3669146	0.2846582	0.353089

0.2628585


0.2879762
0.313468	0.2987027	0.3424641
0.2663932	0.3335273
0.2866678	0.295678
0.3082015
0.3176543
0.331438	0.2951354
0.3274071
0.2661271	0.2614392
0.2791936
0.2832419	0.257052	0.2946574
0.3150888
0.2996842
0.2657188	0.3182913

0.3347644
0.3289328
0.2471066	0.2262698	0.2886218	0.2356267
0.2485674	0.2310977
0.2865283	0.3295824
0.2889424	0.2685182
0.2757927
0.3517006
0.2758884	0.2722685
0.2870333	0.2941354	0.298994
0.2741585	0.302513
0.2237155	0.2856069	0.2684973
0.3136326
0.3517527	0.2854129
0.2821806	0.3261645	0.3075479
0.3785163	0.2847902
0.344468	0.2740927
0.2516529


0.3434223

0.3372467
0.3803527

0.37324	0.2935166	0.2896391
0.2871402
0.3046548	0.2812228
0.3309339
0.2701378
0.3520089
0.2691701	0.300222
0.258445	0.3401928
0.2741572	0.3493714
0.3197533	0.2527648	0.310542	0.2914787
0.3343724	0.3093586	0.2715726


0.3089486	0.2746375
0.2750339	0.2196155
0.3068758
0.2246056
0.3355467
0.2929085
0.3059239	0.2438964	0.3921176
0.2903088	0.3002608	0.2924606
0.3243353	0.3828397	0.3141438
0.3247195	0.3271909	0.3374962	0.2687319

0.2821674
0.2441601	0.3240847	0.3500009	0.3082241
0.2284515	0.290048
0.2614563
0.3135897
0.3849759
0.2744743
0.2741478	0.275187
0.2718755	0.2593996
0.3165352	0.2973816
0.3405793	0.3015467
0.2075258
0.2685905
0.2603351	0.3397218
0.2925742
0.330286	0.3542193
0.2840616
0.2959131	0.2736392	0.2338864	0.3451931
0.3496588	0.2383281	0.292024	0.253008	0.3076205
0.2707814	0.2237973
0.3616697
0.2827953
0.2818714	0.2914711
0.3173612	0.2751366	0.2960726
0.3025434
0.3408605
0.2622563	0.3235807
0.3571576	0.3142903
0.2814912

0.3207773	0.2518356
0.2795787	0.3329336	0.3340318

0.2887967	0.3086901	0.2944641
0.2350627
0.3588091
0.3938487	0.3147943
0.2654403	0.3197993
0.321334	0.3057725	0.250739	0.279264
0.3340556	0.2788089	0.2623999
0.2482296	0.2513063	0.2091758
0.2925535	0.3415209	0.3069749
0.3245535
0.3511169
0.3834788

0.304464
0.3198919	0.3198268
0.287199	0.2497978
0.2564134	0.2708014
0.3294765	0.2591672
0.2169505	0.3241123
0.2307736	0.292037	0.2926989
0.2930688	0.3208819	0.2666966
0.3203253	0.2970863
0.3043773	0.3999736
0.2601676
0.2795034	0.2957966
0.3213037

0.3141233

0.2987773

0.2843956	0.2775802
0.3064558
0.2688519	0.2815311	0.2965268
0.2864094	0.2441255	0.3199929	0.2955121	0.3079824
0.3101101	0.2532043	0.300591	0.3487738
0.3498285	0.2054832	0.348612
0.2255624	0.3166475	0.2646839	0.3070622
0.2619281	0.2781009	0.3451875	0.2796821
0.329255	0.2759215
0.320891
0.3516408
0.3233932	0.2505799	0.3322086	0.2388302
0.3476129
0.349966	0.3531798
0.2486914
0.3283425	0.3380714	0.3254128
0.3060872	0.2872195
0.2618349	0.2762009	0.2963267	0.3088337
0.2911229	0.3007009	0.2556326
0.2815903	0.249853
0.2965399
0.3145411	0.2786583
0.2889628	0.2915952

0.3157057
0.2932408	0.2885794


0.2558421	0.2618842	0.3360696
0.280917
0.3328046	0.3553082	0.2704174	0.327433
0.3183032	0.2915553	0.2558517	0.3123341	0.2677014
0.303977	0.2717022


0.3409735	0.2817238
0.3116671
0.2903503
0.26685	0.2540346	0.3585261


0.3047421	0.3204521
0.3514044	0.2916542
0.3381749	0.260916
0.2822187	0.2027651	0.3011212
0.2506807	0.3272195	0.2765219	0.2576843
0.1890572	0.2971793	0.2823356
0.3182786	0.3332502	0.3327047
0.2118058	0.2882279
0.3461215
0.2368537	0.254043	0.2881532

0.2809291
0.2634236	0.2475839	0.2761644	0.2687829
0.3035143	0.2935128
0.2636846
0.2789568
0.31539

0.3742622
0.3627149
0.3189417	0.3461141	0.3534822	0.3581994	0.3357119
0.3237392	0.3220662	0.245751
0.2545123	0.2693979
0.332344
0.2274216	0.3166063	0.3139413
0.2888399
0.3216752	0.3323361
0.2897281	0.3515573
0.2759241	0.3086731	0.2658346	0.2962584	0.3448754
0.3417049
0.3444882
0.3955367	0.2914496	0.240384
0.3247795
0.386822	0.3787346
0.2901154	0.320498
0.314193	0.334592
0.3012252	0.3023091
0.2943492	0.2693219
0.2161726
0.321222
0.3161458	0.2668514
0.3357273	0.3067922	0.280277
0.2613409	0.3010846
0.2778544	0.3170453	0.3246805
0.3553353	0.3069958
0.2428019	0.3309925	0.3326168	0.3523709	0.3396396
0.2914953
0.3764138	0.3240865


0.3407861	0.3049773
0.2950635
0.3548704
0.3302714
0.2985614	0.3573348	0.2484633
0.2945729
0.3128813	0.334712
0.2687498
0.3176252	0.2629891	0.3019161
0.2638853
0.2514524
0.3561245	0.2187781
0.3519287
0.2635447	0.2945631
0.2628241	0.2670118
0.2903508
0.2869104

0.2907353	0.2678311
0.238166	0.3530053	0.2547381
0.2224412


0.303715	0.3054582	0.2951439
0.2705499	0.3020366
0.2712098
0.3192005	0.3448206
0.3513235	0.3004469	0.3523388
0.2719116	0.3077335
0.3360932
0.276199	0.2664115
0.3346672	0.3282861
0.2184249
0.3379628	0.3701654	0.3293337


0.3357662
0.2738654	0.3036257	0.2617685
0.2711894
0.3384756
0.2581591	0.2665127
0.1860809	0.2647607
0.3266958
0.2656613	0.3207713
0.2973082	0.3474901
0.425257
0.2498058
0.2977295	0.332661

0.2951423	0.3384912
0.3538813
0.2924652	0.3081675	0.2582221	0.3009963	0.2857203


0.2682525	0.2369262
0.3041595	0.2745018
0.3146946
0.3001208
0.3439385	0.3025132
0.3963464
0.2872206	0.330531
0.3801417

0.3418428

0.2780564	0.3286092	0.2513419

0.2862725	0.2854928
0.3307535	0.3401002	0.3357192


0.3375416	0.3240717
0.2867518	0.3093093
0.3021153	0.333244
0.3270047
0.3326603	0.338155	0.3362979
0.2855745	0.3035693	0.3527734
0.2019585	0.2857463
0.3048055	0.2543814	0.2956453
0.2956078
0.2621467	0.2846417	0.244931
0.2643114	0.3137844	0.2498169
0.3201836
0.3039615	0.2674391
0.2294838	0.2663372	0.2673208
0.2839466
0.3458594
0.336369	0.3272506
0.3147778

0.3573294	0.4005142
0.3186288	0.3498653
0.3258766

0.4009821	0.2159008	0.2409124	0.2751511

0.3246944	0.3105639	0.2810614
0.282274	0.2641947	0.2630323
0.3259037	0.2589625
0.3092386	0.2723525	0.2582843
0.297913	0.3143558	0.3210044
0.2007061
0.3307401	0.2861089
0.2838353	0.2967394
0.3314424	0.2791996	0.3164744
0.2638356	0.2983627
0.2658503	0.3142416
0.30227



0.3171128	0.3320687	0.3580604
0.2877911
0.337723	0.3072581
0.3054316
0.2760622
0.2874823	0.2901258
0.3237977	0.2839467

0.3277324
0.270035	0.2864872
0.4041735	0.1810814	0.3144667
0.3268586	0.2924977
0.3189439	0.3533205
0.2804815
0.2794691

0.367108	0.3322531
0.2699813
0.2832296	0.2652632
0.299917	0.2994666
0.3434524	0.2598946
0.2605546	0.3187927	0.2919557
0.2476776
0.3095928
0.3151184
0.3945184	0.2991928

0.2473896	0.311724
0.2374047	0.331483
0.26626	0.2380235	0.3634766
0.2541809	0.238423
0.3393933
0.2082945	0.3622692
0.3181075	0.3021523
0.3061808	0.3304871
0.2570335
0.3277645	0.3606626	0.2531911
0.3281415
0.2862177	0.2862784	0.3305404
0.4010359	0.2604093
0.2818329



0.2975629
0.2844625
0.2480044	0.2650891
0.2350367



0.2844772
0.3215553	0.324838
0.3089623
0.3234057	0.2964009	0.2814037
0.2906667
0.2817829	0.2966772
0.368808
0.3187682	0.2834761

0.3274614	0.2773311	0.361473	0.2863909
0.2807787
0.2823181	0.3664555	0.3512603
0.2729468
0.362473	0.3825709
0.2588574	0.3612663
0.275758
0.3233008	0.3173942	0.2698326
0.2628234
0.320164
0.2921458
0.2880346
0.3176403	0.2799361
0.2017966
0.2773595	0.2723999	0.3175842
0.2919666

0.212346	0.2900515
0.3457361	0.3055436
0.3548172
0.4055496


0.2472075	0.2728751	0.3125373	0.3394732
0.2707439	0.3658214	0.3538637	0.2765139
0.2360481	0.3162484	0.2959287
0.3478687	0.3102584
0.3439639
0.248557	0.3135943	0.3262522	0.3005802
0.277248	0.3231316
0.2736124	0.2955004	0.2926314
0.2860476	0.2693432	0.2890318
0.3348511
0.3013689
0.3673362	0.2617783
0.277636	0.4044448

0.2550052
0.2387602	0.3465195	0.2928294	0.2854481
0.3122058	0.3415975	0.3240968	0.2820868
0.266918	0.2579382	0.3250067
0.323888
0.2925666
0.240402
0.3126174	0.3401527	0.3095411
0.3989756	0.2601299
0.314929	0.25672
0.2883329
0.2485202	0.3455319

0.2413157	0.2475481
0.3556347	0.3295287
0.2977303	0.2153106
0.2782657
0.3229902	0.2533537	0.2492554	0.2990318
0.29302	0.2862641
0.2791591	0.3516884	0.309495	0.3389051	0.2623845
0.3119794	0.2907176	0.2643173	0.3349789	0.3416927
0.3018394	0.3185734	0.31607
0.3345732	0.2965159	0.3309155
0.2847489
0.3230104
0.3249295
0.3311554
0.3761211	0.2933274
0.2673587	0.2809287	0.3236762
0.3173143
0.3223225	0.3272546
0.279203
0.2897183
0.1972271	0.3064025	0.3343335
0.3324906	0.2657693	0.2867204


0.2726066	0.3783942	0.2981377
0.3436591
0.3628655	0.4237836
0.3372226	0.3033746	0.3487173
0.3291747	0.3452144

0.4058058
0.2713156
0.2543643
0.2394441	0.2577758
0.2839448
0.2697248
0.3053034	0.2781904
0.3731942	0.2551751
0.3349801
0.240364
0.3405248	0.3171382
0.3014865
0.3496359	0.3440237	0.2691425	0.2402829
0.2835139	0.3025281	0.29823
0.3510687
0.3113082
0.3096892
0.3157681
0.3173939
0.2861772	0.2841366

0.2574562	0.3150337
0.2978028	0.3275925	0.3938341

0.2756177	0.3002179

0.2547479
0.3413935	0.3796662
0.2822819	0.3137485	0.2207733
0.3298624
0.3226119	0.3308774	0.2812073


0.2472726	0.3249174
0.2845111	0.239809
0.3043945	0.3541878
0.314276
0.3698531
0.2319055	0.2619365
0.2513956
0.2743779
0.3082832	0.2964536
0.3491833
0.3057391	0.3170958
0.3058428	0.2590445
0.3096267
0.3153099	0.3006019
0.3234774
0.3121287	0.3445782
0.3323477	0.3124195
0.3393743

0.2934841
0.2751784
0.3229119	0.3185304	0.3015285
0.3237123	0.3050097
0.325596
0.2618694	0.2728625	0.3118696	0.3462546
0.3177062	0.311927	0.3395653
0.3158654	0.2640409	0.3583927
0.346044
0.3215339
0.2182772	0.3087702

0.3386283	0.3106023
0.3291467	0.3138288	0.2641047
0.346472
0.2675192	0.2444845
0.3508863	0.2288972


0.3243715
0.2750453	0.2976258

0.3897676	0.2929494
0.2808667
0.3010948
0.20324	0.3118876
0.3418423	0.3015607
0.3363566
0.2857714	0.263801	0.258213	0.2796662
0.3285108	0.3090562
0.2612505	0.3223352
0.2838726	0.2527325	0.3133449	0.3643721
0.3356988	0.3331858

0.3010033	0.3610722
0.3338409	0.2760385	0.2664192
0.3118378
0.3556737	0.3061726	0.3379198
0.3930095
0.2972189	0.2911606	0.3273096
0.3303067
0.3219863	0.2773188	0.2395313
0.31456	0.2856724	0.2873287
0.2969973	0.331605	0.2697908
0.2666497	0.274197	0.286869

0.3165539	0.3847091

0.3266121	0.3437759
0.2480665
0.2900357
0.3580066	0.3058737	0.3044152	0.2547071
0.3066057	0.3037655
0.2873641	0.2831707	0.30563	0.3159847
0.258803	0.2686899	0.324155	0.2955696
0.398501
0.3201897	0.2526846	0.2720711	0.3359187
0.3719563	0.2668381
0.382881
0.2388221
0.293269	0.2798807
0.2146845	0.3088444
0.2687292	0.3148055	0.2463828
0.2552943	0.322497	0.2605242
0.2605056	0.2970298
0.288434	0.2955678	0.3048358

0.3093242
0.2671433	0.2944458
0.2715745
0.2604811	0.3467146
0.2714454	0.2517025
0.3525896	0.2777929
0.2389946	0.2362246
0.2697281	0.3503444
0.3024877

0.256406	0.2446307	0.3450197
0.281869	0.3377913	0.3091409
0.2842084	0.2673592	0.3215291	0.3438485
0.2417419	0.2997874	0.3521808	0.3454675
0.2721116
0.3341745	0.3251698	0.3191069

0.2852493	0.2852979
0.3456037
0.3027279
0.2554688	0.3406353	0.3462759
0.2905744	0.3398202
0.2683558
0.3025683
0.3350699
0.3391988	0.3087589
0.3495834
0.2754719	0.3219363	0.283029	0.3125494
0.2944504	0.2490783	0.2693312
0.2911509	0.3332155	0.3105457	0.2823085
0.3354046
0.2926027	0.2514583	0.3241492
0.28245	0.3398063	0.2309155	0.379686
0.3045787	0.2856574	0.348965	0.2231239
0.2974579
0.3115073
0.2923694
