ExtinctionRateChangeTimes
11.74927
12.9135	23.51208
12.67378	8.783578	7.258516	8.92652
1.138512
6.574477	22.00615
18.07924	14.31948
17.92634
19.07943

19.17235
15.25133	1.080144

20.96442	2.898924

18.3242	15.04614	10.23333
10.21776	12.59952	11.53741
12.92302	10.70808	23.66968	1.324305	9.448172
8.786163


17.68246	3.598239	13.31262	15.16523	12.27352
19.27195	11.16033	10.33594
21.00988	4.524664	16.79247
19.24618	6.128801	15.02739
21.00885	8.518534
8.506413	22.12036	22.72023
4.887769	10.40526
21.21246	3.776867
7.01308	19.20366	22.6183	19.47377
23.15524
14.92086	10.35793	22.79096	17.89312
15.56528	18.75517
16.63889	12.36889	13.88334	20.44801
7.545036	20.81925
16.41737	4.00536
5.746585	24.16003	16.85516	24.14496	0.4704176	22.16336
8.5474

6.029607
8.472052	13.67127
21.8299	12.18844	23.20088	12.22326

5.493851	0.1720123	24.58478	19.12698
15.85724	14.53843	8.758208
1.353686
4.442049
12.39182
7.535235	21.15437	11.23399
20.14682	1.066877	3.274542
8.626575	10.9978	12.15469	11.90429
11.25741	7.933254	19.33051
13.766	23.29506	15.5126
14.2671
10.41612	8.871664
6.241985
19.20058
18.12848	13.58777

5.432266	12.51741
9.319911	8.397251	21.24348	5.774842
3.690244	18.68313

12.80031	9.948627
24.77909
12.7258
7.127169	0.3196172	0.9054671	24.61041	21.5896	1.262295
5.225025	18.8971
3.489723	4.687454
16.52984	14.20655
16.62862	24.20958	7.734887	21.13041
24.29154	23.17156

9.124881	24.40203
22.25367
24.49158	20.43345	2.117233

20.42282	1.419768

0.462669	23.22452
10.18557	1.178224	22.34183
9.759452
5.828746
11.15178	19.88377	15.01341	10.16811
5.263351	23.67454
10.19185
7.353686
3.929748	10.94741	7.123406
3.427769
16.93083
7.125446	13.11771	16.47071	3.493017	20.6039	11.30028
0.1620421
23.54926
5.855048	15.39558	24.28951	2.724559
21.85809

12.59303
19.25821	5.073433
17.50308
23.11154	22.09248	20.44881
10.83063	13.79797	24.63197	9.348069
13.28447	2.318719
22.55464	5.595786
18.80762
8.434204
13.70598	13.37303



7.226397	2.103042
21.22335
16.13402
16.75914	10.33403	19.56395	4.84059
22.79554
9.395432
18.91638	23.70931	24.6969
14.74816	3.847247	14.3858
16.33739	5.441478	8.390442	12.33272



4.503526	22.65556
18.74253
2.78853
15.36787	13.84774	21.47799
20.94321
18.93946	5.439765
14.27772	18.10617	15.05488
24.43509	3.086797	20.59719	13.80259
2.6412
22.90748
20.49207	12.16249	2.535853	18.82068
12.70744	4.564141
18.77025	16.494	20.82138
18.47046	13.77338	23.11316
3.481584	24.76775
21.0841

10.93419	8.84715
19.53089	24.16227	7.198895	20.12974
24.53605	2.599103	14.53063	13.53143	9.067091	8.520898
18.66496	1.330944
20.10533	13.58171	3.75508
6.371034	7.725574
8.034252	19.32309	9.574013

16.6132
20.62722	11.49334	6.801537	15.65394
18.54874
6.040097	1.905533	20.18031	22.29477
11.56042	9.089684
18.11348	16.27684
8.061895	5.130771
8.131275	0.139994
21.89228
13.75581	2.89601
16.88325	0.9736825

18.28145	4.980256	20.36523
11.35286	16.40415	15.4155
9.9081
6.200051	2.630232	5.983417
11.43085
8.185707	4.038319	2.444347	22.36805

14.39137	7.267154
3.819129	15.85662	12.83331

5.6907	3.284764
0.7884159	3.062042
4.150751	13.53484
12.05056	10.01149
6.956367	21.38056
18.78816	18.58405	17.41654
9.340917
13.52722
15.57723	19.77389
7.148244	16.7755	23.52652
24.12388	24.6096	15.74122

8.343653	16.14222
21.24218	9.596619	4.438415	10.19818
9.240938	8.143648
4.646006	19.94199
2.574984

19.82381	24.40094	12.17324

9.727208	19.11086	7.080599	4.402611
21.06814
16.17082	6.462746
23.3044	21.88085	23.36723
16.39723	18.65614	0.6650967
19.80062	7.021027
7.180007	3.774957
6.553003	6.519147
17.83609	18.41102	4.137961	17.43737
0.564568	20.09791
5.392468
22.72041	9.511977	17.93049	21.25145
17.21242	21.77019	13.97173	2.281958
16.14993
1.410801	0.4669439	13.17942	3.467912
11.71056
3.736901	19.93903	13.08595
9.803889	23.83039
21.19927
2.963638	23.82967	18.88306	3.145284	10.01468	13.93941
22.32829
17.20556	11.17835

12.50293	19.04996	15.30732	8.756066

2.223487	18.72806
13.97376
24.85998
22.82322	4.942706
22.43572	13.12622	16.95316
5.659135	19.42109	10.3916	13.48905

23.85123

19.90633
2.238121
12.32762	4.877749
10.55377	20.63881
8.606624	4.836316	1.473365
22.71653
17.37203	2.833308	11.66579	23.13313
8.32842
20.76494	7.208039
6.135889
23.72814	6.682403
18.14832
13.36907

17.8154
15.18572	5.404142	3.486101
9.158737

2.987889	15.8356	3.1128
12.56949

13.45179	9.312451	9.560992	8.97179	1.707911
9.875379
8.827576	18.31076	11.74014
7.864752
23.85959
11.48627	19.6768	10.74521	1.32346
11.10454	17.07641
17.31084	10.82192

19.60314
6.242952	4.735475	10.42003	7.546976
5.228143	8.482225
10.48643	12.01597
18.79501
20.51981	15.57882	13.88623
0.2463445
5.30249	0.7173567	9.533459


9.329623
20.68787
3.641747	9.498901
13.91503
6.261436
20.97763
16.9557	23.96457	0.3362339

0.6523146	5.462583	3.953532
2.14266	1.958785	9.899334
15.14623	13.3411


7.774691
9.793928	4.523939
16.44803	5.523239	21.8446	8.163517
10.29391	24.20058	16.32486
2.412085
0.5035253	9.723773
5.819521	15.01688	9.571015
8.467457
7.369365	9.674067	1.301495
13.70747
2.906923
11.32135	24.9701	11.06512
14.38439	7.979368
18.79892	2.142067
15.82755	10.6927	10.54992
22.61787	3.00769	0.6481508	12.72353	10.06184
17.27959	4.310475	21.04073	23.78929	12.48333	19.14947
13.11235	14.22462	11.87875
19.57682

22.2807
4.86995	21.65143
0.3244388
3.141422	9.22656	1.36343
17.48968	5.079561	19.60553	0.6266124
3.40946	24.4485	23.9608


0.9915144	9.162737	18.29334
2.861703	12.50849	19.12818	17.78298
19.13074	4.768452
2.10897

18.64014	15.12225	10.88297	20.40923
16.31604
8.525828
1.866114
16.48971	24.70943	22.51043	18.02964	10.31382
14.68999	2.097697
14.15161	15.41526	0.8876
5.437382	15.08752
9.595048
10.03477	15.38172
13.84448	13.11876	22.67211	22.0819	24.55325

18.92913	7.335426
15.30072	19.34503	10.52204
7.479847	2.147324	16.28859
2.77357	16.41359	4.805936	18.09098
22.65492
13.1367

20.4555	5.218617	18.79336
4.792469	15.4153	13.60078	21.02121
11.79593
0.5334782
10.31154
12.41415	11.38289

16.4869
7.236359
11.43286	12.58427	12.99859	21.37838

17.38281
24.04702	15.87302	5.009974

9.302805
22.53258
6.153282	2.97626
9.950248	12.81839
21.51967	4.396092
12.3963	0.8932785
18.09924
24.27637	15.78363	5.54714
14.86306
2.04329	16.52191	23.59604
10.94272	18.10026	0.4123228
4.320326

22.63932	8.383417
20.82719	9.169943	17.47942	17.20059
11.25105	18.13629	3.380514
2.698326	0.01440681

4.433023	5.391182	1.816553	18.0515

18.52815
1.380415
20.48231
2.772592
4.974652	4.319537	22.53927	1.392823
15.89555	14.4653	11.59922
0.3805899	16.83546	12.02792
4.658243	8.040393
19.03576	23.25288
9.285122
7.323204	12.98696
6.902304	20.83256	9.624744	11.16675
20.18992	8.976724	24.02358
19.71344	12.59422	17.58088	4.595605
22.26302

3.33444
11.0517	15.43939
2.022288	12.12629

9.456227
4.828852
3.492897
22.20867	5.265365	10.94256

13.66399
9.986339	24.6522	4.325051	19.07832	3.889014

19.64381
16.29606	7.848453
1.608084
14.28694	5.243755	15.29376
7.65191	17.9699	2.828307	4.636466
18.89765	16.55033
18.75005	10.97031
15.64304	2.214937
17.55581	19.98478	13.2844	21.608	10.82818
11.77204	17.84575	3.639699
8.227008	4.504522
14.68788	8.686516	10.00304	14.28333
22.90473
5.678856	24.25051	22.9365	2.299115
19.39965	4.540013	11.35319	10.41302	3.325493	13.59484	19.64825
0.9467961
20.94712
9.743274	8.002207
2.239244	21.21864	9.787692	9.824327
8.475445
20.21884	19.29565	19.54238
12.00532	0.8707587

18.54495	12.25572
13.68057
12.16658
9.216241
3.134062	1.93076
1.043555	23.09175
21.36335	24.95374	22.35233
1.313862	24.1312	2.330088
15.66378	13.40522	0.1686228



17.36201	15.06583
19.20087

4.155401	9.922253	11.34608	0.6820943	1.040834
4.616842
22.87812	19.47499

0.2949264	8.275956	2.238573	1.347933
23.5245
23.48713
5.758427	5.012122
16.08088	23.51303	14.20526	15.59819

10.36161
11.23277
14.22239	21.34232

5.267854
4.812001	23.22808	16.14436
5.872225	15.81059	15.71089

7.572409	20.09878
9.211484	2.67585	11.39082	2.65182	7.849145

16.00125	7.345535	6.183795
2.003803	8.111491
18.24268
0.3149461	12.08327
20.29213	21.73193	18.9694	12.88975
18.96953
22.81504	17.73362	20.37834	24.02095	19.67589
6.326835	20.26984
1.866666	20.08953	2.558249	0.8424858
7.651176	24.75477	15.18151	19.73353
3.21669	24.67311	2.950903	6.340716	18.3358
21.79053	20.00683
22.81062	24.25485

7.24733	9.65777
2.433075	13.48987	10.40983
20.58492	22.50906	24.97537
10.96919	3.307608
16.71695
13.25981
14.53814	20.42972	18.15403
9.029815
5.659285	3.419277	16.40373
18.08926	24.05848
18.90578	5.127826	11.68443	24.88781
22.87045	10.15865

13.22041	8.962683
22.7985
5.97281	20.35605
17.25159
9.632
16.99301	9.185499
0.456973	15.22223	21.64607
12.86609	16.36114	11.03257	23.44391	5.904599
8.607977
0.1999681	9.53372
2.91474

1.159815	13.94216	16.45912	16.62759	14.41534
3.514389	20.59422	12.44527
14.84494	8.059124
23.11654	0.4009237	2.880081	15.94226	19.93954
16.34538
22.62077
13.28278	21.75608	22.98793
19.61199	12.98036
17.48157	16.96641	7.221151	20.28021	16.81066	0.2361386
6.316433	22.43514
22.024
11.25985	12.77493	7.74893	18.8303
10.05494	18.9236	7.520854
4.99988	14.20787	14.18834
8.77234	22.53676	1.863177	8.173324
9.0289
7.885223
9.303415

22.79269	1.032248
2.682249
8.73288	24.00368	8.361605

8.160377
10.83599	13.4616
17.17244	16.45186	17.57737
9.546031	10.15661	2.209131	1.308555	5.631848
6.994524	15.86013	14.72634	22.78714
6.996198	5.398942	6.361886
7.517159	23.51352	8.507388	10.64387	7.768225
23.18203
12.80852	6.94187	1.975698	17.71341	4.002154
1.618909	17.64908

1.422739	0.7976271

18.89355	15.99728	5.5674
16.36127	15.34835	18.36761
20.04648	12.12107	10.36986
23.23062	6.910289	3.718028	6.142333
3.851077	23.45167
24.34075

16.24149	0.007367833	11.95061
11.37951
12.29841	3.315509
0.4301207	17.70178	22.6404	24.69642
12.05998	7.448935
3.584621	23.07751	21.90135
14.76092

12.6506	3.458616
15.36741
0.6551341	22.39561	24.08586	22.80846	13.00356
21.51406	24.49259	1.02915
7.835583
13.66449
22.22025	12.87647
17.73629	14.4328

18.39564	10.17867	24.62705	14.6055	8.509028
11.94646	13.98485	16.53159	21.30519
16.38344
16.55228
23.28442	13.21805	14.05722
19.57374
13.64067
3.184944	14.77836	10.78722
3.569666
14.88784
20.50195	2.784135
7.967592
24.78318	9.682473
11.91542	5.131757	15.01273	0.2597997

11.33442
7.767409	0.3295718	15.01276
22.28313	7.897102
2.45137	10.3794
5.520472	2.790784
11.18362
1.92959
6.088131
17.74055	11.81043

10.03225	15.3977	9.12196
6.12073
20.9003	1.012863
11.83616	22.30646	9.065087	9.981387	19.43017
24.93883	21.91174
5.316731	3.313109	22.77046

19.59831	1.135778	8.282858	5.128712
11.37217	6.436386
17.66291
3.084148	24.73867
21.66029	19.81132
10.86404	12.41972	2.036457

12.67796	16.26669	22.84699	1.902596	10.76659
24.49847	21.70755
13.7696	0.4093763	4.00544	20.21564
8.657721	13.17147
14.88093	19.55403
19.27023	12.32397

21.24408
4.659651
4.326881
8.61188	12.51276

15.40262
16.58756	2.483075
24.49108	23.75533	10.68319	12.98417	3.168171
19.51638	1.572914	18.08032	6.22341	9.621985	9.08876	14.08537
22.13519
8.396891
15.52324
19.0929	4.356371	19.08957
0.68241	23.17124
21.57528
24.93222	21.90016
11.3484	9.169131	1.559634	23.55158	23.25859
17.3957	18.7387	20.6218	14.94495	5.679204
7.651678	17.29971	15.59979	14.3375
10.72495	15.13797
5.940601
3.89074
3.504025
17.31209	12.89914
17.33926	17.55507	22.47961	2.936453
23.33596	20.47161	4.035975	16.82873	3.461136
4.104438	11.20632
5.189989
16.47683

2.505361	14.43422
2.708458	5.706258	9.322079	11.98073	10.78604	5.25292
6.841319	11.87158
21.17664	22.09932
9.960403	13.15736	2.727441
0.08206659	21.82179	3.076256	4.254317
21.12252	1.139432	22.43135
15.39857	13.99174	23.12547
17.74228	12.73795	8.765923
17.35816	13.7345	9.85373
15.73893	10.17601	14.77232	24.40949	24.9455
1.940123	11.63686	9.168824	7.264483
5.704329
3.175406	15.17562
0.692566
24.0311
15.45796

0.9961481	17.03087
21.26643
16.78275	23.41791
7.885648	24.97109
22.32353	14.17173	12.75199
3.762402	6.807002	3.332398	14.34044
3.054523
13.64274	24.71925	16.18673	6.657036
12.99196	4.246908	7.859276	0.9742166
19.501	0.4018044

2.961004	23.58346	6.461272
0.9955264	4.407132	6.201445
9.065202
17.1875
21.84858
23.56119	24.59779	0.6362684
6.47808	14.76761

5.204978	17.69876
10.97634	12.28038	1.768985
21.55549

11.3142	21.60176
15.1486	2.177699
16.4391	13.80519	22.26999
7.901799	7.501005	18.76808
19.28742
0.8613323	10.6141

12.74524
4.527204	15.7977	18.79148
2.489587
19.07285	15.12217
19.53309	16.64602	22.90342
12.79879	16.54204	20.028
6.894594
7.380711	11.45142
0.537762	3.599702


2.056667	6.318821

20.77254
20.29227	12.90895	12.54973


1.050776	2.970443

10.91052	10.08034	19.55081	10.71396	11.41953

5.246406
19.03323	17.63183	8.41303
2.39485
16.57098	19.66267	8.645466	18.4567	9.798319
2.689961	18.08578	15.54304
0.96393	10.78923	1.865398
14.10102	7.180921	12.83185
10.13247	9.909789	0.01466077	19.25578
22.71239
18.40496	15.15958	5.129406
23.57855	3.603703
24.20794
6.339445	9.461739	2.961041	20.45932
24.85386	13.23715	6.201823
24.82032	21.31716	5.335021	5.804778
1.401279	11.54897	0.2022524
11.13504	12.7711	16.33078
10.81897
13.94717	6.385559
3.810564	13.85686
9.208692	16.80082
5.6826	6.613248
14.43723	4.542943
2.637152	14.26753	19.90086	12.41185	19.50063	14.71038	10.02035
11.3796


23.58468	18.65924
4.422402	24.77646
15.15833	6.184977	2.861319
8.990693	8.700763

9.733133	0.9476613	10.79629
4.79536	19.77529
7.345884	9.301989	2.295772	0.5361954	18.22121
0.7553473	19.13561


19.26184	10.28817	8.005984	21.63997
21.83519	0.2973789	4.289926	3.597129
23.51882	6.804148
16.44305	15.58867	15.45862	9.410254	0.9466047
8.418117	5.682113	24.14429	9.812308

9.636578
13.77358
16.87003
18.01915
5.150577	10.57367	22.88734	4.217642
11.39448
13.89727	9.674551	18.39815
12.30891	20.37116
6.291227	12.17703
16.34533	11.82445	2.724953	10.86791
18.86731
1.624998	2.873515	0.2737062	0.2261425


6.683685
22.92221	21.43375	24.81614	2.696037
9.529703
19.31293	12.40419

18.53593	10.22059	2.793788	16.08911

4.675699	19.04168


11.09502
12.12161	2.989466	18.6312
17.88834
13.01046
15.61587	10.63074
6.766663	9.192799
0.6720766
11.99425	20.33389
9.847154	5.861733	18.92563
17.59801	1.267748	5.977155
8.38863	22.56701
18.6252	13.81829
3.76794	6.543213
16.20869	18.61194

13.18897	15.42263	1.672569
15.38628	1.630954
22.50416	14.51474
9.114917	10.75232	17.66101

18.08374
11.84875	8.938637
17.41751
5.549322	24.63694
14.70762	23.16181
5.264288	4.450938	20.58494	18.82519
21.82786	3.415898

11.59623	3.744298	12.67745	8.778803


2.577073
4.742989
14.30976	12.58096
8.801
14.19442	24.59278	9.700962	11.05699	15.32205
17.55554	16.90021
13.43114	20.10395	1.390981
20.32791	12.62981
5.542465
19.37995	16.45061
24.11906

6.058492	21.33916	22.294
6.80932	1.370901	20.51153	24.83032
3.525794	1.473959	11.68912	24.122
19.97827
12.16018
8.419941	6.992231	10.18116	0.7124856
13.45095
23.19532	4.314761	24.19915
3.992378	2.612321	19.20504
0.01242636	5.269378	24.16203
6.080349	13.30822	11.24806

24.29967
6.696689

11.13601	25.01624	2.362971
2.534546	1.215395
9.288053	13.25235
3.034852	18.47178
11.44781	17.14563
18.6576

19.86961	15.1236
9.350014	15.12553	21.30074	10.75952
0.4531818

1.11378
2.202569	8.722759
16.08207	11.29424	15.11048
3.801629	12.91406	7.40081	11.41499
24.02385	3.211478
6.470477
24.90633	17.80015	21.09437

4.559134	5.585478	8.361036
22.7731	5.669921
19.88342
20.8678
15.28969	1.923038	22.4761	19.63945
3.878845
2.974393

19.21899	24.04078
22.28957	6.86855	11.51073

6.309521	23.21593	21.23173


23.36637	16.43474

16.78693
19.63065
20.12788
22.54631	8.502434	21.40567
0.2465052	5.016309
14.66815	23.50904	3.70214	7.542496
18.11467
20.5821
10.69653	20.67874

23.97642	1.172745

1.917573	24.03391	20.90248	4.002123	13.86401
22.88384	3.870788	20.22097	3.655664

8.639321	5.589249

24.78804	16.74859	7.576694	1.816064
3.573346

9.173343	17.28719	23.60857
19.39661
9.479209	17.28636	11.65281
23.87822	23.04599
0.42442	20.0329	4.749158
7.110878	10.86786	4.743062	7.984464
16.17379

14.64719
21.97681
5.424675	18.03844
11.30843	5.778762
17.49766	3.935028	23.18855	13.05678
8.111544	9.872457	14.18477	5.451422
21.49678
21.16005	24.43386	17.58504
23.75384	24.06533
1.715894
15.95567
16.75046
8.935087	6.749337
13.61822	9.827593
17.55821	1.985047	6.217148
19.05673	15.67834	6.016598
10.28191	16.41987	16.41899
8.010001	23.68672
16.23808	20.71173
7.496227

3.670838	24.63347	17.95938
17.98399	19.34624
1.381852
13.61273
15.96106	23.45017	17.9517	23.62194
8.524986	23.35761	7.216993
11.05479	19.04429	20.15626
12.00989
17.93991	11.84198	2.050567	11.10141
21.56134	16.59951
13.4765
10.78248
9.062541	23.87427
14.81611	11.68929
12.19541	1.721268
24.07975	3.136744	21.1279	20.6547
23.69836	9.612065	8.036314
6.263241	10.90079	3.187731	9.472215
20.35276
8.32689

14.48352	8.954544
20.90783	9.918638
8.355836
22.16537	1.609831	0.008920619
18.28788	16.90349	7.521189	6.477995	18.83473	24.19701


13.46426	3.68013	24.44983
0.2522975	18.928
16.05353	0.635256	12.71706
18.73285	12.47244	11.57808
23.96082
1.07575	21.95878

1.185356	24.44244
16.34389	16.80719	23.30982	16.7037
24.51586	22.28179
2.490692
13.47515	10.02733	19.48229

19.43717	13.30539	24.15026

19.35433
23.12707
13.88374	12.96574	21.43233	18.58128
4.823975	9.998112
22.87551	19.79271
18.3121	23.37569
20.17276


23.031
5.642284

16.96019	9.532781	8.495076
9.218632	24.23532	22.96239	4.233652	12.61608	13.98187
23.41055
12.82213
12.34452

22.10475	16.23948	11.95803
9.276976	24.59501
7.763832	1.100951	5.59336
14.83646	12.21487
24.46781	8.814105
16.35821
22.39744	7.032111	6.045549	8.214397	10.36333
6.089237	15.54781
21.51956	19.20344	7.837076
8.017509
20.17439	6.649052	5.29857	20.15339
23.44897
0.6155721	7.076212	23.83445
20.4131	14.45524
18.70439	5.206021	2.505374
16.22498	16.38024
23.06443
14.79417	19.8666	0.4476011	4.452325
17.81712	3.916491	10.9276
16.57043
5.879415
14.98061	14.56059	8.457661
6.932991	20.19259	24.74235

3.109687	10.05573
7.785745
13.30104	7.255106	0.2481963	13.52285	4.913577
12.6246	6.965023
6.619637	19.4289	0.1002986	5.054556
13.8448	7.142171	2.423047	20.79685
14.1487	6.079836	10.9315	7.039617
9.2643	23.19299	19.37713
3.649314	2.038318

19.48377	6.353554	8.269744	20.60867	14.20729
5.966317	14.84591	8.811965	0.3149174
20.8389
12.68936

5.684025	24.15388	11.76417	22.8146
17.49872	6.71153	24.24565
18.58556
13.37717	10.22964	19.86107

0.6802784
5.896624
13.70396
10.32138
20.66945	22.81207	15.8004	4.033921	4.544941	24.75754	23.54481

21.50877	13.18586	21.51676	13.94442	10.40069
5.059958	4.922956	23.88506
9.856773

8.962466	21.09803
13.85219	9.457194
20.97723

17.03429	19.55121	19.21891

8.035363	8.390126
6.660881	0.7869867	13.36286

23.67018	20.42932
2.021521
10.94467	24.26477
0.7383996	18.4847	25.01065
16.70918	2.434623	0.7886548

16.1804	14.3028	3.198243
14.79231	19.43293	7.659463	17.92719
4.630735	22.53177
2.758542
0.01840312	2.663676
14.85904	23.34286	22.6667
19.59601	3.220362
6.278701	18.81382	15.55069

18.67773	2.802032
7.60562	17.30826

18.51484	19.68212
12.20286	10.60213	19.64129
16.9247
11.82017



21.3965	6.255828
9.97859
19.87434	7.097771	3.754773
2.864406	17.1128
13.85162	4.247206
11.13796	7.094611	9.696926

20.43736
11.9314	1.492271
10.58599	8.518918	0.6905602	11.86876
16.58185
20.42177	13.48085
17.81285	19.46396	24.20055	10.01545	14.44644	9.664426
16.49588	18.19944	7.461045	3.484629
18.70182	6.449524	22.21794
7.84111
11.55749
20.1946	14.08492	20.39167
8.123917
1.872254	2.920855
24.3482
1.503336
18.50586	9.415376	20.6111	24.06016


18.00532	8.728759
2.834014

19.53213	9.223394
10.68606
11.14271	24.13046
17.84683	11.48009
7.419169	20.35319

18.63328	5.693892	15.3779	1.988352

23.1442	10.88688

21.15888	10.38213


19.27747
10.20989

23.01961
4.599655	16.49364
14.53207

20.35881	22.35619
10.09019	3.665862	18.38482
24.5685	16.0788
4.676391	3.366079	24.02359
4.454967	7.419844
1.471409
1.271088
1.107812

20.73881


9.178854
18.74478	3.37775
10.01272
22.92656
8.015568	0.2138455
7.228451	13.9573	11.02826	5.139841	19.50644
8.412145	9.672966
21.97115	23.43085	5.551346
0.05577362	11.11805	22.20151
20.48825	11.53086	6.193829

4.538806	19.44562	6.731952	8.347595
2.791718	19.91126	2.590154
16.96244
16.85654	19.79955
0.9594684	7.246615	20.17261
12.90073
9.301226	9.551522
14.75976	18.23249

13.13523	13.62233
24.97139	1.582485	1.473231	24.80165	2.711387
16.88067

14.57706
24.67009	4.931227	2.066843	17.62538	21.93445	22.70236
10.18277
12.08007
4.525047	23.75058	1.946507
11.44776	7.334598
9.467675	8.614546
7.617501	6.797152
14.52347	4.759158	23.13571
23.31328	18.05791	11.40327
0.837529	3.817741	22.49028	12.87641
7.580238	2.099889	13.26326	10.71037
22.77887	23.59735	19.77512
6.170332	2.770772	11.70121
5.961949	3.378053	0.6961452
4.26928	0.1737009	17.1782
3.761417	6.081325	24.47541

4.594653
4.327806	16.96944
8.166996	0.5355623	4.202356

19.29014	2.66286	12.12725	11.01022	3.942108	4.136969
6.884228
0.02551135	18.75511	3.696602	16.80136
12.22529	6.08092	8.913429
18.74227	4.318907
10.5666	19.00235

2.185648	6.95798
16.23281
14.20531	17.08372	7.935983
23.25843	11.40934	3.072359
21.41974	6.191806	7.908477	15.62319
18.23675	13.71871	4.975321
4.688527	15.93482	24.27317
10.95654
13.20365	4.487577	24.60403	5.863714
10.89105
10.21064	2.991721	20.33099	13.68705
11.05766	9.538132
9.084631
6.86909	3.772749	14.24097
8.474522	1.734658	0.02379948	10.53929
0.08978904
24.88021	23.51774	7.907744
21.66171
19.8202	15.26939

4.544669	19.05581	7.973682

16.4396
7.137186	10.02339	1.075672

19.53923
10.56449
5.610917
11.86749	2.102414


19.48224	12.54725	16.71839
8.501157	7.384895
24.18213
11.04125
14.49391
2.131907	9.54178	17.82987
13.37263	5.101085
19.93829	23.12863	18.36713	22.75257
18.72764
20.12167
24.75352
20.3694	23.39762
17.39088
2.097512
20.1092
18.55149
10.27669	14.91653	15.6653	3.034781
20.47141	4.998479
0.1482392	24.22824

22.36194	3.625885
20.03894	14.27683
2.651705	10.4005
16.83572
12.38324	16.78646

16.65614	23.91258
11.33095
19.04545	9.808579	2.550168
11.73726	7.463181	24.1589	6.915948
17.70472	13.12053	10.25964	12.34501
4.636727	12.7606	16.65021
20.2772	10.55088	10.49674	6.867085
2.044253
23.90232
5.619159	14.08324
16.3162	0.2705185
21.99424

1.076321	2.622458	0.7653017	24.77991
20.988	8.094882	6.936655	9.330772	20.77061
11.00364	4.736006	8.291092	8.679536	10.94727	10.33502
4.199483	1.597205
21.76866	10.45423	22.12725	22.02148	1.120361	6.566311	2.027801
8.328783	8.005915	5.302979
14.51848	18.77699	3.391577
7.29311

3.694478
18.666	1.457575	15.6018	11.37006
4.924732	8.952127	19.87679
1.928701
11.49905
2.204599	1.203074	10.26808

12.50681	24.84756	2.123212
17.28502
3.640421	1.37492	5.955973	2.344486
9.339853	9.529185	12.1896	0.9935124	15.25351
18.90157	20.96646
15.93035
5.095205
7.345322
15.2541	15.04244
23.74427	7.190203
19.27003	8.575011
18.50105
8.058202
13.84465	13.24396
17.12366	17.35013	15.11694
7.325952	10.42267
17.43769	2.402702
4.616266	2.442294	8.868044	10.51051
6.95526	23.98632	23.28441
10.86802	8.748638	16.28543	22.1658
4.13177

0.9602383	22.77917
10.54509	15.03453	0.3569941
17.46479	9.227787	0.5311046	18.83877	14.52745
19.40339
8.391888	17.78312	18.78621	11.43119
15.32695
24.20981

7.683276
7.042504	10.34489
5.142929
16.84535

5.320776	13.45792
19.6061	8.493826
14.18068	18.59849	8.888993	7.788657
3.142886	4.923859

10.23536	16.24923	19.95294	0.7115317
