ExtinctionRates
0.03252567	0.001426907
0.005624341	0.01220444	0.002699514
0.2806675	0.004519026	0.01125202	0.02335255	0.007282642
0.02177293	0.001840904
0.003439472	0.0005513851	0.01197233
0.00133536	0.004334367	0.05676722
0.003723739	0.0007994296
0.0007903214	0.00850514
0.003788389
0.005885198	0.001193417
0.04191665	0.006679501	0.02589419
0.0007234861
0.005236977	0.00227651	0.04166787
0.0009773629
0.02724016	0.006532155	0.04491097	0.02927989
0.01275241	0.002335005	0.006203825	0.1637259
0.00188418	0.01061082	0.009928398	0.01452746	0.0454941	0.01901876
0.01528057	0.006972766
0.0204333
0.001395754
0.07503238	0.0008930608	0.04975838	0.009005923	0.02377086	0.1178044
0.006888231	0.02040197	0.05996853	0.004048629
0.01132053	0.003667488	0.008567557	0.02192319
0.0007741333	0.05898328	0.005813332	0.02651275
0.06772966	0.001150638	0.06680242
0.125692	0.02095243	0.04611802	0.01240628
0.1397241	0.004920487	0.008849244
0.005944758	0.001202432	0.0154154
0.0346802	0.004219787	0.02107021	0.05593256	0.001213213
0.01627351	0.01086069
0.003301378	0.01629773	0.03110312	0.008538462	0.01362519
0.01088925	0.02907639	0.001511224
0.003294646	0.04404923	0.002434756	0.01838549	0.01424644
0.02094464	0.001489747	0.008657807
0.008524956	0.001430803	0.04259271
0.0004812306	0.04998641	0.01782142	0.01988427	0.006589462	0.003742635	0.007868827
0.01835388	0.02562221
0.002973452
0.02449607	0.01322596
0.003360279	0.1153158	0.007820317
0.01135028	0.002566954	0.004235966	0.004899948	0.006641011
0.0003099623
0.002746592	0.01358736	0.009291575	0.001156433	0.003103886
0.006687137	0.009462603	0.05360437	0.1252131
0.0002494439	0.01783751
0.0023395	0.003083571
0.0003194264	0.01933807
0.005530084	0.0440872	0.001790169	0.0426328
0.001750824	0.006016738	0.01334525	0.008456244
0.005924463	0.02101866	0.01228281	0.00384287	0.01171065
0.009138132	0.001793112	0.3801989	0.004183014
0.007227303	0.03235977	0.02122704	0.007008426
0.06283987	0.003249516
0.01472783	0.008079687	0.4897901
0.01962104	0.018352
0.01873039	0.00444095
0.0162489	0.003979158	0.02506302
0.003678423
0.02753956	0.004909101	0.01079564
0.0009436146	0.006700691	0.005334599	0.001197817	0.007428033
0.03024994	0.03446206	0.02111586
0.005112771
0.001363284	0.005826843	0.002241214
0.002016615	0.04175027
0.007207913	0.002472825
0.002939534	0.01225331	0.02861469	0.01401069	0.008038491	0.002163293	0.0005055639
0.009252541	0.01058139	0.01470546
0.006653816	0.01880952	0.01560002
0.0023671	0.03082417	0.002506273
0.01050833	0.008734884	0.006308995	0.09057375	0.01283095
0.02198078	0.008675946	0.008542046
0.003395344
0.01236322	0.002590348	0.002199287
0.005461862	0.03610641
0.003274411	0.2137667	0.001099101	0.03876424
0.001116165
0.101551	0.0236374	0.07261824
0.0005904093
0.02702921	0.001051686	0.001972068
0.04997608	0.01674052	0.01370531	0.002200635
0.0448937	0.000108668
0.02224211	0.006673187
0.01049467	0.001374803	0.004254985	0.02443317	0.001701864
0.008635915	0.05947273	0.01424023
0.001957517	0.003841132
0.01186868	0.008850636
0.004483347	0.02240658	0.002930266	0.003713545
0.005411358	0.001783598
0.001453051	0.03359498
0.008116904	0.001384913	0.02173063	0.01816621	0.0005552905	0.002978321	0.05804955
0.0321873	0.009101415
0.0007139988	0.008355207
0.00535606	0.01347686	0.004682858	0.006138996	0.01628522
0.05485394	0.01877696
0.008794292
0.02754031	0.009489001
0.06371218	0.03134066	0.006822392
0.01519919	0.01680244
0.003878029	0.00875081	0.009873307	0.01712077
0.01060859	0.07731729	0.0007714412	0.001340541	0.1392971
0.02317724	0.00727087	0.00759216
0.009605798	0.003239406	0.02457635
0.01564827	0.007086912
0.008538065	0.00289835
0.000844554	0.008331922	0.00639154
0.02245814
0.007248828
0.009671532
0.04176078	0.00947771	0.001931111
0.01615229	0.01177596
0.001801029	0.04450173
0.01173097	0.002028219	0.0425484	0.0017289	0.007399535
0.00182545	0.03194233
0.02699924	0.008245096
0.05604241	0.03320951	0.005767017	0.02039631
0.002985311	0.007103126	0.01155492	0.06256458
0.006017593	0.02239324	0.004430584	0.00714736	0.0356527
0.001505665
0.002942526
0.001164393
0.01571581	0.04201791	0.02126776
0.006327264	0.001697916
0.01737022	0.001942124
0.00305128	0.001544684	0.01031796	0.00550162
0.002509903	0.004009365
0.006629936	0.002763287	0.003296315
0.01289934	0.02094573	0.01466746	0.001906791
0.008957754	0.004033577	0.03595767	0.004317802	0.01362271
0.007024313	0.005647032
0.00612462	0.03426148
0.09381788	0.001708303	0.01020262	0.1537741	0.03328957
0.005967207	0.01158963	0.002040976
0.002351492	0.001330767	0.006329682	0.03804488
0.002414434	0.03053149	0.1107558	0.04891652
0.03359771	0.0005303736	0.005616764
0.00444294	0.0009327557
0.01043252
0.002299876	0.005256633	0.008910867
0.02391181	0.000852966	0.001736609	0.01908912	0.00378068
0.01330341	0.002111487	0.006007034	0.02456485	0.006099573	0.004236095	0.003645726
0.003114047	0.02547319	0.02821517
0.001941682	0.00967762	0.001876238	0.02015962
0.005852015	0.001700292	0.0006130282
0.006113864	0.0003278325	0.001683341	0.1562659
0.008200695
0.003155657	0.003930877
0.001456254	0.01202682	0.01063564	0.001591415	0.01696526
0.005306291	0.005837323
0.002948609	0.3219228	0.01055457	0.001219008	0.0007911253
0.00484184	0.002740007	0.0325113
0.06838968	0.004310842	0.01946247
0.003880691	0.01377075	0.008684144
0.04084166	0.01761641	0.003086926
0.01782815	0.00274119
0.002902854	0.01237736	0.05707029
0.009522211	0.00376844	0.03358408
0.005465632
0.01709571	0.01455442	0.01898628	0.00105823
0.007897544	0.004758716	0.009911965	0.03360365
0.0457659	0.005543763
0.03710011	0.031845	0.0317628	0.003508876
0.05497952	0.004820241
0.005678341	0.000609467	0.00179931	0.001969611	0.003554865
0.01278847
0.02587943	0.001859953	0.001874434
0.05363707	0.01993748	0.003721748	0.00283607
0.0007821215
0.005178689	0.01154274	0.003743201
0.00834364	0.007046361	0.005635396
0.005592668	0.006406347	0.001819614
0.0006600033	0.001644105	0.06607201
0.04633427	0.00620738	0.01088782
0.006733487	0.01945729	0.004630721	0.0005368213
0.0002403249	0.003336296
0.1108565	0.01169666
0.0299316	0.00840299	0.008915656
0.01935516	0.02111139	0.01316149	0.006051612
0.01155346	0.05174615	0.1204386	0.003244434
0.01591509
0.003239462	0.01920445	0.007978618
0.001946337	0.0020426	0.003725444	0.01817909	0.01363275
0.002204834	0.001212302	0.05077992
0.01066135	0.0123855	0.01401533
0.01045518	0.003158548
0.02187938
0.008881516	0.02070037	0.006757456	0.02754174
0.005551767
0.006380767	0.009240358	0.001858567	0.04845394	0.003779938
0.0008106255	0.007804567
0.03195972	0.0187093	0.003823821
0.112905	0.03047966	0.01303391	0.04369062
0.005507204	0.00129825	0.02246496	0.00153142
0.009923544	0.005390368	0.1109332
0.02421815	0.009536961	0.03846601
0.009501587	0.002574953	0.01234073
0.008430262	0.002930822	0.001408012	0.002189321	0.007221873
0.2885302	0.01233968	0.005021007
0.003327583	0.03004091
0.007171865	0.004376375	0.1190674	0.0007111686	0.008151688
0.002832306	0.004469145	0.01161379	0.02519208	0.07165872
0.03148373	0.01410062
0.00431172	0.001848977	0.08256974	0.002096997	0.006973511
0.01355869	0.001773493
0.003302305	0.01181604	0.0009118787	0.01951082
0.0351609	0.01235997	0.05414002
0.01552953	0.00326232
0.1426037	0.003356814	0.02210258	0.004061534	0.04020372	0.05142618	0.0724826
0.00502589	0.01315959
0.00718866	0.00802527	0.009066259
0.004213763
0.001753021	0.05015067	0.0008023263	0.04986784	0.007232369
0.006559508
0.165028	0.005814956	0.01638311
0.02402049	0.01240214
0.004684293	0.003114133
0.003454323	0.04333503	0.0008683875
0.002239839	0.004953245	0.004082787	0.01165494
0.01179277	0.2709555	0.003804208	0.05319779	0.003419595
0.02177367
0.03247831	0.01127154
0.006640913
0.0174622	0.01085062
0.01911008	0.001999237
0.004919355	0.004416341	0.03737786
0.0219977	0.00424268	0.01582452
0.003107893	0.005423187	0.01272629	0.003220556
0.01506062	0.000418305
0.001561893	0.01175173	0.01265401	0.03564614	0.0308824
0.007425397	0.01653131
0.001799926	0.003145557	0.02890127
0.003878521	0.008262052
0.05821241	0.01271763	0.008951724
0.1474163	0.001276684
0.1172887	0.009368686
0.01011046
0.01084608	0.004893918
0.01544381	0.009068389	0.009418563	0.001777187
0.01536855	0.001173732
0.01613296
0.003012372	0.005564013	0.02601397	0.05618755
0.07536442	0.007641288
0.002005973
0.001993016	0.001798099	0.006150673	0.09700209	0.01938271	0.008767992
0.03117909	0.00136269
0.09372607	0.006537698	0.07160898	0.04464478
0.2126931	0.0005322166
0.009927822	0.01932755
0.01885424	0.01742624	0.002958016	0.0155994	0.03640316
0.006946255	0.03824344	0.0133775
0.01714676	0.01792367	0.09053078
0.01646657
0.02505984	0.01130608
0.01535033	0.002628353	0.1269156	0.002376411	0.05679573
0.03008265	0.001704927	0.03957699
0.005088249	0.03457501	0.000533855
0.01050114	0.0006341131
0.006718394	0.03676082	0.0007994315	0.04802346
0.01154407	0.003245338
0.03468079	0.01349107	0.007899738	0.1150945
0.001161158
0.008146993
0.0091201	0.003175024
0.02505343	0.00151751
0.007817493	0.001461017	0.0130297
0.01105437	0.00783207
0.004383148	0.007323154
0.0008179094	0.005446579
0.02079655	0.00138122	0.006090805	0.007751869
0.001603227
0.01412062	0.01057044	0.001497179	0.06031417
0.009311771	0.01058007	0.1016208	0.01884474
0.009988335	0.001904316	0.00999822
0.01466638
0.01132963
0.01081725	0.0141841
0.005266898	0.004902487	0.005632466
0.005841547	0.001625754	0.005539476	0.00147058	0.01096024
0.01060151	0.009473013	0.004821551	0.01955847
0.001464529	0.003530421
0.02534317	0.07442847	0.01715124
0.00699905	0.01112399	0.01161	0.006836177
0.01132665	0.007109868
0.05723817	0.04892166	0.001123385	0.0009510324
0.008746354	0.001047964
0.07054644	0.003093597
0.0141932	0.0006279589	0.003859193	0.006576222
0.001994754	0.006665372	0.01753748
0.007344368	0.003978164	0.0007240305
0.0001756097	0.03405915	0.006724564	0.01136768
0.02061275	0.02370543	0.01180672	0.002183285	0.0008931815	0.001510661
0.007714816	0.06464343	0.005462773	0.08473488	0.002974594	0.007990961	0.001559323
0.1256762	0.01228124	0.001860445	0.01283885
0.002954331	0.0196138
0.00143894
0.04213064	0.004479441
0.01510601	0.01655452	0.002659093
0.0251964	0.01754329
0.002156507	0.004068004	0.003496426	0.001343507
0.003427707	0.01713275	0.03907763	0.0005585555	0.05901855
0.04112714	0.0281122	0.01759071	0.005929096
0.01501571
0.001939886
0.09084522	0.007127311	0.001854837	0.029601
0.01136076	0.003918519	0.0009429373	0.01040385	0.01306058
0.00252686	0.01440117	0.005131943
0.02378713	0.001020273
0.002412241
0.02169745	0.03912392	0.05629311	0.001367036	0.0005978946
0.004495723	0.006242641
0.005422594	0.007070673
0.003304552	0.0130134
0.003567723	0.06480842	0.03476931	0.09116116	0.007077858	0.007379268
0.01279464	0.003429058	0.1799956
0.01184481	0.007351332	0.01826348	0.001355173
0.006818274	0.01890116	0.00369006
0.01539726	0.01624985
0.01019435	0.03511636	0.008828048
0.002356898	0.001045889	0.06241819	0.008929453	0.06574358	0.03958456
0.08032098
0.01014312	0.004202211	0.02327598
0.00292817	0.007065076	0.009349746	0.01045548
0.1595868	0.04435454	0.002405549	0.0005065991
0.002576862	0.004174638	0.002462565	0.0478693	0.00799243
0.004598952	0.01209401
0.04417078	0.01135823
0.004347608
0.0225499	0.005575318	0.001588357	0.01381442
0.03746284	0.0101775	0.04292726	0.01348323	0.01720544
0.03673901	0.003711305
0.3642379	0.01018877
0.003758751	0.0013284
0.001222666	0.01217208	0.00113007
0.002328858
0.006817459	0.004552578
0.04157498	0.002530739
0.02499181	0.09815475	0.003331501	0.004473603	0.01734608
0.003972235
0.008198889	0.0007438702
0.06236313	0.002013737	0.04666323	0.007523625
0.001909265
0.1740192	0.005642134
0.01246331	0.009108869
0.005147999	0.003649537	0.02398938
0.08560908	0.01337279	0.001192723
0.004760031	0.006524762	0.007025036
0.02915942	0.007172774	0.0165448
0.01028126	0.006662051
0.007917208	0.016545	0.005891328	0.05546148
0.005757484	0.008254292
0.01656466	0.001018658	0.01068654	0.001663874
0.004302235	0.0005053273	0.001823444	0.01225797
0.003769098	0.000660867
0.002574207
0.02136147	0.003726049	0.02122118
0.003088396	0.01061895	0.0835737	0.0138597	0.06167409
0.002271361	0.04118844	0.01239154	0.008869768
0.01058459	0.003713855	0.04292984
0.008897948
0.0009528611	0.004684338	0.007471021	0.005761632	0.003632601
0.00170507
0.0169054	0.01828025
0.00348341	0.002894594
0.0328046	0.003711967
0.1823123	0.00695551
0.007900911	0.009987795	0.03951658	0.006553547	0.05056693
0.002482834	0.05308743	0.05606211	0.0006551648
0.003350507	0.01926715	0.01062697	0.000988967
0.00470772	0.003306441	0.0003479852
0.003969584	0.01937499	0.0005627153
0.005737269	0.008427855
0.03403927	0.00209316	0.001102084
0.003227229	0.01452253	0.0003733753	0.1090229	0.001140442
0.01057268	0.005318295	0.01932555	0.03067891
0.00533501	0.007321684	0.003278246	0.009805098	0.001036199
0.002603086	0.009450095
0.0008711194
0.06697142	0.001660927
0.001778419	0.05008139	0.001612348
0.01734115	0.005396655	0.00795512
0.009130129
0.01522513	0.002802981
0.1032328	0.01551187
0.006880893	0.003222933
0.01319871	0.006264279	0.005912434	0.004630676
0.009360297
0.004002807	0.02150206
0.002967371	0.008633195	0.004791782	0.003312732	0.001310139	0.05130017
0.003992603
0.0213937	0.01005274
0.02217592	0.001337877	0.003972466
0.03533665	0.004739597
0.006182256	0.02529836	0.2916777	0.001910712
0.03705051	0.004258783	0.03312758	0.009231059	0.003492875
0.03174029	0.01953766	0.003510189
0.005779137	0.002024145	0.04643425
0.1485284	0.00208227	0.02143037
0.03206348	0.03321532	0.003357023	0.006581289	0.01787867	0.008029141
0.005553829	0.02801847	0.0003788748	0.01779647
0.0207877	0.01237935	0.0416025
0.07389467	0.008390265	0.2269118	0.1833991	0.02218769
0.001682932	0.01301249
0.004025065	0.02088908	0.01423622	0.00189685	0.005977615
0.008675274	0.056506	0.01194416	0.03976729	0.03006265	0.03260041	0.1959326	0.003928008
0.02395664	0.004543339
0.009006515	0.03340311
0.003561409	0.004634695	0.01865237
0.01173745	0.02080347	0.07669123	0.01691739	0.004585428
0.04513104	0.006585406
0.001161052	0.01348323	0.0866667	0.02336413
0.002895276	0.01286807	0.006092587
0.009969632
0.02533521	0.02995948	0.05398126
0.0217507	0.006515708
0.00356838	0.0005163987
0.004219823	0.002556418
0.007642647	0.001912366	0.009819686
0.008539887	0.002697988	0.01058261
0.01077588	0.02128047	0.02983997	0.01293799
0.01651618	0.0119384	0.01090499	0.04365484
0.0147138	0.002051242	0.04048842	0.03064855
0.003159589
0.003270237
0.002060827
0.0242857	0.001818023	0.04752588
0.01230751	0.0006515212
0.0004357048
0.04789532	0.003894359	0.02557549	0.01204797	0.01264105	0.006273868
0.01466747	0.004927869
0.002712987	0.003278864	0.004176824
0.003524891
0.0308439	0.5230992	0.02476752	0.01361921	0.007544175
0.009984707	0.05093484
0.01137733	0.00727548
0.01073892	0.001017043	0.008876244
0.0617327	0.006846019	0.002548215	0.001678239	0.001185201
0.002033118
0.007099894	0.02568334
0.01483497	0.02853073
0.08809127	0.003618225	0.0005127886
0.01215149
0.05097379	0.0006382285
0.001277621	0.0229409	0.00192951	0.007706972
0.01408709	0.03702414	0.004279048	0.005776233
0.005972215
0.004865129	0.007497911	0.004663355
0.01246069	0.08016554	0.001103975	0.002737005	0.01499373	0.09935479
0.001075535
0.1032366	0.002467858	0.001785538	0.1510653
0.003964021	0.01230338	0.01864358
0.00549567	0.0009715272
0.002636191	0.003710257	0.0372726
0.007233833	0.01207766	0.01060097	0.05482096	0.01061645
0.003991396	0.09221994
0.05245625	0.08728238	0.01645334	0.000677129	0.007438118	0.0142854
0.01019087	0.5500159	0.02670832
0.02397612	0.02556951	0.006060263	0.07666629	0.02332478
0.003364657	0.00947693	0.01323045	0.001728432	0.01963721
0.0003802431	0.0008640072	0.009131357	0.005069772	0.001332873	0.01020937
0.002149592	0.004035225	0.001769303
0.0005291752	0.005954918	0.06805021
0.004746854
0.03159861	0.01500107	0.01998193
0.02236172	0.01396014	0.02265814	0.02651665
0.01011059	0.01894739	0.0166781	0.02353072
0.008154092	0.007954594	0.01097638
0.008669724	0.006790735
0.004103022	0.0127485
0.002249574	0.01148953	0.01542938	0.007885094
0.002470346	0.003886222
0.01806672	0.03381362	0.01335827	0.00684993
0.04035878	0.002332216	0.04000087
0.02252184	0.01574486	0.00975966	0.009832493	0.003371283
0.0006979317	0.02909113	0.001515143
0.0001772756
0.002709424	0.006917847	0.2834368
0.002169559	0.001686065
0.005763793	0.01978124	0.005989431
0.007067406	0.003756822
0.020221	0.01026339
0.001218381	0.0003174418	0.1060062
0.002043139	0.02132042	0.001378197	0.01097553
0.004099286	0.03789115	0.01326812	0.01465108	0.151776	0.01927441
0.001431758	0.00476593
0.0009121377	0.007559483	0.01009023
0.02332398	0.002728498
0.00838103
0.002190296	0.003276612	0.004166716	0.03155098	0.005852217	0.01195352
0.0002520463	0.001355884	0.002446654	0.009544169
0.02971647	0.001140827	0.005521395
0.02494537	0.003244852	0.01230059	0.03652942	0.002532489	0.00170374
0.001723558	0.008257563
0.01402473	0.003687187
0.007738169	0.0006583055	0.005270671	0.008312864
0.01194614	0.01054625	0.02284713
0.01173374	0.00487041	0.00316536	0.008638936	7.930529e-05	0.01118884	0.01362433
0.007398119	0.001956292	0.005990996
0.0003630562	0.005861535
0.01654103	0.01047656	0.03017157	0.03496051	0.006717914
0.01462621	0.09344679	0.003163975	0.001168181
0.03240438	0.006075504	0.001531166	0.07499862
0.000951776	0.009401424	0.004709128	0.02064338	0.001738817
0.054367	0.01375484
0.03967598	0.002172123
0.1474691	0.01105541
0.02529026
0.01389376	0.01354002	0.02936225
0.02624618	0.003414791
0.001831907	0.0173473	0.0372067	0.007893473
0.03433506
0.0006563964	0.00634374
0.01660736	0.000853718	0.002544743
0.009595948	0.002536669	0.0008347774	0.01847082
0.04090182	0.01145389	0.001268304	0.02157868	0.008119497	0.008762623
0.05776663	0.02550935	0.005804269	0.002930594	0.02140823
0.003129287	0.002395779	0.004403401	0.009757108
0.001703005	0.1040869	0.004592569	0.01086563	0.004533584	0.006211403
0.01451765	0.02460497
0.06435021	0.0298976	0.003353438	0.2819109	0.01298138	0.008307849
0.004967954	0.0125007	0.007112215
0.02506091
0.03132091	0.005428734	0.01314011
0.03287116
0.009667296	0.00341776	0.000692805	0.03443995
0.04046964	0.006512944	0.004541685	0.007872147
0.02440565	0.06766624	0.009694897	0.0006718303
0.02205011	0.003419545	0.02246596	0.05046752	0.01023994
0.08754819	0.001948371	0.001514639
0.00093883	0.0002774399
0.004620817
0.002069757	0.0103556	0.02092206	0.06043504
0.006375252	0.005103419
0.004135952	0.01413686	0.02489791
0.003521937	0.02246761	0.0280151	0.01550383	0.04163128
0.0009657862	0.01616936	0.0008071945
0.01078119	0.001819133	0.05220723	0.005862539
0.04442232	0.005921955
0.0008998479
0.001982663	0.03445453	0.005208858
0.009446555	0.01438889
0.004805225	0.001904595	0.02058062	0.002434793	0.05047773	0.01507438
8.803054e-05	0.002974977	0.001610996	0.004138375
0.006413524	0.01018218
0.007541494	0.003788231
0.01279697	0.02319211	0.00307292
0.007702171	0.01959146	0.006973056
0.008899245
0.004082167	0.0007702327	0.0003974176	0.002505868	0.03849904	0.3953783
0.003393139	0.01321172	0.01017567	0.005118024	0.02937064
0.006155189	0.001210215
0.01759666	0.005504378
0.001749135	0.002107431	0.003669603	0.01414549
0.05139192	0.02337573
0.1097489	0.002354759
0.0136742	0.0007089069	0.004800884	0.02816486
0.01768943	0.007739178
0.009221408	0.00581396
0.07584905	0.001694995	0.03864187
0.0007997234	0.001928461
0.0074549	0.00572746	0.01548419
0.01653646	0.01231073	0.002710738	0.0275016	0.04831737
0.003204258
0.005342903	0.0003443154
0.009265469	0.004726049	0.02742667	0.01133106
0.02168829	0.001924892	0.002900442
0.01455949	0.001536794	0.01161099
0.006631044	0.005567684	0.001666224
0.01998355	0.003502342
0.1794608	0.001318466
0.02259764	0.006108241
0.01361196	0.03394856	0.0008357699
0.01793972
0.01175524	0.000626606	0.004862862	0.04952564
0.01801307	0.03852726
0.02957401	0.004984403	0.0091539
0.006139672	0.007252322	0.0570102	0.08512039	0.08240701	0.005734525
0.01257407	0.01421875	0.01490566
0.0193552	0.004100438	0.1021417	0.02338833
0.003345063
0.1546979	0.006902107	0.0216762	0.08067261	0.04357732
0.001110847	0.01327527	0.04156298
0.01918026	0.02246902
0.04147376	0.003624956	0.00628563
0.01873598	0.03410557	0.008033694
0.002210463	0.0007020778	0.007448701	0.002217936
0.01102957
0.0009519027	0.003725591	0.02241666	0.007816295	0.0120599	0.01000055
0.00233364	0.01607423	0.05406746
0.02580624	0.02785777	0.005642298	0.005817757	0.0161502
0.0007938746	0.01040663	0.003043966
0.01844008	0.09749222	0.01717341
0.05516496	0.01549424	0.004466633
0.001097364
0.009922084	0.009944008
0.07145486	0.01708347
0.009834372	0.0147044
0.03326324	0.002442911	0.001316683
0.01006511
0.007174638	0.01290512
0.002506845	0.004092867	0.004289577
0.1111561	0.004410594	0.004055699	0.007494683	0.002200367	0.01671762
0.005707363	0.006088787	0.00815188	0.02993453	0.003426861	0.005243051	0.02747287	0.1146429
0.00715337	0.002266134
0.02333408	0.001575671
0.002810181	0.01176267
0.001775053	0.003797846	0.001270202	0.0343849
0.06716149	0.01009341	0.005983053
0.001101529	0.01050168
0.001349825	0.1656524	0.009169102
0.004905378	0.02017982	0.02868226	0.04509725	0.004417202	0.00576172
0.002146717	0.005894611	0.004414817	0.006684753	0.001398978	0.006384302
0.2688621	0.000980305	0.04299009	0.002245883	0.005002204
0.01588171	0.004117679	0.003169491
0.003269178	0.001829092
0.007106925	0.002300454
0.005782595	0.002022198
0.009353216	0.0003698408	0.00192114
0.001404189	0.09325092	0.0005188438	0.007299748	0.01704352
0.005459568	0.02447024	0.004303704	0.001756961	0.01400316	0.002676957
0.02632696	0.002807959	0.004825933
0.0004531648	0.00579631
0.005611055	0.009210811
0.0187341
0.01120093	0.03125942	0.02722142
0.003613951	0.001819895	0.008758372	0.008251889	0.001679072	0.001449857	0.0626093
0.1641968	0.002895224	0.01581353
0.004880962	0.006070553	0.003671333
0.002641142	0.03780867	0.04295565	0.005055705
0.1097356	0.04217502	0.006815744	0.01611951	0.006782329
0.002904258	0.03686037	0.01677307	0.007364375
0.01558354	0.0283025	0.07875175	0.130137
0.001397732	0.000328934	0.004501855	0.01681249
0.02610666	0.0007558574	0.03987934	0.006324696
0.002089028	0.002693844	0.1760767	0.008198007	0.01183535	0.006818551
0.009642621	0.03361676	0.008844046	0.1678471	0.007274807
0.1203356	0.0003688663
0.0016944	0.005321981	0.003089871
0.006757625	0.002818935
0.009005671	0.001716079
0.008629743	0.01274841
0.009331223
0.002128215	0.005410402	0.008472915
0.007269353	0.008403348
0.002725814	0.01222282	0.00980321
0.001486079	0.02256182	0.02389405
0.002728654	0.0109874	0.009279647	0.002956661
0.02264899	0.03436443	0.02625878	0.01300242	0.02905465
0.002163974	0.01057864
0.0387857	0.006632883	0.001329919	0.008195357	0.007500142
0.0103492	0.004177106	0.002736695	0.004591852	0.02397658
0.006489542	0.007802023	0.005184392
0.0005499334
0.004148136	7.795223e-05	0.004137172	0.00416412
0.1204719	0.01272153	0.01051813	0.01514368
0.01176867	0.01076795
0.020366	0.01421825
0.01738153	0.0008115325
0.003371898	0.004486268	0.00288866	0.001665752
0.01746609	0.06229287	0.06570191
0.00705555
0.02417031	0.02215284	0.01267342
0.074714	0.02382025	0.002693349	0.007725763
0.01379812	0.01259981
0.001254326
0.005019333	0.03264269	0.06321378
0.01805271	0.00524838	0.03840961
0.003674879	0.0009959978	0.002615492	0.004785011
0.002752318	0.0192581	0.01765613	0.01777434
0.007056185	0.00739849
0.005083645	0.004120069	0.01152345
0.008255809
0.01383631	0.01408236
0.01825241	0.04690334	0.02329801	0.01343858
0.01502025	0.008232199
0.04410145	0.007530772	0.04230881
0.02017912	0.02812806	0.001539086	0.0004544887
0.005298243	0.00568591	0.0009280389	0.001752818
0.002283069	0.00528932
0.01175792	0.01105007	0.00230996
0.001748794	0.008386044	0.001537211
0.0151908
0.002329364
0.05210532	0.003772666	0.009454136
0.005446302
0.003908532	0.01336327
0.002232837	0.002523427	0.0118475	0.01095484
0.00421268
0.0118455
0.0117569	0.008468798	0.006358288
0.003875764
0.04815874	0.07129088	0.008608528	0.001476215	0.005652719	0.01648574
0.004938107
0.004258479	0.01112346
0.004277544	0.007938504	0.009972525	0.04345215
0.004136627	0.001876475
0.008323451	0.008073422	0.006325965	0.001770795	0.01194461	0.02328519
0.02833839	0.006688181	0.003521804	0.01948987
0.01044303	0.00745779	0.004372541	0.04389962
0.01077739	0.0007007985	0.03347438	0.002709813
0.004363461	0.01774663	0.004956382	0.0004732614	0.01879476
0.003608355	0.0003429084
0.003477529	0.006123467	0.0506948	0.02099899
0.004271584	0.02084653	0.007190562
0.00861667	0.002856612
0.01014433	0.1253806	0.01605884	0.0008278502	0.009711462
0.003898663	0.0103487	0.01321603	0.02969426
0.006189816	0.08790702	0.00294078	0.01957013	0.001599992
0.2337746	0.006818496	0.05711835	0.02995594
0.03035478	0.004619714	0.1751085	0.01676669
0.001856512	0.01596203
0.003895344	0.001065169	0.1367985
0.004216099	0.0008162032	0.003351105
0.01924678	0.00233498	0.01376569
0.01199007	0.004801172	0.007695027
0.02906621	0.01126829	0.00349937
0.1150318	0.007754901	0.03932563	0.008914674	0.01644268	0.04261525	0.00155263	0.02946068
0.001211822	0.001093052
0.009531153
0.002125315
0.019528	0.002478367	0.004068182
0.001789985	0.00670792	0.01048379
0.01435809	0.008918064	0.01377472	0.002216721
0.0283816	0.002558137	0.002423234
0.002738682
0.00732893	0.01420618	0.001412045	0.003411531
0.004968709	0.01173532	0.001800063
0.0109529	0.001363773	0.02768589	0.02255925	0.04616404	0.01703808
0.001941651	0.0272089	0.003365701
0.001786284
0.01104719
0.010237	0.001516754	0.01524978	0.08882705	0.01029982
0.003682612	0.01064974	0.0183422	0.01308872	0.02710323
0.08887888	0.002987158	0.00314848
0.04683339	0.007749836	0.001238414	0.006797634	0.01763681	0.001755322
0.01148811	0.03236719	0.01073416	0.0007634404	0.02208994
0.007867538
0.002693537	0.02256981
0.00547305	0.03524253
0.004153676	0.006895592
0.03461574	0.001056828
0.006568242	0.0119841	0.007360618	0.04151246	0.2131917
0.01399776	0.01783139
0.0009629986	0.005749509	0.0159817	0.007574042
0.04251802	0.002882171	0.002486973
0.004077397	0.002909505	0.001262042
0.001326054	0.001249199	0.005139218	0.02666832	0.005781983
0.002976313	0.008597876
0.03951204	0.04841713	0.004936858	0.0333475	0.009405907
0.006141712
0.007020486
0.0222337	0.002983152
0.00460446	0.009047774	0.004125971	0.004320695	0.01704518
0.07171887	0.006093933
0.0066391	0.001656681	0.08034942
0.00267819
0.04239088	0.007127862	0.01229563	0.004882913	0.001157814
0.0002157198
0.002574629	0.1707284	0.003766597
0.0004213384
0.05106164
0.003028093	0.004081044
0.001227412	0.01801615	0.006994785	0.01149828
0.03936334	0.001787305
0.007046037	0.001999665
0.001073657	0.001862974	0.0005926099
0.004264671	0.002806114	0.003934771
0.02721445	0.0009233634
0.02903973	0.01151125	0.00852129
0.01669276	0.06869435	0.004507987	0.006629513
0.02784992	0.007370504	0.1547238	0.008260958
0.004134528	0.01259404	0.01285891
0.0630295	0.004381239	0.1111779
0.0005302185	0.01506623	0.01424586
0.02059492	0.0001926395	0.001027106
0.005937255
0.02763914	0.01168462	0.004122305	0.01564817
0.008053056	0.007890752	0.0617044
0.0499311	0.002920808	0.01453646
0.001954009	0.08122593	0.03882709	0.008320959
0.01071984
0.007486179	0.005769039
0.03902584	0.00224766	0.01895988
0.03275968	0.005168681
0.02202656	0.002518125	0.03940545
0.02212956	0.005664197	0.01079509
0.002777357	0.01620077	0.002788705	0.001756258	0.01994214
0.01244079	0.004514784	0.01849296
0.005041922
0.001597234	0.008230187	0.025073	0.02161973	0.03709805
0.005645487
0.01785181
0.03005589	0.01027235
0.00528965	0.01137592
0.04897177	0.006724926	0.003813488
0.02156547	0.002068366
0.002072036	0.008877242	0.0005003151	0.02391464	0.00715134	0.00139403
0.003227241	0.004773076	0.01258235
0.05613161	0.01043955	0.01925507	0.001945944
0.007880636	0.004482689	0.1299429
0.04400363	0.004155567
0.001566354	0.00278389	0.03825728
0.02411702	0.006056978
0.008362738
0.01003384	0.001590482	0.006912844	0.01630945
0.002984346	0.02782619	0.003975825	0.007488309	0.01990994
0.006653194	0.005300319	0.04529769	0.0002012867	0.004730031
0.004043703	0.01031515
0.01042066	0.004054091
0.00426676	0.0006205154	0.09465669	0.02588526	0.01384386
0.06574491	0.02466853
0.0006280723	0.03991222	0.00433257	0.001400836
0.01921718	0.01353472	0.03641117	0.01020146
0.002853793	0.008000638	0.01512815	0.0234971
0.0101749	0.1282237	0.01878878	0.08382936
0.002568571
0.006254476	0.004021126
0.001199874	0.005614749
0.007137088
0.0057713	0.005817579	0.01796849	0.007893548
0.01371815	0.006190729	0.002540102
0.004858917	0.002644614	0.02598546
0.06177409	0.007660053	0.001396721
0.02047072	0.06387114	0.02167414
0.01788553	0.0008681489
0.01441124
0.01384779	0.005309859	0.07721756
0.02841049	0.07447966	0.0006819216	0.003757752	0.2404353
0.005915913	0.008530975
0.009834168
0.009311124	0.02766211
0.005078579	0.0189211	0.01189341
0.002788391	0.00176847	0.002561377	0.0178314
0.002631689	0.006848912	0.001503516	0.0008124057	0.004572903
0.001197541	0.01324048	0.005632396
0.03555561	0.01081575
0.01127837	0.01991607	0.008634702	0.002822291
0.005712793
0.001944672	0.04154876	0.0246924	0.0004942067
0.02025494	0.009701171	0.00918554
0.001224405	0.01259997
0.01665254	0.007210847
0.08667308	0.04649256	0.02124928	0.0470461	0.00219097
0.02116969	0.00584909
0.008431036	0.005473192
0.008370789
0.04432457	0.01669117	0.08144719
0.003478012	0.002015688	0.01557817	0.009766343
0.002878445
0.03474722	0.02004597	0.006372023	0.00267952
0.01097519
0.003459537
0.04075276	0.00126372	0.00839732
0.005828944
0.009961509	0.006756515
0.02431593	0.04451122
0.001367331	0.01905843
0.002462219	0.01563001	0.0005760167	0.003320441
0.002872724	0.02162578	0.006798842
0.009529245	0.02935215	0.04867906	0.003317667	0.02509322
0.01895497	0.01045148
0.002715056	0.009925048
0.01006168	0.01359638	0.002393556
0.01728237
0.00202632	0.0006696356	0.0138629
0.0004871454
0.01278192	0.003525548	0.006827423	0.006002793	0.01027446	0.07693197
0.005143087	0.0118745	0.009732774	0.04342601	0.004347641
0.003600936
0.03626398	0.002866935	0.05874476
0.01171988
0.01218084	0.005278459	0.02751508	0.0005479484	0.001847606
0.0003491201	0.02017903
0.00282837
0.0005490018	0.05183791	0.003711267	0.006198627
0.005404418	0.01310995
0.004649346	0.001483352	0.03690668	0.01218029
0.0111005	0.001873775	0.005073245
0.02217344	0.02580025	0.00883707	0.03051896
0.05118698	0.001878517	0.002277125	0.005498383	0.0001943461
0.001341348	0.01255042
0.03099489
0.007639482	0.002322857
0.01159519	0.0008440631
0.005518114	0.001812113	0.003674366
0.002250813	0.001634294	0.0195335
0.02234454	0.0009729775	0.005651639	0.002611023	0.04183487
0.003490025	0.02875907	0.0358586	0.01042111	0.01248243
0.01028802	0.03610578
0.002889314	0.001223231	0.005832449	0.02653951
0.01026572	0.02091313	0.005490675
0.005688231	0.001362835
0.002609539	0.001767089
0.02338093	0.006043537
0.006131541	0.017887	0.0006007954
0.004248248	0.006775061	0.004542369
0.009778707	0.02011679	0.007858376	0.01101177
0.01482424	0.01081512	0.0124142	0.0004386089
0.006859663	0.03017071	0.001771778	0.004490558
0.006143217	0.01945617	0.0188687
0.007098069	0.008634125	0.009289775
0.01534607	0.02245504
0.004360311
0.01587356	0.003741905	0.002468456	0.003291934
0.0009278291	0.0009263372	0.0006943426
0.03346639	0.00464129
0.01959197	0.002888223
0.0101259	0.08020194	0.01793807	0.02631959	0.01384837
0.0006765541	0.002586116	0.006252363	0.01661937
0.007909583	0.00268018	0.006003817	0.01164583
0.01179579	0.002041848
0.01202576	0.008703702	0.002129966	0.05712205	0.002127318
0.001344077	0.07946104	0.02181372
0.01637531	0.01557638
0.003112206	0.001575659
0.000272463	0.01605958	0.08251301
0.01089207	0.002756106	0.09969717
0.0003111245	0.01768221	0.02471473
0.007743381	0.005880258	0.01698205	0.02605492	0.02307336
0.04395814	0.01291532	0.01074646	0.03029293
0.01236714	0.00773716	0.02050682	0.003342007	0.0235151
0.009086388	0.01347101
0.02023665	0.01930979
0.01089628
0.007995166	0.002805263	0.01324414
0.05125964	0.04325364	0.0154867
0.008981871	0.008884764
0.1247121	0.01029967	0.00249125	0.02616337
0.007560792	0.01889639	0.07606504	0.01151058	0.01080425	0.001754621	0.002635436
0.006449629
0.004855404
0.01132622	0.01709278	0.00481943	0.001240195
0.002252152	0.007274194	0.005075931
0.1317188	0.003539823	0.004563019	0.01096621
0.002532234	0.003565339	0.01045693	0.008263403
0.0007450966	0.0105631
0.01912215	0.01209383	0.00111728
0.009392925
0.0397452	0.001990053	0.01642266
0.0005553233	0.07595321	0.002005877	0.006302614	0.01916702
0.01265124	0.009693155	0.002391965
0.004033371	0.09053747
0.002711313	0.000333892	0.0008490398	0.000833512
0.01234397
0.004967782	0.004729337	0.01279941	0.007023138
0.003345086
0.005793069	0.02613961
0.008074474	0.009324212
0.005586739	0.01787918	0.00705315	0.008824785	0.003734451
0.01075311	0.03012089	0.02659804
0.006623379	0.008814208	0.001505055
0.005381281	0.007588026	0.02017728
0.009533201	0.00603594
0.005766236
0.001454487
0.003962486	0.00600744
0.004772571	0.001777013
0.009573691
0.006058831	0.0001735634	0.01267257	0.003317878
0.04538009	0.01952559	0.01426345	0.01882491	0.001409394	0.007822524	0.009844549
0.004759358	0.003802739
0.005246123	0.002796198
0.0004356636	0.006866493
0.0225749
0.01180904	0.009871141	0.008107513	0.009790941
0.01295081	0.009047646	0.02818296
0.007790549	0.006941307	0.03904052	0.1856054
0.08191452	0.0200233	0.01804876
0.00923074	0.004358873	0.004064207
0.02106357	0.00458925
0.008331096	0.01383984	0.0172302	0.001175149	0.001415027	0.007639129
0.009507948	0.08924188	0.03682291
0.09475575	0.007811734	0.0004115264	0.00742693
0.025359	0.0003613975
0.002205247	0.01031251	0.05172817	0.01848575	0.09492449
0.006134778	0.03301471
0.07823297	0.008345303	0.08080644	0.01422522
0.01138945	0.00233135	0.145717
0.01243729	0.03138981	0.0008989573	0.01183427
0.0004567709	0.09612846	0.01003904
0.003257682	0.02026672
0.005857968	0.06635515	0.03004578	0.001115416	0.01148744
0.08006795	0.01002174	0.022193	0.0488235
0.004937334	0.01821334
0.001387284	0.00183986
0.009426784	0.001043735	0.01000579	0.002485329
0.01107142	0.05658304	0.04733219	0.01080424
0.005941454
0.01314259	0.004672846	0.001844093
0.0179257	0.002943765
0.002732314	0.02981568	0.008801807	0.005467788	0.0003353018	0.002720699
0.00119357	0.02490163	0.00753451
0.00497287	0.004845085	0.003867262	0.001328064	0.006062411
0.002604244	0.000362448	0.008882992	0.02012026	0.017244
0.01838314	0.0008613	0.0061876	0.003914029	0.01296911
0.002426375	0.04108305	0.001034968	0.01225238
0.009053962	0.009423598	0.05548353
0.02612131
0.0151744	0.02141925	0.008601741	0.003892579	0.001699349	0.1109741
0.1569845	0.01458229	0.01631144	0.001141111	0.0244998
0.002711393	0.001558656
0.02546825	0.02255039
0.008575152
0.03161568	0.01596451	0.01172709	0.001283425	0.02828468
0.00846972	0.0005996364	0.01734137	0.001319978
0.008448532	0.0004015951
0.002455105	0.01933874	0.005601243	0.01478624
0.02079552
0.3514065	0.00589906
0.1074801	0.007697628
0.004710953	0.004538555
0.009857937	0.007611952
0.006144383	0.01985166	0.0171197	0.003909211	0.0300507	0.1163949	0.0005053051	0.007731583
0.001748358
0.001018254	0.000656702	0.06838851	0.01084966	0.01863083	0.001857465
0.02043386	0.002212377	0.01671762	0.1963388
0.006970464	0.006250143
0.002844183
0.01520572	0.03045424	0.01745451
0.007686778	0.01431134	0.004548231
0.02412055	0.01243527
0.01263324
0.008907154	0.231849	0.0004173219	0.009121302
0.0005738889
0.02597899	0.003539277	0.003895836
0.1419654	0.01718624	0.008820921	0.0008263889
0.0213137
0.01204759	0.0003921534	0.1391246
0.00751155	0.00531882
0.003949228	0.00106324	0.008002219
0.08561537	0.01057494	0.002015586	0.02724159
0.02756385	0.004069918	0.00773633	0.003558931
0.004293325
0.03921564	0.007773792	0.04693607	0.00991379
0.002615861	0.01894091	0.005880758	0.01219995	0.001288193
0.03675039	0.003983592	0.003927965
0.001237004	0.02070131
0.2452202	0.0004446969	0.02574536
0.004663068	0.008735708	0.001086951	0.01041218
0.0284451	0.01822709	0.001029638
0.004117725	0.1205503	0.003052138	0.04487395
0.01348746
0.02285525	0.007577787	0.01563349
0.002686991	0.3780407	0.01963194
0.004195747
0.04514697	0.03065062	0.005912494
0.004383434	0.0002557316	0.08414662	0.0004978346
0.04053516	0.002206204
0.02964149	0.009209307
0.00999893
0.0006002556
0.02725271
0.03055783	0.002522243	0.01018563
0.01792119	0.0327611
0.01598528	0.01554723	0.01051013	0.0118374
0.00239527	0.002095847	0.005081447
0.0007301788	0.0009296647	0.006362091
0.02545652	0.001782718	0.007113363	0.1136503
0.001368381
0.02951859	0.0003264905
0.1261901	0.0018563	0.03392703
0.01177807	0.001826416	0.05573424	0.004392377	0.001747462
0.1871152	0.01199531
0.01712525	0.008839617	0.01955127
0.01587803	0.004317275	0.02111183	0.2009027	0.006210701	0.03448492	0.01253752
0.01081178	0.00385686	0.02096483	0.006343101	0.002468839
0.01502739	0.00572422	0.05203088	0.00121824
0.0586987	0.002723952
0.1075727	0.01873079
0.0004804371	0.004518959	0.0474321	0.01593782
0.002200424	0.008084233
0.008465406	0.0005986785	0.002686979
0.01194044	0.00941563
0.003378049	0.001736677
0.02900606	0.002645188	0.02159818	0.008686774	0.01390525
0.02339816
0.005638652
0.000343504	0.01098306	0.07605941
0.01811431	0.002220095
0.00496824
0.00095493	0.02388677	0.006141423
0.002713334	0.01137241
0.04107609	0.008317706	0.006974953
0.001952801	0.04691025	0.3655641
0.02644693	0.04864158	0.007709004
0.001020595
0.00388375	0.01295056	0.00133595	0.002405258	0.005588993
0.00664164
0.00144418	0.041218	0.01121802
0.003835646
0.001333718	0.01167931	0.003110922
0.0004847411
0.008784926
0.01333054	0.004969754
0.008343758	0.01228444
0.003246559
0.01716076	0.02247975
0.04151387	0.008943412	0.02298805
0.06748572	0.002542193
0.005378304
0.01980037	0.001198056	0.04747658
0.0389171	0.00504159	0.008434588	0.0006712037
0.01161089	0.001479684	0.001571326
0.004083459	0.00707274	0.05722089	0.02280683
0.02263302	0.007651495	0.002401359
0.01946731	0.01068504
0.01681518	0.00406202
0.06848414	0.01079182
0.016622
0.00634385	0.006142512
0.01164431
0.002443928
0.008017666	0.01041489
0.01885279	0.0009067449	0.03843504
0.007430183	0.0002665781
0.006004129	0.006661947
0.01048822	0.006836523	0.006803669
0.001612001	0.01669041	0.003869255	0.03252882	0.003555039	0.008691328
0.003828685	0.04200276	0.003916111
0.01302329	0.03356245	0.006020906	0.001970123
0.01536846	0.007756938	0.01857446	0.03926421
0.001842101	0.001343878	0.1316764	0.0388359
0.01017836
0.008943066	0.008075657	0.01357566	0.007683615	0.03161786
0.009252948	0.01737416	0.006396234	0.09318182
0.003710298	0.003402577
0.01675262	0.001606533	0.006645696
0.04581895	0.0006863411	0.009062924	0.003067855
0.01101255	0.01397453
0.01052235	0.02390811	0.005279571
0.1051213	0.2081442	0.0004802851
0.00790835
0.0008564991	0.03744586	0.002222361
0.01067922	0.2822691	0.001983953	0.001254837	0.02168661	0.001520345
0.0005761178	0.02398737
0.003601351
0.03554223	0.002032685
0.01538486	0.1809055	0.02042788	0.001139511	0.004679907	0.01549307	0.02327094
0.01392301	0.005340707
0.0003647793	0.002369128
0.06787412	0.00117508	0.007044601	0.01051859
0.01233551	0.03128968	0.05191759
0.001654128	0.00443307	0.005982462
0.002507112	0.00130348	0.007982136
0.006894036	0.002197641	0.02773512	0.01380554
0.02527639	0.004559149	0.006880183	0.001948606
0.002483926	0.009090811	0.035377	0.01079839	0.0002194019
0.0151313	0.001518156	0.1180674	0.001273412	0.04493211
0.01838965	0.00319106	0.02061428	0.00145192
0.005564818	0.02815191	0.01232009	0.0337409
0.003895223	0.005344671	0.03531678	0.05208204
0.002462527	0.02330982	0.06832994	0.00953797
0.001333811	0.02172894	0.009217215	0.01658604
0.003506246
0.02333626	0.02172354
0.006279747	0.02940685	0.001872486
0.05901518	0.02019062	0.2302214	0.0573772
0.04441066
0.03261656	0.02936807	0.0132536	0.1503464	0.01442684	0.003778797	0.004007978
0.002794626	0.02680222
0.008248068	0.015273	0.01597761	0.0003218315	0.02175318
0.004534133	0.006647874	0.04557029	0.04700299
0.002708228	0.01493939	0.004357999
0.004404623	0.004157136	0.01364395
0.03296338
0.2938153	0.01511531	0.01633249
0.0202671	0.003015015
0.03231541	0.002160964	0.008956462	0.224928
0.03220678	0.01932807	0.0009650349	0.001500939
0.02265018	0.006592509	0.05850596	0.01971011	0.01822215
0.01253672	0.003933232	0.00689806	0.01783437
0.009654773	0.001021093	0.01178391	0.04578507
0.09369512	0.001490872
0.02212249	0.001941236	0.09145515	0.006485054	0.009618776
0.01108728	0.003695761
0.02075783	0.001762481	0.07270773	0.03061184	0.01665993
0.00522726	0.003787531	0.05009378
0.01116794	0.01731129
0.004020056	0.03211388	0.02956953	0.08207962
0.006333401	0.01546821	0.00482935	0.006621905	0.00833674
0.003907977	0.004683995
0.05588979	0.003124483	0.004541034	0.008838841
0.01528938	0.01188408
0.005220268	0.00125669	0.02281997
0.001731984
0.04256787	0.006444907	0.0001895847	0.05210949
0.006886869
0.06508096	0.007963673
0.0008768785	0.00576451	0.005849514	0.004532482
0.004365053
0.1648815	0.00817307
0.003858934	0.01271509
0.01250427	0.003716943
0.003403926	0.01200823	0.0568612
0.001675709
0.02114802
0.01361015	0.0650091	0.01531897	0.002693715
0.01051603	0.04862641	0.019774
0.03816311	0.03838318
0.01507448	0.002809929
0.01566791	0.004929271
0.004230254	0.003527437	0.002380748	0.002183597
0.01252398	0.002404505	0.09086672
0.02075556	0.003313408	0.0049652	0.003897391	0.06353057
0.004770345	0.002960578
0.046393	0.00952663
0.005289191	0.01405977
0.08680198	0.01101533	0.03337055
0.01419707	0.006751455
0.01048444	0.01126965
0.02477506	0.01126771
0.01102706	0.007136331
0.002839378	0.003329398	0.05979287	0.001443825	0.01061078
0.02240953	0.06398351	0.0103037
0.06166493	0.002239858	0.000508937
0.00254079
0.008448363	0.003090324	0.01223716
0.09358822	0.0277564	0.01857056
0.03162727	0.00107139	0.007925224
0.003015655	0.004970241
0.005987574	0.001883718	0.01217372
0.007461656
0.009651936	0.005165298	0.00344146
0.00846605	0.01112529
0.002361137	0.007560686	0.00534508	0.0229243
0.02037911	0.01037173	0.09351142	0.002486885	0.0004896237
0.002180916	0.0008914136	0.0005980388	0.007340003	0.000570846
0.008761437	0.006080764	0.01632022	0.006501004
0.007037429	0.001724938	0.01753185	0.0893181	0.004822165
0.002529869	0.003035127
0.02760831	0.05562822
0.007726553	0.007102636	0.02218742
0.007481197	0.02490419	0.00500353
0.003922632	0.02298994
0.01324283
0.00257124	0.03948668	0.004398418	0.001897337	0.01034248
0.003300897	0.0313616	0.02210376	0.002315663	0.01123657	0.01023797
0.02079566	0.0207573	0.0308655	0.008048911	0.04295403	0.03086162	0.0157086
0.003573759	0.004157967	0.03172919
0.04025523	0.01060479	0.001769966	0.002361121	0.01976261	0.05939488	0.002375044	0.02973128
0.01481867	0.03164799	0.08438073	0.01354254
0.002924329	0.00278325	0.003498766	0.01907391
0.0005250142	0.0001537597
0.001099328
0.005087677	0.002193297
0.1716463	0.008461286	0.001389036	0.006484258	0.006796901
0.002385104	0.002573249	0.005294504	0.001327526
0.003495203	0.001461802
0.006994245	0.001812689
0.001973972	0.00492336	0.006040233	0.001453182
0.04171506
0.01644846	0.002295017	0.001226115	0.1603948
0.01913112	0.02039544
0.01169659	0.007776506	0.004508141	0.002377383	0.0107002
0.00677027	0.007306009	0.02737598	0.0002397169	0.002156407	0.005886663
0.02544067	0.007035704	0.001675373
0.002281248	0.008798521
0.001376121	0.001534365
0.001626609	0.002791145
0.01985479	0.00412539	0.2579145
0.008616793	0.002565375	0.001024634
0.0149349	0.004988393	0.01541355
0.03997017	0.002217002
0.01712744	0.0001236504
0.004491513	0.004160233	0.0004182711
0.006653106	0.03309295	0.01504655	0.0019966
0.005019218	0.01269336	0.00645465
0.005381976	0.03282537	0.02620253
0.001668327	0.0107468	0.001076933	0.01686835	0.009620346
0.04152427	0.005731246	0.03149269	0.04305678
0.008671715	0.009895586	0.001924692	0.001614504	0.0004589222
0.004236418	0.03015597
0.001922773
0.01739787	0.01421223	0.03640107
0.06488317	0.04317119	0.002132071	0.01837165
0.0800995	0.007831529	0.04650128	0.01321034	0.008957901	0.4000489
0.01483472	0.02403379
0.0007510436	0.01260636	0.001359514	0.0006391798	0.008363819
0.02212875	0.007172366
0.007858543	0.02511179
0.0008562719
0.00249218	0.008785197
0.003578294	0.008806063	0.00135532
0.01521893	0.03322719
0.01626038	0.00196904
0.04838245
0.02821057	0.009591226	0.01064958
0.009628987	0.01206712	0.014223
0.003607754	0.001581524	0.001867178	0.01045474	0.1989037
0.08946323	0.02284804	0.01283432
0.003454561
0.008896298	0.01829784	0.003206109	0.006377615	0.05821112
