MassExtinctionTimes
18.17405
18.05053
17.23647
17.68593	14.67116
18.4161	2.558938
17.87958
18.1033	11.8881	16.88967
18.37197	7.670932	12.45719
17.30415	9.977683	18.47052
17.86948	14.80788
18.47766	11.68672	14.82924
15.30334	9.298387
17.83321	16.96347	9.758317
18.37124
18.36041	10.54656
15.68346
18.0564	15.79768
18.25652	1.566421
15.81199
18.19205
18.30449
18.43493	8.875348
18.15213
18.44022
18.01819	1.135594
17.80917	11.42546
11.43776

18.01837
14.62277
18.4666
16.7515

4.594091

0.1373895
17.711
17.31902	9.427587
15.52541	9.572215
18.42913	4.047608
18.98965	15.80371	11.51122
17.22301
18.36754

17.28604
18.24332
17.27614	11.0915
17.18972
18.46458	10.50117
18.20491	11.34872
9.348748	17.04087
18.23702
16.88496
17.29967	8.027309
18.3106	15.7401	7.718764
18.28276	9.785894
18.33832	15.53258
18.36999	15.28731	8.500717
18.30933	12.68721
18.33216
18.42508
17.26466
17.83553
15.70446
18.35015
17.23168
18.22168
18.13037	9.266692
18.25095
17.06289
18.11964
18.44574
16.65288	8.89988	0.1479317

15.59014
18.47672
18.37078	9.95399
18.47847
18.41015	12.43817
15.60179	0.6221758
18.29269
17.59648
18.30434	0.2051951
18.34698	11.71693
17.94482	9.280123
16.56977
15.54934	9.690399
18.38971
17.41356
18.19238	15.07073
18.22944	3.093488	14.16383
17.98178	9.882778	0.1887443
18.46886	14.36264	3.431481
10.18305	18.48261
16.99234	18.27322
18.07262	11.13108
18.4096	10.56741
18.28269
18.10559
17.35381
17.31892	11.84066
18.30218	0.4414598
18.37034


18.16208
18.29642
18.43029	8.123503
18.36454


18.489
18.30717
18.18532
18.39593	9.829392
18.34802	9.787957	17.26499
18.07981


18.37235
18.32511
18.41441	11.73058
17.3443


17.01093	17.86834
16.93603
17.10281	14.51739
18.28054	1.537169
17.35419
17.3507
18.18189
16.18485
16.36615	0.01570924

18.31813	11.16665





15.81291



15.36252

8.950666

18.47855	11.95423
16.93108
18.44149	11.17763
18.38593
18.11682
18.27509	8.952417
17.34225	10.32345
17.26836	9.561902
16.07387	0.4832574
18.40991
15.61081
18.02131	9.443993
18.48058	14.82974
18.44905	14.83272
9.17457	15.76709
18.25571	11.73954
18.40825
18.40948



15.6399

11.70884	0.3834675
8.899034
14.63992	17.9324	0.1263768
18.19079	9.668423	0.601454
14.0633	18.19796
17.30156	9.061034
16.63362
18.45365
17.84154	8.376514
17.85633
18.40377	14.83354

18.18405	1.774363
17.47535
18.32415
18.33034
18.46441
18.38053	11.28621

16.96097
18.47066
15.2684
17.93175	11.47019
17.33445
15.79798
18.18333
9.046902

9.020897	17.79908
17.20296
16.67348	9.281147
17.19645
18.45673
16.89808	9.967196
18.31537	11.42872
8.740949	18.01398	14.80008
18.25219	12.56926
18.36043	9.952789
17.89302	9.59674
17.82413	11.67524
18.33671	11.78878
18.15452
18.28479
17.67142
14.02272	17.99111
16.1983
18.16234	8.486708
18.01048	10.05122

16.94959
18.14396
16.63813
17.47367
14.69783

18.20321
14.7394
18.42143
18.13015	14.76698
17.14611
17.28512
17.00397	14.91038
16.98631	9.561069
17.7028	0.3014707	4.350258
16.72955	11.37561
18.5218	16.97845
18.04516
18.40389	8.60792
17.71088
18.89253


11.33325
16.85046
18.42586	14.47069
17.28031	9.995307
18.16174	11.61018
18.47793	11.48842
18.24501	10.38139
18.28412	16.5872
18.46362	14.98063	9.869962
18.28729	14.76183
18.28517	15.73034
18.40548	14.41871
18.23149



16.81537
18.45023	11.69996
16.85622
15.59798
17.61783	9.296664
0.4974217	17.53814
18.24364	9.408988
17.19417	4.83836


18.34417	0.275783	10.55338
18.40888	11.39266
18.35509	11.11981
16.86842	18.07177
17.91988

18.31422
17.19617
17.71893	15.64626
18.45547
15.80948
18.32104
17.35319
16.96053
17.18071
18.33818	15.22517
18.41346	0.5335529
16.18546

0.5351537
17.03769
18.46065	15.16292
18.8032
18.15826

0.3834321
11.99142
18.37334
18.31321	7.905629
17.84364	9.371341

9.707105


17.1018
18.38794

9.507045
15.64492
7.83889

17.71186	1.716645
18.23754
17.45689
18.94324	17.55721
17.98225
17.31317
17.85628
17.55815	14.87741
16.75831	11.71769
18.19685	9.508673
18.27124	11.0479
18.32982	0.0264482
17.77019	8.695082
18.39947
18.38537	17.1641
17.95532
15.07145	9.771054
16.55761	0.02070634
18.34985


18.45197	8.924384
18.47805
18.24584
18.34777
18.29337
18.41403
18.20247	1.735986
16.08851
16.8785	13.61746
18.48793	9.73462
18.36704
17.98158

14.55307

17.98698
15.57525	18.03338
17.19737
18.48077
18.35733
15.48455
18.43545
18.31473
17.2032
18.32387
17.90035
18.39737
17.90935
17.33662
18.24318	9.12689
18.21179	0.5837137

18.08959
18.16896
18.07975
18.12343
18.15192
18.44161	11.56357
18.37968	11.94006
18.27631	9.136745
18.20854	9.599864
18.36664	11.06579
18.11046
18.42381
14.65059
16.56039

8.225268	16.20626
16.82917
18.22246
18.45732
18.42511
18.14688
18.04097	12.89218
17.59803
1.536763
17.07778	15.03811
18.00328	7.682912	13.94312
17.5251	9.70232	0.2785199
17.63042
15.62695	18.18387	9.055697
16.12565	18.41865
17.94885	15.36028
17.08537
17.79412
18.37575
17.33854
17.3285
18.47633	14.51452
17.2764	8.936381
17.21509
18.25995
18.38027
17.69499	4.325932
17.68418
18.20703
0.5064582
18.4307
16.90415
17.10939
12.63893

18.34193
18.17379
18.47257
18.45892	9.506954
17.8118
17.26117
18.40855
17.8634	17.3322
18.3938	11.77129
18.44597	11.60459
18.36823
14.41277

17.89704
17.80603
18.31956
16.55255	18.34251
19.02985
18.28115	9.752456

18.19426
17.26008
14.76171
18.06014
18.40401	9.426951
18.44574	11.89393
18.27438	11.24605
17.25072	11.01076
16.95928
17.15464	8.994921
16.85926	9.280109	17.93334
15.52622

17.96758
18.30088
18.22415
17.09895	8.601003
17.07573	9.748259
18.26288	11.61226
18.22828	1.965528
11.83062
18.21208	11.23398
18.40254
17.90188	9.886842
17.05434


15.36261
18.40221
18.25234	7.491536
17.8031	4.54294
16.75549


18.3411	0.4110657
15.5994
17.57164
18.44671
17.30981

18.24512	0.296696
18.46266
18.38115
17.28649
18.48473
18.38279
17.90139

8.874794
9.393009	18.32245
18.45852
14.82141
17.19841
15.34633
9.956682


13.21849
16.93373	9.661638
17.23066	14.24933
17.25787
18.40291
18.12786	14.2781	0.3964693
16.34813
18.40618
18.41397
18.13337
18.20716
18.10407
16.74081
17.7739

3.493812	8.604355
18.35243
15.56671	0.5201484
18.46568	8.828323
18.16907
18.27975
18.12127	11.75675
17.29345
18.42896
17.33086	9.517011
17.11492
18.33017	11.20868	0.6407148
18.15762

17.30266
18.43407
15.16126
18.41204
16.76577


18.35988
15.63422
11.59652
18.16151	11.38068
18.36152
15.7548	18.29667
18.41503	9.901105
18.35267	14.7197
18.37975	0.07384191
18.21472
2.705256

15.77703
18.45619	7.858423
18.38648	12.3966
18.37515	8.77811
17.7617	9.936908
17.30492	17.81208	8.875734
17.27956	9.614964
18.35785	9.704653
18.33852	14.46133
18.43471	0.4339806
17.27802
18.31527
18.17308
16.21636	17.66351
18.15295	0.1003182


15.68374
9.407764
17.1895
18.35251
18.22218
16.45876	0.6237709
15.25022
18.07251
18.36329
18.42823	11.68875
16.99281
15.53935
15.70414	0.6105493

18.34569
16.97975
18.42719

18.47137	0.3561668
15.5955
18.40432
17.98076	7.274269
18.43934
2.387076
18.44532	9.671274
18.42382	11.69668	8.424656
18.10232	15.35543
18.42784
18.47235
17.73539
18.24105	9.148036	0.3169893
18.28029	15.54471
18.51551
18.40697
15.76581
18.35584
18.37056	17.13645	8.756498
17.6482	8.373512	0.5401837
18.40377
13.77413
17.22106
18.15815	8.842429
18.31642	16.12529	8.613054
18.20693
18.35266	11.04166
17.19457	11.5947
18.57489	9.224576
17.74904	9.078301
18.22349	9.599464	14.88793
17.89859	11.15281
18.31974
18.51475	14.52752
16.52056
17.9485

17.26577
17.88178
0.2050011
18.08141
18.34673
18.12792	15.77027
18.36259
17.19615
18.03497
17.72993
14.50189	0.2174814
18.15335
18.10747	15.18598
17.0047	11.33299
17.68669	9.602727	15.7535
17.24117	10.07058
15.17327	10.77018
18.45412
17.44832
15.31922	9.816844
18.25146	10.58351
18.0325
17.82972
15.5431
15.52831
15.7659
17.85756
18.26609

17.29763
0.5775381

18.02632
11.40976	0.4169384
17.21875	0.06196798


18.47739
17.39127
15.61067
18.57298	9.276005
18.40587
18.48004
15.17366	9.92989
17.03474
18.2649
18.08496	18.41008
17.31543	9.777563
18.43427	11.06076
17.89732	9.671474
15.46377
18.531
18.22303	14.13913
18.47162	11.12233
18.06497	12.99201
11.7502	18.3037
10.89504	18.35037
15.30015	18.31049	7.716497
11.04006	18.21357
15.12138
17.81283




15.7467	0.2516443

0.5422726
18.34467
17.93859	15.68401
18.1499
18.24711
18.46276
16.7243


17.00356
18.04324	4.830493
18.44547
18.40193	11.19819
18.11445	11.50313
18.47798
0.6184268

17.99136
18.42485
17.79159
18.52155
17.17093

18.2809
18.3319	7.838934
18.4325	7.961247
18.16257	18.3426
17.88471	10.97617
17.05182
18.44245
18.45184	13.22811
17.5583	15.91136
18.44324	14.20867	9.368402
17.57006	9.825219
18.26009	14.50701
18.28165
18.08382
18.42535	11.4447	9.875703
18.28296	13.94549
15.97753
17.01364
18.33039
17.33691
17.54411
18.4327	9.626518	0.1923546
17.3105
18.09274
18.45749
18.1412	0.08001768
18.41408
17.29105
18.3061
18.42222
18.35008
18.19756
16.27382
18.17991	9.399551	14.82204
16.94281	12.38792
14.74092	18.12815	3.190906	8.362194
18.43697	4.126808









17.50583
18.25568
15.64631
15.69768
18.15823
18.32318
17.54389	9.843224
18.41162
18.01565	0.5565805

17.86955
15.75032
18.22875	10.68082
18.28866	12.0993	3.863012
18.96623	15.25335	8.420427
17.99706	10.46031
17.18547


9.373294	18.13261

11.50371
18.3864

16.28673	3.886828
9.43536
15.70076
15.37546	17.3553
14.54728	18.64344
13.9422	17.80527
18.26115	3.104307
17.7046
17.18297
17.9648
17.99505	12.27679
16.8651	15.11181
17.08143	10.62142
18.43448	15.49126
18.4113	15.74825
17.22636	9.393343
18.42432	14.9644
17.44578
18.43782	16.97589
17.6473	11.43937
18.12896	11.41529
17.96947	9.50025	16.80137
8.621069	18.43913	15.59139
18.28713	15.71833
18.43192	6.499301

5.021142


17.20001
18.28931	15.63524
18.23484
18.2198
18.2327	11.31281	1.072129
17.17617
17.65224
18.25463
18.4393	10.07876
18.97756	8.474925
18.26827	10.98904

17.96672	7.28862


17.45723


9.320203
18.3005
18.07791
17.56804
18.24569
18.12759	15.31483
15.69789
18.11692	9.182022
18.37249	9.532091
18.45569	9.882089

18.42044
17.55501
18.43125	10.93404
14.4884
17.97032
0.2206222
9.136872	17.84957
17.2754	3.946385
18.40231	11.53162
18.39525
18.40676
18.01866	11.67536
18.43392
16.99619
17.65204	9.344813
18.31373	10.52494
18.44883	9.720867
18.08051	9.633348
18.23923	8.442733
18.93756	12.51656
18.24638	11.74633
16.31541	11.48783
18.39752
18.4415
15.30587

16.22334	4.720294
8.795569

15.82747
17.07812
18.39104
18.37488	9.901467
17.10233	7.704887
17.19592	9.050033	1.754306
17.28465	8.712198
18.37147
17.33882
18.46345

15.75212
15.63866
17.00559
18.44687
18.31528	9.577099
16.83812	17.25854
18.4312	8.951273
18.27998	11.39617
18.30567	15.46068
18.29115	9.234819


8.838813
17.23086
15.50306

18.25363	11.69827
0.5477726

17.6644
18.34512	0.09693813
17.11608
18.08507
18.45808	16.96508	9.806107
18.41268
18.35503	16.86828
18.41878	1.200333
18.12122	14.04837	9.743316
16.56035
18.1979	9.821434
17.57034	9.710256	18.32773
17.87282	11.73757	0.07274094
9.130518	17.19189	17.9746
17.14566	18.48192
18.3388	11.76036
17.9984
18.31466
14.98154
14.91757
18.47621	3.152507
18.37256	9.925636
15.64046
13.54895
15.31428
18.12687
17.85326
0.3220393
0.6098178

18.41047	0.04707434
18.44374	9.159252
18.16729
18.43833
9.881619	0.6276162


16.94292

18.38241	7.79857
9.747941	17.34466
17.10812
16.03423
18.23672
17.25536
18.39373	11.59651
18.35008	11.29503	15.37501
17.56203
18.45544
9.142466	18.44745
9.713901	18.4137	15.1997
9.139558	18.28213	14.10505
18.23648	14.8467
16.7842
10.89826	17.16221
8.723074	16.6549
15.12369	18.4047
18.08604
16.25044
18.24299



18.07734
17.43467

18.47247

18.16368	9.717897
18.47074
15.06609


17.35599	11.08962
18.26103
18.16105	9.857622
18.29605
17.32677
18.06961	9.549629
18.40005	13.57269	8.150382
18.03619

17.9536
18.14252
18.27907
18.43621
16.24146

8.451354
18.43894
18.35487
0.278487	15.40187	1.951551
17.13743	8.843995
16.81954	0.754155
18.4055
18.29783	17.14727
17.27598
18.08083	11.66116
9.837118	18.29072	4.208223
13.85264	18.35539	9.659577
18.48726	14.3445
17.55705	10.15078	2.690009
14.73267	18.19842	3.430207
18.1853	9.638576
18.16137	13.98882
18.12357
18.43549	9.772204
16.6373	18.48515	9.124676
10.56004	16.66337
17.18361
17.7659
17.52217
18.14968	1.938411
17.27102
18.02557	9.518561
17.61267
16.89733	9.107073
18.31565


17.20216
10.64917

17.33703
9.653187
15.11212
15.70315
18.2232
17.07841
16.88144

4.636573
1.313658

16.71886
17.88908
18.47621
18.24161
18.33741	0.4381358


18.4418
18.41922


15.1583

17.53563	10.84737
18.07131
18.07641
18.26577	9.395641
18.45041	13.20303	8.560933
18.31316	14.48832
18.46493
16.57531
16.78225
14.70136	17.20516
18.31426	16.82174
18.00545	8.330593	0.2757436
16.52385

0.3238532
17.23411
17.03018	0.7348703
18.14124
18.45562	10.04866
18.38637
16.04871
17.91939
18.25173	16.20899




18.29029
15.54118
17.14221
18.00797
18.27802
17.10176
18.48278	10.43597
18.1967
18.42748	9.817847
11.25611	18.35111
17.2926	11.56134
18.04928	16.78552	9.724735


18.36712
16.99766
17.34439
18.06879	13.06581
18.3084


16.65469
17.07385

18.47949
17.19764
18.05303
18.51893	15.69221	3.929092
18.48391
18.07906	11.39923
17.20603
17.65615
18.31921
17.81689
18.11619
17.9641	16.60214
18.46948
17.65204	10.37619
18.21389
18.43521	6.311145
18.44059	11.65175
17.3204	12.03626
18.04183	14.15999
18.33386

16.23829



18.45905
17.2957	0.06983282
17.10518
18.47677
18.19555	1.056139
18.23337	17.04265
17.96116
18.41232
15.24079
18.2194	12.53246
17.239	12.96712
17.86236	10.57402
17.7389	15.38881
16.98613
18.40676
17.21358	4.302535
18.05795	9.03116
18.17459
17.1488


9.917293
18.37843
16.68027
17.97588
18.17468	11.30973
18.37357
15.59515

17.86167
18.22352
18.2472	9.746782
18.22307	11.24779
18.35253
0.3971861
18.25666
17.84881
17.99327	15.75991
18.46268	11.35844
15.68114	9.94143	18.4849
14.0814	18.18931
15.52201	16.93832
18.3831	1.500855
18.39644
14.78595	0.7814546


1.417995
18.43059
18.42728
18.28186
0.1149236
18.45862
18.32066

9.537353

17.05639
18.19966	4.258342	10.60903
17.23931	9.890074
15.3915	18.41993
18.29699	14.51671
19.01518	11.29249	1.532282
18.46331	10.75381
17.21694	10.6475
18.44069	10.21371
17.99724	13.09448
18.44969	0.4119614
15.70581
17.85958
18.34565
18.43508
17.21786
17.98284	0.6039881
18.47348

18.13881

15.7488	9.806493
17.12265
18.4106	12.40124
6.849543	17.92235
18.17536
18.34584
17.2775
18.47808	9.764469
18.46071	16.83786
17.69597
18.46757	4.105601
17.25894
18.44755
17.23312
17.6541
3.450338

17.6814
18.37321
18.28606
18.28904	10.73283
16.78563	15.20502
18.18218	0.05811963


18.07202	10.14492

18.48495
17.15608
18.16709
8.68588
11.27049
17.2876
18.46741
17.3159
15.27761	18.4364
17.89541	8.743327
16.85351	11.50614	1.54749
18.43736
18.34245
18.08136
18.12645	10.42091




18.47396	16.14534
18.41004
15.69789
10.77852
18.40506	0.2154131
15.08766	18.07159
18.38815	13.98483
17.27684	11.95332
18.2927	11.45235
18.42086	8.423176	15.61524
18.12926	9.620723
18.41744	11.15047
18.1912	14.76709
17.75266
18.05062
17.94541
18.07783
18.67769
17.3575
17.1577


18.22397	9.166658
18.48238	11.66306	15.19721
17.05835	9.095749
18.17327
18.23485
18.45586
18.34875
18.17061
18.47381	9.012208
17.08851
18.22541
16.67563
17.93322
18.47461	18.3809
18.17549
18.40044	9.745086
18.36842
18.45872	11.63622
17.09718	14.83897
18.05381	11.27619
18.20737	8.909905
14.34776
17.31763
18.35745	14.55904
18.17415

14.89281	9.602987
9.770189	18.47849
16.5683	16.01753	8.773247
17.82175	10.14649

18.28806
18.46282	15.67943
