Iteration	posterior	NumSpeciation	numExtinction	numMassExtinctions 
100	-221.234556456359	6	2	1
200	-218.117398250933	6	3	1
300	-225.20025896744	5	5	1
400	-217.888269254307	5	2	2
500	-215.610061606846	4	3	2
600	-217.911970613436	5	3	1
700	-213.364522069281	4	2	3
800	-215.513402849952	2	2	3
900	-214.128333273285	3	1	3
1000	-218.559760215949	2	2	2
1100	-230.896067404119	7	3	3
1200	-215.669481852927	4	1	2
1300	-216.066141422034	4	3	3
1400	-211.352952795374	4	1	1
1500	-226.47122402165	7	4	2
1600	-227.438950664559	6	4	1
1700	-216.08384883744	4	6	2
1800	-214.493730604266	5	2	2
1900	-224.35092951419	6	1	1
2000	-217.315899578488	4	1	1
2100	-221.540123064897	5	6	1
2200	-217.056734546238	3	4	2
2300	-216.813605912771	2	4	1
2400	-223.616763425384	5	4	1
2500	-219.940712593022	4	3	2
2600	-227.216659147625	4	4	2
2700	-220.908185410525	5	3	1
2800	-223.647023040684	7	3	0
2900	-218.347697684765	5	5	1
3000	-217.735800786078	5	2	1
3100	-221.645409731251	6	5	1
3200	-219.747794913706	7	3	1
3300	-224.018097102262	7	5	0
3400	-216.712032503837	6	3	1
3500	-213.837787381692	4	3	0
3600	-215.514011336798	4	7	1
3700	-222.234334817901	4	2	1
3800	-217.68795200366	4	1	2
3900	-232.736925685853	8	2	2
4000	-223.290147034391	4	3	2
4100	-221.944071255808	4	5	3
4200	-223.501371143686	4	1	1
4300	-226.785843050018	7	5	1
4400	-232.494757069313	6	4	0
4500	-218.891529174033	4	2	1
4600	-216.819770700308	6	2	1
4700	-214.377410893172	3	2	2
4800	-217.228735676239	3	4	1
4900	-212.68056194841	2	4	2
5000	-216.509375997036	2	5	2
5100	-221.094617782688	2	4	2
5200	-216.435632158549	4	4	1
5300	-220.488472111377	5	2	1
5400	-221.137382170189	2	3	2
5500	-218.35800040341	2	2	3
5600	-215.560942696432	3	2	2
5700	-213.866963897662	2	3	2
5800	-210.475642834589	4	1	3
5900	-209.516844755207	3	3	2
6000	-214.553136222602	7	5	1
6100	-219.760691495962	7	3	1
6200	-216.684869114445	6	1	1
6300	-211.895578291217	5	3	1
6400	-216.332100748934	5	2	1
6500	-214.702626475025	5	2	1
6600	-220.720339715341	5	7	1
6700	-231.457459098189	7	3	1
6800	-227.157115118184	6	3	2
6900	-215.69940936538	3	3	1
7000	-224.4059898803	7	5	1
7100	-219.145406421167	6	3	1
7200	-212.426297518467	4	1	1
7300	-221.91682362687	6	3	3
7400	-211.230266921346	4	2	0
7500	-218.774842612889	4	4	1
7600	-212.198934220529	5	1	1
7700	-226.126807287383	5	3	2
7800	-209.650429865888	4	1	1
7900	-213.917379746293	6	3	2
8000	-235.682507195484	11	4	2
8100	-218.840513736223	6	2	1
8200	-217.852319919451	6	2	1
8300	-211.410955837621	4	5	2
8400	-216.456873269481	4	3	2
8500	-210.213611197471	4	2	2
8600	-217.08786142191	6	2	1
8700	-218.091100128939	6	4	2
8800	-207.580548271749	4	2	1
8900	-217.147550299389	5	2	1
9000	-217.160612539959	3	7	2
9100	-219.075761289477	3	2	3
9200	-210.061600741986	4	2	3
9300	-211.154217607373	3	5	3
9400	-223.596570061263	5	2	2
9500	-212.061596952995	3	1	2
9600	-217.341700711481	3	2	2
9700	-215.328324861451	3	3	2
9800	-215.348840108388	5	2	1
9900	-216.119848462393	6	4	1
10000	-216.058904589097	4	5	1
10100	-217.088093299847	5	3	2
10200	-219.791503600872	7	3	2
10300	-217.040971144378	7	2	1
10400	-215.449403828346	5	2	0
10500	-223.909577755987	6	3	0
10600	-212.782870014074	4	1	1
10700	-212.014193221155	5	1	1
10800	-225.142416339746	6	1	2
10900	-215.562156332085	6	3	1
11000	-213.545247443729	5	2	0
11100	-219.365931278174	5	2	0
11200	-216.972245194873	4	5	1
11300	-212.659453244088	4	2	1
11400	-209.823740822808	4	2	1
11500	-221.724857171865	5	4	2
11600	-215.798702572992	4	4	3
11700	-221.170887789995	6	5	1
11800	-213.327601886758	4	1	0
11900	-219.152132098877	5	1	0
12000	-220.607494863466	5	1	1
12100	-223.066192207016	2	3	1
12200	-213.472952689598	3	2	2
12300	-219.252455938129	5	2	1
12400	-216.892189189409	4	4	0
12500	-219.511836463162	6	2	0
12600	-220.929889833355	4	3	2
12700	-217.451488610709	3	4	1
12800	-216.585413654463	4	5	2
12900	-211.998745564494	5	2	2
13000	-225.607456780296	7	2	1
13100	-230.21929315986	5	5	1
13200	-214.418056131673	5	3	1
13300	-227.023475705271	5	4	1
13400	-221.526127244134	4	4	2
13500	-222.880922577117	7	3	0
13600	-211.603590656239	5	2	2
13700	-224.000323460084	8	1	0
13800	-212.976458466526	4	3	0
13900	-209.677680024125	4	5	0
14000	-223.799420792589	7	7	0
14100	-217.917536601911	5	3	0
14200	-217.259826214011	6	4	1
14300	-222.37440438934	8	3	0
14400	-221.928853170733	6	4	0
14500	-213.637864974454	5	1	0
14600	-223.208001133445	7	2	1
14700	-221.047902031966	7	5	0
14800	-218.053739625739	4	2	1
14900	-220.314158255726	6	5	0
15000	-210.894037360648	4	3	2
15100	-212.617202074934	3	3	1
15200	-212.261073206142	3	3	2
15300	-216.422093288585	4	3	1
15400	-215.677431842304	4	2	1
15500	-211.047795339277	3	3	2
15600	-211.346469926689	3	3	2
15700	-219.062994331503	4	1	2
15800	-219.485845367051	5	4	2
15900	-221.887148663668	4	4	1
16000	-221.959725797484	4	2	1
16100	-221.764533887955	5	4	2
16200	-213.624486328566	3	2	2
16300	-211.852282960267	2	5	2
16400	-215.556748467047	3	1	2
16500	-207.883277565124	4	3	2
16600	-215.253070319173	5	4	1
16700	-215.565835863419	6	1	1
16800	-217.66354644423	5	3	0
16900	-214.75492689378	3	3	0
17000	-217.687954443741	5	3	0
17100	-233.434030541603	8	3	1
17200	-228.952577360164	6	3	0
17300	-231.463275591701	8	4	2
17400	-227.510439298544	7	2	1
17500	-215.70633643003	3	2	3
17600	-215.829495615141	3	3	3
17700	-219.210507837883	3	4	2
17800	-225.452225259386	3	4	2
17900	-221.147129164804	3	1	1
18000	-214.403831735856	5	3	1
18100	-218.07739791092	5	5	2
18200	-214.046753125995	4	3	1
18300	-218.076843872459	6	3	2
18400	-214.041756616746	5	2	0
18500	-217.527971416246	4	1	2
18600	-220.054780628494	3	4	1
18700	-219.637713687215	3	1	1
18800	-220.424009854852	5	5	1
18900	-212.612870956828	4	2	1
19000	-219.845204491549	6	3	2
19100	-230.889397142682	2	4	0
19200	-219.291488546398	4	4	1
19300	-218.550340790297	3	3	1
19400	-229.328100429878	7	3	1
19500	-214.1013958196	4	3	2
19600	-212.060667722755	4	5	1
19700	-225.28868243481	4	3	1
19800	-216.081102984936	5	2	1
19900	-219.941633758414	6	5	1
20000	-219.225827957436	4	5	0
20100	-220.637600350664	7	2	2
20200	-222.359189440392	7	5	1
20300	-222.142198455196	5	2	2
20400	-212.152422970746	4	4	1
20500	-215.224353481606	4	3	1
20600	-211.587569652678	3	2	2
20700	-220.704348306499	3	7	2
20800	-212.134893566444	3	2	3
20900	-213.885623305191	3	3	2
21000	-209.229623781017	4	1	2
21100	-215.134919108158	3	5	2
21200	-217.040928817619	6	1	2
21300	-227.89699588217	7	3	2
21400	-211.304063176041	4	2	1
21500	-213.026457579228	4	2	1
21600	-222.053212830513	6	3	1
21700	-209.293513917815	3	4	2
21800	-224.007138164999	3	5	1
21900	-212.684388176251	3	1	2
22000	-213.522705618628	3	2	2
22100	-218.538995941228	5	1	0
22200	-219.227582643474	5	2	1
22300	-219.403474850809	6	2	1
22400	-212.314290856981	4	3	1
22500	-219.978620934564	6	3	1
22600	-217.430745098643	6	4	1
22700	-215.345514261086	5	2	0
22800	-219.723261384455	4	5	1
22900	-229.367915394736	6	2	1
23000	-218.614067267508	5	3	1
23100	-209.840194281611	3	2	2
23200	-217.500854423325	3	3	1
23300	-216.736804680795	5	2	1
23400	-220.94480530357	4	2	2
23500	-214.58561195267	4	1	2
23600	-218.925827497699	4	2	3
23700	-221.039543469145	4	4	2
23800	-216.48771053645	5	2	2
23900	-217.635800363248	6	1	1
24000	-219.583028939491	5	4	2
24100	-217.497154789607	4	2	1
24200	-221.278972154972	6	1	1
24300	-224.786296200903	7	6	0
24400	-215.906205417728	5	2	0
24500	-234.600095761948	6	4	1
24600	-220.255229988173	5	2	1
24700	-212.976190949549	4	2	2
24800	-219.971336702071	5	5	2
24900	-214.549618532621	4	3	2
25000	-211.580964660309	3	3	2
25100	-211.242534182293	3	1	2
25200	-212.233920075971	3	2	2
25300	-216.023675063742	3	5	3
25400	-217.321867584018	3	3	2
25500	-210.600746421848	3	3	2
25600	-209.902975092476	3	2	2
25700	-223.454808952795	5	4	1
25800	-225.63617503352	7	2	0
25900	-227.117483712472	4	4	0
26000	-222.169901006253	6	1	0
26100	-223.355374110243	7	1	1
26200	-212.194240408169	5	2	2
26300	-214.160074797644	4	2	1
26400	-215.119982763624	5	3	1
26500	-214.521655566833	4	2	2
26600	-214.855838359311	4	2	2
26700	-215.000557332196	5	2	2
26800	-224.902042552378	5	4	2
26900	-224.93813602203	9	1	0
27000	-219.982650910257	6	4	0
27100	-219.229796863751	4	4	3
27200	-206.280965628174	3	3	2
27300	-216.622593775407	4	1	2
27400	-217.261256763549	5	1	2
27500	-214.430317648053	5	2	1
27600	-219.795077311019	6	3	0
27700	-217.59567022658	5	5	1
27800	-216.6452899901	4	4	1
27900	-218.910364408236	6	2	2
28000	-216.606972320259	4	3	1
28100	-212.002078104793	4	4	1
28200	-215.389156665129	6	2	1
28300	-220.575394664647	7	4	1
28400	-218.086593098329	5	2	1
28500	-226.211810870025	8	2	1
28600	-209.887986193202	4	4	2
28700	-218.247389820787	6	3	2
28800	-212.391163876039	4	3	1
28900	-223.379773900279	6	4	0
29000	-215.799654717848	4	6	1
29100	-229.615984213849	8	7	1
29200	-216.558360862177	4	4	2
29300	-228.432912742689	6	2	1
29400	-213.763076159698	4	1	1
29500	-216.432186778507	4	2	0
29600	-212.543187477556	4	3	1
29700	-220.992440570383	5	2	1
29800	-210.711548767604	5	4	1
29900	-220.034578397196	4	5	2
30000	-222.285604426135	5	4	2
30100	-217.747111071468	5	1	0
30200	-225.768863528052	5	1	1
30300	-227.968811972877	5	4	0
30400	-221.709839965414	5	5	0
30500	-219.941213171414	6	3	1
30600	-216.795097045097	4	2	1
30700	-212.395795390853	4	1	0
30800	-224.536390820922	5	5	1
30900	-214.631901870425	6	2	1
31000	-226.111554698816	7	2	1
31100	-217.162213969252	6	2	0
31200	-225.487429638228	4	6	2
31300	-218.95187553065	5	3	1
31400	-216.575537978786	5	4	1
31500	-219.078177819377	4	3	2
31600	-223.641143932584	7	2	1
31700	-215.689460000998	5	3	1
31800	-222.351393910137	5	6	1
31900	-223.806286885721	3	1	2
32000	-210.119028422166	3	3	2
32100	-206.007912128271	3	4	2
32200	-216.75853904207	4	4	2
32300	-213.001233261882	4	5	2
32400	-217.356746049969	5	2	2
32500	-216.770779236293	5	2	1
32600	-213.398805691185	4	1	2
32700	-225.232179585304	6	4	1
32800	-224.886311669249	4	5	2
32900	-222.310752155957	4	2	2
33000	-223.630322153468	5	2	1
33100	-217.335245015037	4	2	0
33200	-217.233968303888	3	3	0
33300	-224.282668648598	6	1	2
33400	-220.476835921926	6	2	1
33500	-222.58922695193	5	2	1
33600	-219.747004709739	4	5	1
33700	-215.254141115392	4	1	1
33800	-217.068554469968	5	2	1
33900	-224.793115192872	6	4	2
34000	-221.676967866858	4	1	1
34100	-227.731437616119	4	2	2
34200	-217.008563331392	4	2	2
34300	-221.844626769519	6	3	1
34400	-221.495578114629	6	3	1
34500	-218.239262778794	5	3	0
34600	-217.005189081839	5	3	1
34700	-216.020756078082	4	2	0
34800	-214.888125519831	4	4	1
34900	-226.441243695553	7	2	2
35000	-213.330279127746	4	4	1
35100	-210.72461057661	6	4	1
35200	-214.544084097286	7	2	1
35300	-211.116054818593	5	1	1
35400	-216.962965400676	6	3	1
35500	-216.061681655711	4	5	1
35600	-216.085720900758	4	4	1
35700	-211.614150128685	4	3	1
35800	-216.632909240437	6	1	1
35900	-207.71523935171	4	5	1
36000	-216.313133772945	6	1	1
36100	-217.023473411192	5	2	1
36200	-212.066317034282	5	2	2
36300	-227.46046846684	8	2	2
36400	-220.273174915242	5	2	0
36500	-214.985140035959	4	5	1
36600	-221.301506558027	6	4	1
36700	-215.982138555274	6	4	1
36800	-218.937941748766	7	3	1
36900	-217.923419023981	5	3	1
37000	-212.670911064255	3	2	2
37100	-225.117679956258	6	3	2
37200	-222.089208676083	5	5	2
37300	-216.997490120425	4	4	2
37400	-217.155369922546	6	5	2
37500	-208.439662130894	4	2	1
37600	-216.226540966499	4	1	1
37700	-224.036387051532	5	2	1
37800	-217.704138353631	6	3	1
37900	-215.406049787173	5	3	0
38000	-222.354284772647	7	1	2
38100	-212.650873237752	5	2	1
38200	-221.453288783279	6	2	1
38300	-214.761740353441	6	2	1
38400	-209.948917870023	5	4	1
38500	-213.74676232403	5	1	1
38600	-219.860186663789	5	2	2
38700	-221.759517483023	7	6	1
38800	-225.511014350904	7	1	1
38900	-215.869487443048	3	2	2
39000	-212.924670303497	3	3	3
39100	-212.946701502968	3	2	3
39200	-218.732418490425	3	4	1
39300	-214.215923950878	3	5	3
39400	-213.43893084385	4	3	2
39500	-214.632155879378	5	3	2
39600	-221.343009922406	6	3	1
39700	-220.595678878195	5	6	1
39800	-215.788731827372	5	4	1
39900	-223.710643503476	6	3	1
40000	-233.966744687185	5	5	1
40100	-213.1268050924	5	2	2
40200	-218.576303138192	3	5	2
40300	-235.824343441969	4	8	1
40400	-221.468549498123	4	2	1
40500	-218.068234605415	4	2	1
40600	-225.900499051287	6	3	2
40700	-224.965516035897	5	5	1
40800	-213.405211570108	4	2	1
40900	-220.039985784444	5	4	1
41000	-214.294078342846	4	3	1
41100	-214.274724560861	4	1	1
41200	-225.741158532646	5	3	1
41300	-229.698597536489	7	2	1
41400	-222.652902540528	5	2	0
41500	-218.161260061013	6	2	1
41600	-217.156233730083	6	3	1
41700	-211.804016356221	4	3	1
41800	-217.538189523695	4	4	2
41900	-224.709178972322	7	4	1
42000	-219.681876292852	6	4	1
42100	-223.941861251521	5	1	1
42200	-217.74783017243	3	1	2
42300	-212.178731594779	2	1	2
42400	-213.952157185852	4	3	2
42500	-214.048620688431	5	2	1
42600	-216.690205292295	4	1	1
42700	-219.993694118595	3	6	0
42800	-222.48747658798	6	2	1
42900	-216.195445279995	4	3	1
43000	-216.046983539924	3	1	1
43100	-229.21648200344	3	5	2
43200	-227.404735641204	3	2	1
43300	-212.148974120375	2	2	2
43400	-219.483168832515	4	3	0
43500	-232.568228285612	8	5	1
43600	-212.088238039653	5	1	1
43700	-219.347974588575	4	2	1
43800	-216.286591159001	5	2	1
43900	-215.572986154057	5	3	2
44000	-217.184474013451	5	1	2
44100	-217.965506551667	5	2	2
44200	-220.312592320968	4	4	2
44300	-217.26954852575	3	4	1
44400	-214.130039192836	2	1	2
44500	-219.921228617483	4	3	3
44600	-231.631617703204	5	6	1
44700	-219.531284111537	5	1	0
44800	-230.434705383623	6	4	1
44900	-221.15725075084	5	3	1
45000	-213.513525291821	3	2	1
45100	-219.127569277297	2	3	2
45200	-221.384125973309	2	5	2
45300	-217.349455512355	3	2	2
45400	-222.253469508976	3	6	2
45500	-229.268687789641	3	3	1
45600	-219.320494141941	4	5	2
45700	-209.497776023699	4	5	1
45800	-211.459980522615	4	6	2
45900	-221.745109269943	7	3	1
46000	-219.552689305912	6	3	0
46100	-217.717753986721	6	1	0
46200	-226.570666232845	7	3	1
46300	-223.4094295175	7	4	1
46400	-225.704747678387	3	4	2
46500	-219.751078434468	3	3	2
46600	-217.920819897394	3	2	1
46700	-220.717259518962	5	2	0
46800	-223.197106012789	4	4	0
46900	-211.556339192308	5	2	2
47000	-224.24242465067	7	4	1
47100	-216.777359159564	4	3	1
47200	-219.785220997068	6	5	1
47300	-215.791794516572	5	3	1
47400	-227.968928827779	8	1	0
47500	-221.811851385144	6	3	2
47600	-207.11946922454	4	2	1
47700	-210.551268754665	4	3	1
47800	-214.339470266644	4	2	1
47900	-215.520899922152	6	2	1
48000	-216.117972398159	5	3	1
48100	-210.73775793045	4	4	1
48200	-224.167009874162	4	6	0
48300	-222.559999825927	8	2	1
48400	-209.766587280447	3	3	2
48500	-212.951520526235	3	2	1
48600	-219.29138407433	4	1	1
48700	-217.091738109767	6	6	1
48800	-214.242409296669	5	4	1
48900	-222.194688572681	8	3	1
49000	-218.556186824321	6	6	0
49100	-217.788528124025	6	2	0
49200	-220.295929718517	6	2	1
49300	-220.859374360286	6	4	2
49400	-218.807634754734	5	3	2
49500	-215.287504353003	4	7	1
49600	-218.952139936561	7	3	1
49700	-211.305501638785	4	2	3
49800	-218.85011061575	4	5	1
49900	-221.386747094023	7	4	1
50000	-222.579047754706	7	4	1
50100	-209.848836764828	4	5	1
50200	-216.533630538525	5	2	1
50300	-222.195710438666	6	2	1
50400	-215.868285384277	4	2	1
50500	-214.762312930745	4	1	1
50600	-222.231473758339	6	3	0
50700	-228.164312215479	7	2	2
50800	-211.964649602601	5	4	1
50900	-217.99196896082	5	1	2
51000	-219.535705751328	6	2	2
51100	-210.405751622516	4	3	1
51200	-211.463947625249	5	4	1
51300	-213.415039225143	4	6	2
51400	-213.42098100231	4	5	1
51500	-218.396439033356	4	4	1
51600	-221.353824655155	6	6	2
51700	-220.709448083136	5	2	1
51800	-230.841037508604	6	6	3
51900	-223.62853582806	8	3	1
52000	-217.237744892544	4	1	0
52100	-222.136939396692	6	3	1
52200	-216.473916966506	5	1	1
52300	-218.002105805334	6	4	1
52400	-212.077382052429	4	4	1
52500	-218.426056726981	4	4	1
52600	-222.696232136114	6	5	0
52700	-219.695251999056	5	3	0
52800	-220.865103231197	8	2	1
52900	-220.859820988014	7	1	1
53000	-236.756929191872	9	4	1
53100	-223.708838579341	7	2	2
53200	-211.656892410783	4	3	1
53300	-216.093253615963	3	5	2
53400	-211.442680510194	3	3	2
53500	-222.015332993	4	4	2
53600	-216.638584456136	5	2	2
53700	-215.327851577457	6	1	1
53800	-225.31665150873	5	3	1
53900	-213.558272803613	4	2	0
54000	-218.886090035823	7	6	1
54100	-208.19092003117	3	4	2
54200	-208.359278487181	3	2	2
54300	-209.92011703492	3	2	2
54400	-213.247690564005	3	3	2
54500	-212.91610919822	3	3	3
54600	-215.04552446181	4	1	2
54700	-222.098347601573	3	6	2
54800	-222.128542216529	5	5	2
54900	-221.334167686826	5	2	2
55000	-224.960297777796	7	2	1
55100	-221.833544333874	6	4	1
55200	-221.815160651949	4	2	1
55300	-220.045354791139	5	2	2
55400	-218.610850291775	6	4	2
55500	-235.351632059562	10	2	0
55600	-235.871214602558	10	2	0
55700	-235.993779658803	8	3	1
55800	-218.350415107982	4	2	1
55900	-220.006492509227	4	3	1
56000	-220.435879113207	4	5	1
56100	-215.71660603819	4	1	1
56200	-224.2347795617	6	2	2
56300	-219.643799019282	5	4	1
56400	-218.884123645454	5	3	1
56500	-217.955896870407	6	3	1
56600	-206.443213732695	3	3	2
56700	-224.20747911459	6	2	1
56800	-225.938808495782	8	2	1
56900	-225.898108435012	8	2	2
57000	-214.122795271697	5	3	0
57100	-215.448004370759	5	1	1
57200	-215.380890864106	4	4	1
57300	-219.923895838986	5	2	1
57400	-221.090050006331	6	3	0
57500	-223.041928071679	5	6	2
57600	-214.100059056429	5	3	1
57700	-223.147564627837	7	4	1
57800	-215.593807832733	4	1	2
57900	-228.741919806074	7	5	1
58000	-221.367047602907	5	3	1
58100	-212.090902442014	4	2	2
58200	-212.215332202168	4	3	3
58300	-210.255219848706	3	3	2
58400	-213.411074575273	5	4	1
58500	-212.97021764714	5	1	1
58600	-218.137062191571	6	6	1
58700	-220.195817961752	5	3	3
58800	-218.748598281208	5	5	2
58900	-207.69537178733	4	3	1
59000	-221.470779528151	6	3	1
59100	-219.711590536454	5	3	1
59200	-213.455302789224	6	1	1
59300	-209.791301276225	4	2	3
59400	-221.648952166878	4	2	3
59500	-213.012046221623	4	2	1
59600	-217.809595955076	4	3	1
59700	-223.874735240864	7	1	1
59800	-214.684461186931	5	2	2
59900	-212.990403405092	3	3	3
60000	-216.424457661269	3	6	1
60100	-217.001959941867	4	8	2
60200	-217.138876521168	3	2	2
60300	-219.976007959019	2	2	2
60400	-215.111972994957	2	2	2
60500	-219.303087733072	4	4	3
60600	-218.754165047952	3	3	2
60700	-218.338391315864	6	2	1
60800	-224.097893520306	5	3	2
60900	-233.85051141749	6	6	1
61000	-216.281455823503	4	6	1
61100	-228.675514822413	6	5	0
61200	-219.059060602159	5	3	1
61300	-212.714184512943	4	2	1
61400	-220.876778038377	5	2	1
61500	-229.267910968428	7	2	1
61600	-216.299654805631	4	3	1
61700	-223.988086480945	4	5	2
61800	-215.589393643266	4	6	1
61900	-214.923237148958	4	3	1
62000	-227.566225043811	7	2	1
62100	-219.816692795625	5	2	1
62200	-228.29182251648	5	1	2
62300	-230.792628787754	6	3	1
62400	-221.150390593188	5	7	2
62500	-215.215910720459	3	3	2
62600	-216.528251888073	3	3	3
62700	-214.427210454741	3	4	2
62800	-234.826125023417	6	5	2
62900	-217.217800753487	5	4	1
63000	-231.712721030532	6	4	1
63100	-216.900996315268	2	4	2
63200	-215.780428193372	3	4	2
63300	-223.636397867359	5	6	1
63400	-216.688307741693	4	5	1
63500	-216.760622865052	6	2	1
63600	-208.904891609644	4	3	1
63700	-210.281932992216	4	2	1
63800	-214.614445460844	5	2	1
63900	-214.777321873957	6	2	1
64000	-212.248109624714	5	1	0
64100	-207.867533621988	4	3	1
64200	-210.683737762915	5	2	1
64300	-213.746720288836	4	3	0
64400	-219.357610058773	7	3	1
64500	-221.984712659659	7	4	2
64600	-225.842234466686	5	5	2
64700	-220.440952134868	7	2	0
64800	-216.14847798448	4	5	0
64900	-219.377472377736	6	5	1
65000	-230.26667145999	10	3	1
65100	-220.162496357704	7	1	1
65200	-229.055797801938	7	4	2
65300	-227.116236284588	6	4	1
65400	-208.85631125217	4	2	1
65500	-219.507273670931	5	2	2
65600	-222.74725787562	6	2	1
65700	-213.782646110765	3	4	1
65800	-226.929985000617	3	3	2
65900	-217.132685005415	4	1	2
66000	-217.841671080317	3	3	2
66100	-224.759390410477	4	4	2
66200	-216.016676729153	5	2	1
66300	-217.742948139261	6	1	1
66400	-217.814627081027	3	3	2
66500	-212.991012593604	3	3	2
66600	-210.600046427842	3	4	2
66700	-215.195347768301	4	4	2
66800	-211.762783390356	4	2	2
66900	-217.582448918954	4	3	3
67000	-210.603025413371	4	1	2
67100	-218.283798258554	5	2	1
67200	-215.67491287325	4	4	1
67300	-211.700842529603	5	2	0
67400	-220.736229207844	6	3	0
67500	-212.13449204944	4	4	0
67600	-211.145097115789	4	4	0
67700	-215.375813149734	5	2	2
67800	-216.104847354867	6	3	0
67900	-210.951134872732	5	3	1
68000	-222.67630860419	4	1	1
68100	-217.968063070061	3	1	2
68200	-216.890043725042	3	3	1
68300	-220.505997591742	3	1	1
68400	-218.116280706295	4	2	1
68500	-228.643720447544	8	4	1
68600	-218.904790565204	4	1	0
68700	-222.987119842774	5	1	0
68800	-213.040317375949	5	3	1
68900	-228.9356766852	6	1	2
69000	-229.754927534305	5	6	1
69100	-216.991061321938	3	1	2
69200	-214.835185932903	2	2	2
69300	-213.014034754036	3	4	1
69400	-225.750223572888	7	2	1
69500	-219.972952903317	4	6	0
69600	-217.349239495304	4	4	1
69700	-215.785707146891	4	4	1
69800	-223.703827740226	4	4	1
69900	-224.667287969367	6	5	1
70000	-216.612843620451	3	2	1
70100	-228.807159927324	6	4	0
70200	-221.777725775692	7	3	1
70300	-216.537584138588	3	2	2
70400	-222.262574042519	3	5	2
70500	-228.040149236837	5	4	2
70600	-219.801833637393	6	5	2
70700	-222.051891205542	4	4	1
70800	-215.42774374285	5	4	1
70900	-218.750652992419	6	2	2
71000	-219.920887453152	4	3	2
71100	-212.579629389679	4	3	3
71200	-216.235555959328	5	3	2
71300	-211.616181590254	4	3	2
71400	-216.782073300442	6	3	1
71500	-229.315888354859	5	8	1
71600	-223.79586182747	7	2	3
71700	-218.102198431324	5	1	2
71800	-217.964348760259	7	1	1
71900	-218.794477499951	6	3	1
72000	-208.084109334925	5	3	1
72100	-214.791784426611	6	4	1
72200	-220.581798844092	8	3	1
72300	-216.919269813445	4	1	3
72400	-219.826694667374	3	4	1
72500	-211.785646188277	3	3	1
72600	-220.98227480481	4	6	1
72700	-216.159903010567	6	3	2
72800	-218.403209100547	7	1	1
72900	-219.517299396113	5	1	1
73000	-215.085782852423	4	5	1
73100	-223.88999800171	8	5	1
73200	-215.271091410359	5	3	1
73300	-215.939823615062	5	6	1
73400	-222.824236314899	6	5	1
73500	-213.205993664628	4	1	3
73600	-214.721325683055	4	2	2
73700	-224.456425575687	4	2	4
73800	-223.235112064847	6	2	2
73900	-228.164169732521	8	2	0
74000	-224.88355934015	6	5	0
74100	-218.699904753508	6	2	0
74200	-210.876635508112	4	4	0
74300	-214.812240093225	4	3	0
74400	-210.350880316358	4	3	0
74500	-227.389581852597	7	5	0
74600	-221.151036703988	5	2	0
74700	-227.000281728891	4	5	0
74800	-216.43542936971	3	1	1
74900	-217.667640770697	3	1	1
75000	-219.77941372175	6	2	1
75100	-214.060060918687	4	5	1
75200	-231.809049883156	6	2	1
75300	-221.332623279025	5	3	1
75400	-221.658781228687	4	1	2
75500	-219.446801117456	5	5	1
75600	-219.331800033848	4	1	2
75700	-223.830787665294	5	3	0
75800	-217.808865844	4	1	1
75900	-228.693828214751	6	1	1
76000	-217.825125201451	4	2	2
76100	-216.746754557945	2	4	3
76200	-217.002788050086	3	2	3
76300	-214.6431648291	2	2	2
76400	-216.383099258308	3	3	1
76500	-215.062697801515	3	3	0
76600	-218.004569128982	5	2	0
76700	-221.675134967606	6	3	2
76800	-221.465098582919	6	4	0
76900	-224.003011158879	5	4	1
77000	-215.882407040293	4	3	1
77100	-223.798410900078	5	3	0
77200	-220.646725395612	3	3	2
77300	-219.175977201514	4	3	1
77400	-220.686438578692	4	1	1
77500	-220.624899610496	5	4	2
77600	-228.774919063099	5	3	2
77700	-220.34330919244	4	3	2
77800	-219.274594195247	3	4	2
77900	-226.79110485914	7	1	1
78000	-221.522616142558	6	2	1
78100	-212.735842542249	4	3	1
78200	-216.966755496213	5	2	2
78300	-218.70731682024	4	3	2
78400	-219.913878205907	4	3	2
78500	-215.306664188725	5	5	2
78600	-216.143337869814	6	3	2
78700	-215.293880703337	4	1	2
78800	-219.28245780172	4	5	2
78900	-223.139490079961	6	1	1
79000	-212.673745603846	3	1	2
79100	-212.318192538762	3	2	2
79200	-206.413004736818	3	2	2
79300	-212.848621313843	3	3	3
79400	-213.965929134293	3	2	3
79500	-211.452804742848	4	6	2
79600	-220.410049133557	5	3	2
79700	-224.079076976346	7	4	0
79800	-218.799894889957	5	3	1
79900	-222.581542194158	7	2	0
80000	-219.71852490398	6	3	0
80100	-216.851879728917	5	2	1
80200	-224.135731648751	7	1	2
80300	-218.639033501455	6	4	1
80400	-211.516654508047	4	5	1
80500	-226.055247871331	3	5	3
80600	-220.391527963131	5	2	1
80700	-216.640970771109	4	2	1
80800	-219.622928904339	4	5	1
80900	-218.549618155004	4	2	2
81000	-218.438879858468	5	4	2
81100	-218.57402167971	5	4	2
81200	-218.358054648158	6	4	0
81300	-224.96875806821	5	4	2
81400	-212.96122435021	5	1	0
81500	-219.880476820439	6	2	0
81600	-214.513005962927	5	2	1
81700	-220.993735767674	6	1	0
81800	-219.518235199058	7	4	0
81900	-228.548298008416	8	3	1
82000	-225.350419168687	5	3	1
82100	-219.227504604338	4	3	1
82200	-225.009035068094	5	3	1
82300	-219.001836059315	5	2	1
82400	-224.048492141154	5	1	2
82500	-221.861976513529	3	3	1
82600	-228.14525417729	4	5	2
82700	-213.946063576576	3	2	2
82800	-221.149750913173	5	1	2
82900	-217.523218102433	3	2	0
83000	-216.633942686439	4	3	1
83100	-222.548525137542	7	4	1
83200	-219.530408212068	6	5	2
83300	-220.454293161829	4	3	1
83400	-223.949969753902	5	2	1
83500	-212.388578820663	4	4	1
83600	-227.939069272161	6	1	2
83700	-218.898429554794	2	4	2
83800	-212.076031201144	2	3	2
83900	-212.192670674922	4	2	1
84000	-214.95034225081	5	2	1
84100	-221.295070393904	3	5	2
84200	-212.506524506173	5	2	1
84300	-217.311854947964	6	2	1
84400	-214.183866723736	3	1	2
84500	-216.848142177746	3	3	2
84600	-207.199635149094	3	4	2
84700	-212.10995913915	4	1	2
84800	-212.27651694481	3	4	2
84900	-218.448984757745	3	1	2
85000	-215.903963440247	4	1	2
85100	-227.838711479399	5	3	2
85200	-224.435091778856	6	1	1
85300	-225.561622676326	8	2	1
85400	-228.432369343267	7	2	1
85500	-220.340798995316	6	2	0
85600	-223.578694019547	6	4	2
85700	-215.389765208814	5	3	1
85800	-225.534477339872	7	5	0
85900	-219.429288084778	5	2	1
86000	-229.708206642818	9	2	1
86100	-217.793672631791	5	3	1
86200	-218.625289865335	4	1	2
86300	-216.169308842813	3	3	2
86400	-216.213907755477	4	1	3
86500	-223.271688545794	5	6	2
86600	-217.469627238865	5	5	1
86700	-213.130321161635	5	1	1
86800	-216.369878016593	4	3	1
86900	-217.663749667002	6	1	0
87000	-220.604339463403	8	5	1
87100	-218.817059985504	6	2	1
87200	-219.938706869119	5	1	1
87300	-213.71788102922	3	4	1
87400	-216.330558141477	2	2	2
87500	-227.196648374871	5	4	2
87600	-218.947434045382	4	3	2
87700	-226.074262712732	5	4	2
87800	-216.520448890864	3	5	2
87900	-217.905210559951	3	2	2
88000	-224.053780980957	6	1	0
88100	-216.858597070769	5	2	0
88200	-218.569958078034	4	2	1
88300	-224.022382470122	7	3	1
88400	-232.142588590274	10	3	1
88500	-218.922545306569	5	5	0
88600	-224.765449746119	4	5	2
88700	-213.926654191255	4	2	1
88800	-215.398565871578	5	4	0
88900	-232.9392019134	9	3	1
89000	-218.403320875816	6	2	2
89100	-216.963782589168	4	2	1
89200	-222.764549003317	5	2	1
89300	-214.665061135793	2	3	3
89400	-215.166151159735	4	3	1
89500	-218.960154893783	2	4	2
89600	-220.459501642712	4	4	2
89700	-215.480478784944	3	4	3
89800	-222.447453172169	5	3	1
89900	-207.059333035346	3	3	2
90000	-213.530239067342	3	2	3
90100	-214.129303384797	3	1	3
90200	-207.926941087807	3	4	3
90300	-210.108760131841	3	3	2
90400	-211.702170830385	4	2	2
90500	-222.974039980621	7	2	1
90600	-223.498863986179	6	5	1
90700	-213.977833307512	4	4	1
90800	-219.840181063744	6	4	1
90900	-215.945259141015	5	2	2
91000	-221.429427929247	5	5	2
91100	-246.05354453677	11	3	1
91200	-223.60574152095	6	2	1
91300	-215.776484629843	5	2	1
91400	-222.4951903363	4	3	1
91500	-221.817482943449	5	3	1
91600	-213.12790434285	4	3	1
91700	-217.772749817121	4	5	1
91800	-220.221524542778	5	4	0
91900	-226.854890836834	8	5	2
92000	-218.341759963693	5	2	2
92100	-215.266703913966	4	2	1
92200	-215.648088574223	5	1	1
92300	-221.05978724964	8	3	2
92400	-225.10318864868	6	3	0
92500	-218.16923801491	6	2	0
92600	-227.948672226035	7	4	1
92700	-224.524244136709	5	7	0
92800	-211.850262981717	3	1	2
92900	-210.90132621309	3	1	2
93000	-213.158973349138	5	4	1
93100	-216.16700471928	5	3	1
93200	-217.008104472764	5	4	1
93300	-221.885188990421	6	4	1
93400	-209.589424895236	4	2	2
93500	-215.852183742205	4	3	3
93600	-213.216711161065	4	1	1
93700	-212.310196668919	5	3	1
93800	-212.218482145334	3	5	2
93900	-206.543502900016	3	3	3
94000	-218.156877945233	4	2	3
94100	-217.331042188828	5	4	2
94200	-216.912112810462	3	1	1
94300	-214.308884456754	5	4	2
94400	-219.230918667313	5	1	2
94500	-216.03677909442	5	2	2
94600	-216.463595292379	6	2	1
94700	-221.567491605662	5	5	1
94800	-222.384165458021	7	3	1
94900	-209.390626971473	5	3	0
95000	-213.12885299362	6	3	0
95100	-216.62929782888	5	2	0
95200	-219.283762202867	6	1	1
95300	-218.901347690172	4	1	1
95400	-218.075058867068	5	2	0
95500	-214.468974332114	5	2	1
95600	-215.419264709256	5	1	0
95700	-210.265812216404	4	4	2
95800	-218.672570072967	6	7	1
95900	-214.570447905166	5	2	1
96000	-228.427088814397	9	2	0
96100	-226.201062008688	7	2	0
96200	-218.924901967141	3	1	2
96300	-218.305202600278	3	4	1
96400	-216.210983333246	3	3	2
96500	-226.147040475782	5	4	1
96600	-221.058528372261	2	3	1
96700	-207.204392221209	3	3	2
96800	-210.123695974323	3	2	3
96900	-219.177299029496	6	6	1
97000	-233.995233549277	7	3	0
97100	-221.647144864581	6	4	1
97200	-220.777762757317	6	2	1
97300	-220.582872014083	5	5	1
97400	-218.323975019843	6	2	1
97500	-234.003050729019	7	4	1
97600	-220.830898234593	5	3	0
97700	-222.95760249941	6	4	1
97800	-214.429290069013	4	3	1
97900	-213.376495544965	5	2	1
98000	-233.4630564734	6	5	3
98100	-219.643839333275	4	4	2
98200	-223.384547251199	5	2	2
98300	-214.207220333657	3	2	1
98400	-225.464545528743	5	4	2
98500	-221.072382604878	3	4	1
98600	-216.280476551485	3	1	2
98700	-225.064292046484	4	3	3
98800	-220.331256237313	4	2	3
98900	-217.352249923966	4	6	2
99000	-224.136656583749	2	3	3
99100	-219.055524320727	3	5	3
99200	-214.55344483831	4	5	2
99300	-216.722695230002	2	5	2
99400	-219.535546840054	4	4	1
99500	-215.856250379358	2	3	2
99600	-221.369970881394	3	1	3
99700	-215.997345323989	3	6	2
99800	-222.50781031194	6	5	1
99900	-219.323368775707	5	2	1
1e+05	-217.795048267351	4	2	1
100100	-217.116550997746	5	1	2
100200	-225.00256480075	7	5	1
100300	-214.789747247248	5	4	2
100400	-213.212301254464	5	2	1
100500	-218.865815538764	4	4	2
100600	-213.843515147848	4	1	1
100700	-218.289970182342	5	2	0
100800	-217.568140892538	5	2	0
100900	-216.907401628524	7	2	1
101000	-220.222747795657	5	2	1
101100	-224.138778323791	6	8	0
101200	-217.268377385073	6	1	1
101300	-224.430152057589	6	6	1
101400	-223.504984355966	5	4	1
101500	-210.941289186942	4	2	1
101600	-212.275495688282	4	1	1
101700	-219.354717958586	5	3	1
101800	-212.310328544937	5	3	1
101900	-217.04212670277	5	2	0
102000	-226.834985095719	7	1	1
102100	-223.50792077043	5	4	1
102200	-217.748961965202	6	1	0
102300	-220.714041394807	6	3	1
102400	-214.238628475897	4	4	1
102500	-217.187733418067	6	1	1
102600	-219.361116916468	5	3	1
102700	-212.284592437212	5	2	2
102800	-214.893463640897	5	3	0
102900	-217.489706052366	4	4	0
103000	-216.391340840672	5	4	1
103100	-210.01861477857	4	1	1
103200	-219.596440344952	6	4	0
103300	-214.667177488365	5	5	0
103400	-212.741018635131	5	3	1
103500	-222.816689069501	6	2	0
103600	-221.753281221379	4	3	2
103700	-211.248365918499	4	4	1
103800	-214.47564045712	4	3	1
103900	-217.444003168328	3	4	2
104000	-214.091805787697	3	1	3
104100	-210.880806822328	3	3	2
104200	-212.265847436007	3	3	1
104300	-223.033421243698	7	1	1
104400	-221.801857382376	4	3	1
104500	-216.856555842195	4	4	2
104600	-219.193219470596	6	2	2
104700	-217.688655006219	5	2	3
104800	-215.287428058788	5	1	1
104900	-211.141832343099	4	1	0
105000	-218.610081761402	6	1	1
105100	-225.137723290125	8	3	1
105200	-222.374221079942	5	2	2
105300	-215.023460392398	5	4	1
105400	-216.301055240902	6	3	2
105500	-216.417329784168	3	3	1
105600	-221.260474055713	3	4	1
105700	-217.080412651441	3	1	1
105800	-219.28834510098	3	2	2
105900	-226.922707310917	5	3	0
106000	-218.183351923877	3	5	0
106100	-224.714915034621	6	2	0
106200	-216.168343355799	5	3	0
106300	-238.843740831137	9	7	1
106400	-219.430529689779	7	5	1
106500	-225.283819532556	7	4	1
106600	-221.568483324561	7	2	1
106700	-218.114220936165	5	2	1
106800	-226.05385589204	5	4	1
106900	-215.685862972023	5	2	2
107000	-211.281990103225	4	3	1
107100	-208.086020839316	4	2	2
107200	-207.598850269121	3	2	2
107300	-212.609568696854	4	5	2
107400	-223.24401341655	4	1	3
107500	-209.210897338904	4	1	0
107600	-212.60452934982	4	3	0
107700	-212.534220432141	5	2	1
107800	-218.810570008702	5	1	1
107900	-212.341187690571	5	3	1
108000	-218.086956407057	4	2	2
108100	-214.294433123421	4	3	1
108200	-237.929976244802	9	3	0
108300	-222.339850096063	6	3	0
108400	-221.197160030084	6	1	1
108500	-214.445253713067	5	5	1
108600	-213.682196745772	4	1	0
108700	-216.375316439716	6	3	1
108800	-214.095829581894	5	1	1
108900	-214.09188059608	5	3	1
109000	-216.707299201599	4	1	3
109100	-227.581774719171	9	1	1
109200	-216.804170253775	5	2	2
109300	-212.421318345629	4	2	1
109400	-217.453837943124	5	1	1
109500	-217.36755856089	6	2	1
109600	-213.69312672818	5	3	1
109700	-216.385092100753	5	2	1
109800	-220.619741280801	6	1	2
109900	-215.276596477936	5	3	1
110000	-232.882932106259	5	4	2
110100	-211.885018202025	3	3	1
110200	-224.03645151071	4	4	2
110300	-218.504125445441	3	3	2
110400	-217.559697321323	2	2	2
110500	-221.818877796185	5	2	2
110600	-220.798239788364	5	2	1
110700	-218.897005932112	6	1	0
110800	-226.049483707626	9	2	1
110900	-216.783804269994	4	1	0
111000	-219.299527645068	6	1	0
111100	-218.928436720715	6	2	0
111200	-218.430426053866	6	3	1
111300	-215.926197541554	5	2	2
111400	-215.435376706078	5	2	1
111500	-222.865256262632	5	3	1
111600	-222.698384671806	2	6	2
111700	-226.874914042956	7	3	2
111800	-214.972866303232	5	4	1
111900	-214.614944025754	5	4	1
112000	-221.419814941114	6	4	1
112100	-216.824266115425	5	1	2
112200	-214.699135076623	3	5	2
112300	-214.203507852985	3	4	2
112400	-210.76344358864	4	2	2
112500	-220.024652952151	7	3	1
112600	-212.784458825008	5	4	1
112700	-217.957850009281	5	2	2
112800	-219.370093277751	6	3	2
112900	-226.22201132728	5	3	1
113000	-216.880386603259	5	1	1
113100	-220.346264216299	7	3	0
113200	-224.972721510043	5	6	0
113300	-222.808936605868	4	2	1
113400	-220.71833024404	4	1	1
113500	-226.923127791394	6	2	1
113600	-233.075186626644	3	7	1
113700	-211.066406931971	2	2	2
113800	-216.560877371031	5	2	1
113900	-220.194024196652	7	4	1
114000	-235.826341455384	8	3	0
114100	-218.714038542485	7	3	1
114200	-215.510542611542	6	3	1
114300	-214.472219327551	4	4	2
114400	-215.160035621372	4	4	2
114500	-212.166597109476	5	5	1
114600	-227.401429730917	5	5	1
114700	-218.005197756708	6	4	1
114800	-216.349006021163	4	4	1
114900	-216.877071709072	4	4	2
115000	-222.31282728201	6	4	2
115100	-218.901543899795	4	4	3
115200	-217.616489922326	5	1	2
115300	-223.859545052621	3	2	2
115400	-217.106306894703	6	3	2
115500	-227.076665947937	6	4	1
115600	-225.125891138848	6	1	2
115700	-232.81383524013	8	7	0
115800	-244.112799589712	10	2	0
115900	-222.67522377316	6	5	1
116000	-217.080380774376	6	4	1
116100	-217.141140333582	6	3	1
116200	-222.588992141866	9	3	1
116300	-224.104735110206	6	1	1
116400	-221.878049094154	4	3	1
116500	-220.160479941169	7	2	1
116600	-229.706263358538	6	4	0
116700	-221.504180534068	6	4	1
116800	-219.394296322656	5	5	0
116900	-220.095692001506	5	4	1
117000	-216.234131322232	4	4	3
117100	-212.917038875407	3	2	2
117200	-212.703046324476	3	5	2
117300	-216.498726230874	5	2	2
117400	-225.767619450701	4	5	3
117500	-212.858880142957	3	3	2
117600	-214.314659065569	4	2	2
117700	-217.137243317915	3	4	2
117800	-210.58269497545	3	5	2
117900	-225.341168920287	3	2	2
118000	-222.839703327358	6	4	1
118100	-221.08309666722	5	2	1
118200	-209.992504427349	4	3	1
118300	-220.636189846263	6	1	1
118400	-223.066388465574	5	4	1
118500	-214.876638313594	5	1	2
118600	-217.088308674104	6	2	1
118700	-219.524083967061	6	4	0
118800	-211.948085405205	4	1	1
118900	-221.772117698735	6	2	0
119000	-216.859024333591	4	2	2
119100	-227.928895500387	8	2	1
119200	-229.396519913042	7	3	2
119300	-213.189497334726	4	1	2
119400	-218.5485130866	6	1	1
119500	-223.343745764334	7	4	1
119600	-215.728283174676	4	3	1
119700	-213.962326902747	4	2	2
119800	-213.934528013584	5	2	2
119900	-214.20164945677	4	2	1
120000	-212.623526373435	6	4	2
120100	-216.676417590035	4	3	1
120200	-216.989565212147	6	5	1
120300	-210.253244028032	4	2	1
120400	-226.985311478093	7	2	1
120500	-235.449428358279	10	2	1
120600	-217.950227303084	5	3	0
120700	-215.524162975193	5	2	1
120800	-210.304678990458	5	2	1
120900	-219.483422513083	5	2	1
121000	-214.033979292391	2	2	2
121100	-222.784206962546	3	5	2
121200	-221.680077260429	4	3	2
121300	-215.834697019031	4	3	0
121400	-229.548487940763	7	1	0
121500	-221.582709715537	5	3	2
121600	-225.998158040432	5	3	0
121700	-213.596346215717	5	3	1
121800	-215.403811659711	6	2	1
121900	-216.393248991875	6	3	1
122000	-229.63361863211	9	1	1
122100	-215.069617728379	6	3	1
122200	-218.269067817757	6	2	1
122300	-212.654577082943	5	4	1
122400	-217.315230969007	5	5	1
122500	-212.60850405349	6	5	2
122600	-213.277273579592	4	4	2
122700	-220.721082626037	3	5	3
122800	-218.728774764058	5	2	1
122900	-222.239295796442	5	2	1
123000	-217.090418054531	3	3	1
123100	-220.990462203265	3	3	2
123200	-225.359558711683	6	2	0
123300	-219.449099220164	6	1	0
123400	-220.542755747315	5	5	0
123500	-221.382422199872	4	6	0
123600	-232.15736059562	4	7	2
123700	-220.20365908515	6	3	1
123800	-230.182911074453	5	8	1
123900	-229.613871963313	3	4	1
124000	-214.317008752429	3	4	2
124100	-215.889140707512	3	2	2
124200	-209.62287150015	3	1	2
124300	-209.451462853553	3	2	2
124400	-215.983748155924	3	5	2
124500	-205.032052336505	3	4	3
124600	-209.914571731009	4	2	2
124700	-208.12407121907	3	2	2
124800	-212.211242557822	4	4	2
124900	-229.710751879478	7	1	1
125000	-219.949059959884	4	4	1
125100	-217.632572362747	6	2	1
125200	-221.056501687219	6	5	1
125300	-222.908277944407	6	6	1
125400	-218.642681885403	4	3	1
125500	-215.301900796946	5	2	1
125600	-226.585944166126	7	2	0
125700	-230.241467275641	8	2	0
125800	-215.549542708675	4	3	2
125900	-211.296738978317	3	3	3
126000	-208.665744742928	3	3	2
126100	-215.980772993849	5	2	1
126200	-219.943491099776	6	2	1
126300	-211.08838624932	4	3	1
126400	-218.593578838887	5	4	1
126500	-214.309332423457	5	3	1
126600	-215.50834278887	4	3	2
126700	-215.530578865279	5	5	1
126800	-224.645741233112	3	4	1
126900	-214.12466945286	5	5	1
127000	-215.900433692617	4	2	1
127100	-210.745043549802	4	1	2
127200	-222.967174583735	6	3	1
127300	-217.861986120484	3	4	2
127400	-220.795912925831	3	6	1
127500	-213.852074450884	4	2	2
127600	-217.226908603734	5	5	2
127700	-222.692600007703	5	2	2
127800	-218.715056445345	3	2	2
127900	-217.1423977701	5	1	1
128000	-213.074985353044	6	2	1
128100	-211.486946761348	5	3	2
128200	-224.986892565846	7	2	1
128300	-214.962752238668	6	2	0
128400	-216.776288354153	3	1	2
128500	-208.218904736436	3	3	2
128600	-217.854255505865	3	3	3
128700	-222.862810567914	4	5	2
128800	-219.465406831495	4	3	0
128900	-221.201271218086	7	1	1
129000	-216.213999392581	5	5	2
