SpeciationRates
0.1861355	0.3280226	0.01298991	0.205505	0.2888743	0.2969388
0.1971975	0.0593764	0.1602068	0.394205	0.09319507	0.2678783
0.3436476	0.01238059	0.365558	0.1516282	0.2589676
0.1777488	0.01451556	0.189653	0.47956	0.1276908
0.1587015	0.0009640263	0.1337898	0.365416
0.239603	0.04247961	0.3363158	0.1670893	0.291891
0.4106829	0.006520092	0.2353634	0.1293203
0.4380812	0.1204747
0.3986002	0.08044085	0.2872119
0.4050318	0.1196179
0.1769679	0.2421561	0.454432	0.1039487	0.1225851	0.3331181	0.2234108
0.2017435	0.2236352	0.005897815	0.3699497
0.2391932	0.009274538	0.4235592	0.1773043
0.1671931	0.04240629	0.4203838	0.1872788
0.2855232	0.0123345	0.3981239	0.1163256	0.3222941	0.2216471	0.1934189
0.2002227	0.001595608	0.4122393	0.1778602	0.3364774	0.1565901
0.2448671	0.001099858	0.2606332	0.4447749
0.214573	0.002166259	0.1953291	0.1963664	0.4368603
0.3719159	0.03961602	0.4458198	0.1428511	0.2190059	0.1297503
0.09021173	0.01906556	0.3980204	0.1173138
0.2295005	0.02449634	0.1700972	0.3797949	0.1998367
0.3525339	0.101578	0.1761511
0.3319161	0.05880494
0.2782586	0.1026943	0.3655138	0.2768084	0.2109146
0.2450992	0.3621287	0.009749095	0.1877912
0.3302371	0.09242625	0.3816843	0.165491
0.21182	0.09489308	0.3139727	0.007948035	0.05499114
0.1952783	0.291897	0.023013	0.145388	0.1421605	0.1766082	0.05348099
0.1708132	0.006979337	0.2276815	0.263281	0.3796985
0.01176813	0.001849754	0.1581089	0.42183	0.1799233
0.02265324	0.01104897	0.07872634	0.3259049	0.2606617	0.321861
0.2603675	0.0005046552	0.1443808	0.4167368	0.1396649	0.1960505	0.2412544
0.1949906	0.008252026	0.4713044	0.1806144	0.1520912	0.1634909	0.04934314
0.2499647	0.004076198	0.162955	0.3758174	0.05006575	0.1755519
0.141223	0.002818223	0.1863049	0.3443819
0.1568328	0.01781383	0.1473383	0.3748595
0.1949519	0.08525232	0.4781352	0.2300688
0.338592	0.0963625	0.335626	0.2805413
0.1829388	0.1028001	0.3215236	0.1550521	0.2557859	0.2028358	0.2683707	0.2467229
0.2382021	0.1018281	0.3488008	0.3244489
0.09602081	0.1292617	0.3818128	0.309553
0.1672225	0.08142507	0.2527957	0.1604485
0.2003453	0.11995	0.3823227	0.1591867	0.04010153	0.1291113	0.2753975
0.1541348	0.3160758	0.06484487	0.1549439	0.2513322	0.2221366
0.2282837	0.4355868	0.02346655	0.1759222
0.08858392	0.3602408	0.01382857	0.1419228	0.1864124	0.2690896
0.3608608	0.04905452	0.1838735
0.3010532	0.01950986	0.1890851
0.3358295	0.1201401
0.3504163	0.09737571
0.3366967	0.1136486
0.189101	0.07876529	0.3503914	0.1623672
0.1918524	0.0635644	0.3326014	0.2700658	0.1712008
0.3594637	0.1008709
0.3732114	0.09240061
0.3503254	0.1364329	0.1949863
0.3948777	0.1098569
0.4431117	0.001904352	0.1955528	0.2309076
0.3827313	0.01220805	0.1087717
0.2446813	0.005529769	0.1664653	0.4102445	0.2234951	0.2262533	0.2328214
0.1960629	0.003256116	0.4102445	0.2083784	0.218644	0.24868	0.1956738
0.3358388	0.008398867	0.3851483	0.2091372	0.1207367	0.2256789
0.1535246	0.007743432	0.3898837	0.1264513	0.173741
0.2262127	0.03001967	0.3478631	0.1329285	0.1668982
0.107505	0.03113828	0.3846369	0.1771253	0.1735749
0.1513815	0.1207467	0.3999798	0.2092497	0.1904881
0.07994033	0.4090076	0.04428995	0.2484982	0.1048223	0.1502777	0.2637717
0.3273162	0.3231942	0.1123705	0.1776382	0.3085987	0.2906299
0.180186	0.08328411	0.3663994
0.2768787	0.003511949	0.3405357	0.1548861	0.2116045	0.1952157	0.1362146
0.2003948	0.04084858	0.1876214	0.3449683	0.1671396	0.1201107
0.1533485	0.008272306	0.09558565	0.3706174
0.2012069	0.01648172	0.3187951	0.1384484	0.2409922	0.2121736
0.1139512	0.002342476	0.3517749	0.1543091
0.2188923	0.006973472	0.3713543	0.2080422
0.114702	0.01614128	0.3326939	0.1102723	0.1809528
0.2328367	0.01143273	0.2044699	0.3267943	0.346111
0.2047299	0.01028134	0.1481524	0.3446903
0.2286951	0.02102848	0.1435903	0.3968408	0.1982074	0.1358538
0.1677937	0.001983174	0.1296	0.4017323	0.1729476	0.1238954	0.2712036	0.2427941	0.2486075	0.1486172	0.125692
0.1932221	0.001167126	0.2077406	0.3201721	0.2623205	0.1457579
0.1941375	0.001608722	0.1586678	0.3871878	0.1643245	0.2365089
0.1566249	0.003562908	0.4093096	0.1426067
0.3082099	0.006158074	0.1954259	0.3814164
0.2362201	0.02365467	0.2081494	0.347812
0.2168412	0.01289842	0.3833171	0.1300749	0.1763114	0.196497
0.2366988	0.01261572	0.361526	0.1680928	0.1329806	0.2977473
0.1459438	0.006017334	0.4158541	0.1940084
0.1683308	0.008096399	0.3657074	0.2241181	0.1357025
0.283781	0.003826996	0.1098406
0.4168909	0.01196432	0.1487995
0.3339654	0.01733096	0.125702	0.1550993
0.3500916	0.01902068	0.1387984
0.3440709	0.01214953	0.1585194	0.2962792	0.1032121
0.3717953	0.02306405	0.1936263
0.3768735	0.005648164	0.2078422
0.2986246	0.03036306	0.1307329
0.2291886	0.006561924	0.3599598	0.1664581	0.2192465
0.2714227	0.0037997	0.3094976	0.1820184	0.2079453	0.2026847
0.1653327	0.001434084	0.3118091	0.17764
0.2628237	0.001023188	0.167216	0.3859386	0.1927329
0.2363427	0.001642996	0.180586	0.3937776	0.2228612	0.2458161	0.2815996
0.1366105	0.01980772	0.180586	0.3663955	0.2183752	0.1957168	0.2626363
0.1207392	0.01135448	0.3197954	0.1135592	0.2281983
0.1920764	0.04145734	0.4652944	0.124491	0.1338253	0.05263548
0.1620582	0.008096105	0.3929124	0.2137793
0.1998015	0.01403762	0.3650983	0.1239684	0.2663047
0.248927	0.03471869	0.3353298	0.205877	0.04579705	0.2850794
0.1587037	0.004947077	0.4217297	0.174829	0.2414681	0.1069675
0.07821989	0.01383692	0.4276338	0.1442225	0.2901451
0.07047495	0.0451064	0.391146	0.2138358	0.1080784
0.1988315	0.03531976	0.3125154	0.2595642
0.2552678	0.01500292	0.4021402	0.1389016
0.1831454	0.002317536	0.375563	0.1343178
0.2821081	0.0005345566	0.1401611	0.2556259	0.3293012
0.1390455	0.03135972	0.3783815	0.1170114
0.1714927	0.01660435	0.4119016	0.1850132	0.173171	0.2598262
0.06330456	0.02068687	0.3689094	0.1235021
0.1146121	0.04372862	0.3464551	0.1055737	0.1428242
0.1737479	0.0644917	0.4217685	0.1678479	0.2343765
0.3008805	0.1200714
0.1959363	0.1242739	0.3860879
0.2368659	0.09584875	0.3419599	0.2192197	0.3029367
0.1949764	0.09489443	0.3448153	0.03414838
0.1396835	0.09581577	0.3947574	0.05399457	0.2198128	0.1581447
0.1941065	0.09908253	0.3991012	0.1497857
0.2100696	0.07635407	0.3448826
0.177369	0.01214675	0.1760251	0.3834023
0.2390172	0.02413197	0.149693	0.360691	0.1991447
0.1281234	0.04417342	0.06254827	0.3066237	0.1665728	0.2668848	0.1814527
0.2490302	0.06466967	0.3040955	0.1899109	0.2182048
0.2347382	0.3473534	0.05242279	0.137789	0.1664525
0.114905	0.3796524	0.01304583	0.1892787	0.2302641
0.171558	0.4788156	0.02195008	0.1471334
0.151084	0.4180099	0.01832826	0.1007314	0.1946979	0.2654831	0.2175233
0.2468946	0.4373423	0.005118549	0.1582209	0.2178798
0.1281613	0.327847	0.01046293	0.1452741	0.1075915	0.1900172	0.258123	0.4473435
0.06869942	0.4152222	0.02126266	0.2308972
0.1104385	0.3554694	0.01265718	0.1483881
0.235418	0.4375401	0.00675775	0.1086225	0.1070794	0.0865943	0.2382144
0.08629679	0.2973959	0.003733092	0.1334696	0.08475865
0.0971202	0.3539164	0.0006198532	0.2467248	0.2063707	0.2300343
0.2359989	0.0043391	0.1031977	0.3792026	0.1660393	0.2417234	0.1112955	0.1328368
0.2290598	0.001432136	0.453963	0.1237081	0.1494692	0.1002841
0.1725234	0.0009960371	0.3909669	0.1517851	0.1077438
0.1323882	0.0009867252	0.5113763	0.2745898	0.2653871	0.1467858	0.1920644
0.2058994	0.01521345	0.4632422	0.1467126	0.178356	0.1083428	0.05144304
0.1050814	0.005235347	0.3733601	0.1153935
0.287469	0.011016	0.3357073	0.1430892	0.1405749	0.1889427
0.2654996	0.01931641	0.155243	0.3830246
0.3321999	0.007934346	0.2001155
0.2748626	0.006546346	0.1863194
0.2616692	0.2076576	0.3260552	0.01305967
0.2371198	0.2095812	0.0242818	0.2550994
0.3387929	0.1839336	0.01223534
0.3388418	0.03631332	0.1458624
0.365221	0.08014085	0.1541934	0.3501504
0.2129491	0.137003	0.01305082	0.3090277	0.2299694
0.07293961	0.06402299	0.3054948	0.2613917
0.2769661	0.08812825	0.3399719	0.2573752
0.2372655	0.2033385	0.04860124	0.3858935	0.2148039
0.3860219	0.1582657	0.01706542
0.3263076	0.102472
0.3747671	0.01864296	0.2260377
0.3416319	0.00515862	0.2196599	0.1160659
0.1728152	0.01253734	0.1380486	0.3790091	0.2550684
0.235632	0.02243342	0.1403667	0.3534856	0.1918977	0.1337995
0.0964544	0.01698831	0.1642146	0.4915142	0.0808175
0.1188264	0.3373059	0.08586683
0.1709959	0.3569845	0.1767561	0.09003162	0.0679507
0.155185	0.3296732	0.1496317	0.152839	0.2096706	0.01358163	0.101534	0.1973613
0.1579282	0.4688874	0.1522011	0.06191202	0.1988914	0.1345147
0.2533798	0.4009336	0.08103751	0.04405142	0.2311788	0.2463855	0.2698584	0.1748601
0.1424859	0.3581917	0.1108818	0.1722568	0.2451814	0.1767457	0.2158216
0.3658407	0.1967631	0.01337349
0.3657036	0.03480056	0.1289636
0.3129968	0.1032431	0.3511908
0.3541443	0.1946461	0.05316312
0.2861085	0.07738878	0.1811521
0.2125302	0.0218209	0.2181516	0.4862572	0.1461298
0.1819036	0.009909988	0.1584643	0.259814	0.1434455
0.1406674	0.01887233	0.3148971	0.09616725
0.2775841	0.02171361	0.430662	0.1661222	0.1983698	0.0785061
0.1399112	0.04186951	0.3508548	0.1987664	0.1102882
0.2740755	0.05262891	0.3940755	0.144244
0.1165795	0.3565607	0.1101861
0.1768681	0.4783373	0.06981166
0.2342271	0.407581	0.0881506	0.1829601	0.2246113
0.1952501	0.3256513	0.02286694	0.1554787
0.2826509	0.4181673	0.0116766	0.1987908	0.1515202	0.1948909
0.266742	0.01128355
0.1788727	0.1072312	0.3100634	0.3288931
0.2594485	0.4068705	0.06046069
0.2731045	0.3372217	0.110238	0.3193359	0.1439931	0.1099503	0.1594654
0.2413078	0.4097732	0.03658302	0.1613084
0.2750951	0.3325761	0.02320505	0.129596
0.09597337	0.002537299	0.3143397	0.09093592
0.1851847	0.03346093	0.3531026	0.1595971	0.1808481
0.2861317	0.002606638	0.3844985	0.138645	0.09372439	0.1931561
0.1016255	0.01489836	0.3476498	0.2165888
0.2945616	0.007952687	0.4026069	0.1026279	0.2031218	0.1191665	0.1497054
0.2960623	0.05039747	0.3367344	0.1352056	0.227673	0.2866301	0.1363593
0.2330849	0.06760836	0.1696743	0.3489673	0.1421544
0.2100414	0.05139271	0.4121587	0.1459538
0.2013682	0.009189184	0.1096182	0.3197497
0.4027774	0.00646646	0.1818551
0.3934602	0.005479843	0.1344719
0.3698002	0.009220602	0.1823675
0.4223419	0.03914161	0.1239401
0.3623869	0.03622507	0.1351985	0.1401255
0.3551509	0.04245704	0.16586
0.2158063	0.0115095	0.1322442	0.3497675	0.1404178	0.1090227
0.2881768	0.01830711	0.1032985	0.3961497	0.2940986	0.2668652	0.1903683
0.2460744	0.02910083	0.1366715	0.3629358
0.1507438	0.004520788	0.07481773	0.346602
0.2544501	0.008248586	0.1343501	0.2398161	0.3191453	0.3331813
0.3897013	0.03222523	0.1625619
0.4213503	0.03060817	0.1624885
0.3848036	0.008028102	0.1623489
0.3525369	0.02021365	0.2232524
0.2111483	0.02369529	0.3807506	0.1510997	0.09351112
0.229255	0.0306584	0.4140118	0.1026882	0.1988356
0.1545164	0.06052326	0.4100407	0.2402468	0.03137581	0.164842
0.2570286	0.3271251	0.01992859	0.1553453
0.3017875	0.3878001	0.04599485	0.1823273	0.08035841	0.1624756
0.2357167	0.04208925	0.3650223	0.1812395	0.1836974	0.2507211
0.1988718	0.007333929	0.3835571	0.1148316	0.1167659
0.2678262	0.06731282	0.3698449	0.1669445
0.3004681	0.3554798	0.1655252	0.2097582	0.2732074	0.1327092
0.07112986	0.3768649	0.08746069	0.1725204	0.1470803
0.3836987	0.1546992	0.02331128
0.2319275	0.1278077	0.01322935
0.2990502	0.1622599	0.008393793	0.3829679	0.1778646
0.083251	0.01770028	0.444261	0.2023683
0.2471789	0.001340756	0.423419	0.2008685
0.2043476	0.008908764	0.3132805	0.1419156
0.1258243	0.08413264	0.3442899	0.2664688
0.2001984	0.1341837	0.016153	0.3793836	0.1131199
0.2698226	0.1016693	0.00909536	0.3546427	0.2482602	0.197727
0.2579926	0.156073	0.03160101	0.423406	0.1854119
0.2086047	0.01540527	0.1748482	0.3519107
0.3375461	0.009670313	0.1527283	0.3350769	0.1417897	0.1573221
0.2661577	0.01605359	0.3550029	0.1395772	0.09362457	0.2605206	0.1492108
0.2818447	0.007197933	0.0899111	0.1650772	0.3500236
0.2199534	0.01097378	0.1711781	0.4280832	0.4266276	0.08866854
0.2055739	0.01750176	0.3491264	0.1873254	0.2139005
0.1875269	0.01969299	0.3706408	0.1818594
0.1489721	0.004289424	0.3794764	0.1861181	0.25534
0.1916677	0.007392356	0.3694405	0.1242668
0.3540876	0.005376676	0.1696277
0.3752142	0.0211236	0.1553731
0.417552	0.007133888	0.189986
0.4836421	0.03526949	0.1842224
0.3966566	0.08048161	0.1602627
0.3374779	0.0364715	0.1823562
0.3491213	0.02082572	0.1440984
0.1462323	0.0821994	0.3680117	0.1266962	0.2599348
0.1062839	0.01314149	0.4300885	0.1775845	0.1403666	0.134602	0.1740291
0.1315319	0.08474474	0.3763129	0.1814253
0.2017141	0.03256094	0.4512698	0.1891409	0.1337814	0.1748925
0.082376	0.01264273	0.4640874	0.2201291	0.2375717	0.1581363	0.1764826
0.2139469	0.001723953	0.2896371	0.1763288	0.3375794
0.2205805	0.01229775	0.09779083	0.335871
0.2748213	0.01387705	0.175565	0.4123605	0.1122796
0.273496	0.01481681	0.1712358	0.3626307
0.2509266	0.03038734	0.3449712	0.1440954
0.2411008	0.01943148	0.3906936	0.1742398	0.2388942
0.2422508	0.008278723	0.4548916	0.1801397	0.2378203
0.2283604	0.001658488	0.354881	0.07331325	0.2188371	0.08867334	0.2231904	0.2453787	0.2200898
0.1799835	0.005437778	0.3611558	0.2060413	0.1281646	0.1296539
0.3205619	0.002409945	0.408355	0.1117868
0.3621613	0.03501227	0.1954136
0.2291449	0.01193137	0.1084142	0.3256565
0.2015028	0.02632461	0.3717445	0.192104	0.2386645
0.1780333	0.004679244	0.3183259	0.2172137	0.1881567
0.1188708	0.006371832	0.2696052	0.1652761	0.1700621	0.171937
0.1282962	0.05558645	0.3980407	0.1881954	0.3297513
0.2240662	0.0461184	0.3007321	0.1339408
0.1229418	0.02669172	0.3872536	0.1462875	0.1005898	0.1449366
0.1095824	0.003175818	0.3678384	0.1457448
0.2283083	0.001798178	0.1369859	0.333078
0.1879632	0.01726656	0.3696267	0.1945459	0.06622412	0.1818463
0.1903003	0.007648176	0.3442128	0.1465625	0.212985	0.2023336	0.1982706
0.2313489	0.006528974	0.2448442	0.2501548	0.1938485
0.1888459	0.001624764	0.3876954	0.2296975	0.2300574	0.1627284	0.2623995	0.2729199
0.1600529	0.007369662	0.4300044	0.1115807
0.1119251	0.007713172	0.4860349	0.1716135	0.1714575	0.1829228
0.1959716	0.003880279	0.3682344	0.15226
0.2208344	0.003686037	0.4118569	0.1674122	0.1213653	0.1225104
0.1228229	0.01513041	0.3980746	0.2194644
0.2024549	0.01658154	0.3818856	0.1245032	0.09426841	0.2641327	0.1392112	0.2561295
0.2964019	0.008653791	0.1783053	0.3904247
0.3726377	0.007099398	0.2301184	0.4010097	0.1699508	0.02800912
0.2366535	0.04548988	0.1814677	0.3781927
0.1570559	0.01901963	0.1883418	0.3597253
0.1141227	0.01120536	0.1169225	0.3822265
0.2803912	0.04169423	0.4520816	0.1671087	0.111551
0.229456	0.02943194	0.3792563	0.1847567	0.1788517
0.3313113	0.02159426	0.1147165	0.3741036
0.3364853	0.008239903	0.1992484	0.3818706	0.1505641
0.2941717	0.01854833	0.179359	0.3357511	0.08521066
0.3794192	0.3227158	0.1047222	0.1054274	0.06200733
0.07574722	0.3373744	0.09465894	0.06122283	0.2635703
0.120844	0.1174203	0.3450164	0.08271703	0.1402458
0.2037005	0.1874217	0.3541284	0.04232103	0.1867799	0.2811317
0.1764051	0.1318415	0.5061908	0.02693115
0.0643617	0.1410281	0.003958778	0.4083182
0.3609536	0.02415759	0.4462273	0.2157797	0.08439852
0.3018158	0.01991263	0.3920563	0.1705677	0.2081405	0.08062296
0.3782874	0.02766176	0.3772634	0.1309197	0.3201995	0.2429404	0.2809432
0.200177	0.05887722	0.4045115	0.1739508	0.06953367	0.1909741
0.1935787	0.006137201	0.4276097	0.2332358
0.3253	0.01277989	0.2009812	0.3290611	0.2132027
0.2992415	0.005668408	0.181301	0.3405488	0.1373474
0.3066608	0.008429356	0.1388967	0.377809
0.2422837	0.002094756	0.1355278	0.3821312	0.2848664	0.2272601	0.02083874
0.2189872	0.04466106	0.181785	0.3267988	0.1597239
0.1622808	0.02476276	0.3054341	0.1762286	0.2017314
0.3551302	0.0149278	0.1763481
0.3969919	0.007947347	0.1788151
0.3376714	0.001104724	0.1427276
0.297261	0.001309074	0.1570471	0.3504302
0.155951	0.04554114	0.4017466	0.1981547
0.269468	0.001552446	0.4033093	0.1213582	0.1702649
0.1829292	0.002599089	0.4411674	0.2223572	0.2489131
0.1446459	0.01844379	0.4411674	0.1687167
0.2065884	0.4054017	0.09745139	0.1427387	0.1301334	0.08776964
0.3110325	0.1206789	0.3356305	0.1384905
0.1907759	0.1193975	0.3910324	0.1854492
0.1628059	0.1041144	0.351479	0.2194271	0.1264015
0.05170999	0.1230656	0.3155958	0.06514874
0.08701204	0.08178399	0.2595878
0.09437387	0.1126539	0.3147114	0.1816914	0.1853697	0.2713173
0.1857572	0.1174335	0.3622146	0.1114338	0.2694331	0.1571493
0.1995654	0.3418472	0.08922926	0.2189238	0.1391256
0.2587907	0.3806392	0.08443025	0.05055248
0.1985301	0.3464379	0.1017629	0.1387104
0.1964717	0.384648	0.1210356	0.2735339	0.215092
0.2416328	0.4539862	0.1033692	0.1774858	0.02475259	0.1981928
0.3095425	0.3548968	0.08411545	0.1507289
0.150503	0.08842745	0.4209338	0.3065295
0.2683355	0.1228347	0.3962465	0.09297102
0.1750897	0.08087026	0.4107703	0.1246896	0.1927436	0.1630593
0.1343348	0.1680959	0.3703286	0.01025299	0.2419468	0.2519929
0.2569876	0.4244976	0.0325536	0.2121258	0.06257842
0.1820775	0.4511955	0.01461134	0.1576507	0.1463871
0.1163198	0.3461414	0.03508808	0.2294956
0.2765603	0.003635105	0.2026893	0.3606888
0.06003044	0.008413811	0.2070642	0.2299874	0.2342425	0.4365458	0.03837213
0.1213099	0.03289169	0.1728868	0.3847599
0.2367907	0.009587441	0.1658664	0.374674	0.1510958	0.2651454
0.197911	0.002835424	0.3556321	0.1804245	0.1698166	0.2517363	0.1880842
0.2112991	0.002322166	0.4331588	0.21088	0.1715544
0.2393041	0.005774777	0.3238467	0.09859983	0.1566871	0.2698695
0.2480728	0.02933083	0.3076289	0.153938
0.1793953	0.018956	0.172898	0.4372696
0.1881894	0.02619106	0.3443402	0.1673475
0.2393081	0.01248189	0.3588188	0.232273	0.1770481	0.2191304
0.1549488	0.009397987	0.3270264	0.1811234
0.1612923	0.01840659	0.1186964	0.150802	0.3056504	0.1746525
0.1122979	0.3132075	0.1261025	0.01829764	0.1966437
0.2162517	0.0003185157	0.2866089	0.1673251	0.1955377
0.3194096	0.02693156	0.1372854	0.3872106	0.1245834	0.2066369	0.3335965	0.2181299
0.06021299	0.01179903	0.395744	0.2301914	0.160705
0.1942121	0.005463802	0.341484	0.1312182
0.2031574	0.01579836	0.414046	0.1312684	0.1433004	0.166704
0.1462961	0.00588206	0.3897068	0.1877087	0.1952128	0.1591628
0.2107866	0.01505316	0.1747562	0.3549334	0.1522775	0.1770569	0.3338353
0.2325241	0.06538011	0.3430201	0.1906821	0.132069
0.2968032	0.08248633	0.3369252
0.2114017	0.1395261	0.3650761	0.2576751	0.2891429	0.2788558
0.2431001	0.1608476	0.4071565	0.03364614	0.2613222
0.2963471	0.4102743	0.08168204	0.1658868
0.2787448	0.031059	0.1683765	0.4033194	0.2347886	0.2008966
0.1489049	0.006830485	0.1762229	0.399856
0.2209041	0.01331459	0.2429547	0.2642718
0.2999551	0.06631771	0.2808643	0.1489223	0.1315882
0.255819	0.0118694	0.2225762	0.4617106	0.1497043	0.1857415
0.2400895	0.01850063	0.13477	0.3956056	0.1243174
0.3040621	0.006116622	0.4019588	0.1331282	0.1616072	0.129202	0.2774898
0.1867763	0.00599881	0.4569998	0.1995582	0.2219478
0.1063205	0.02277953	0.4294827	0.1767076	0.2051288	0.1921654
0.2045506	0.009424918	0.3166227	0.1579027	0.2413053	0.1474609
0.206928	0.003588526	0.1463369	0.4017627	0.1947046
0.1648352	0.007146794	0.1094377	0.3047544	0.1871726
0.3170611	0.01341219	0.2186385	0.4005802	0.2737159
0.2310099	0.005160975	0.3032832	0.2730469	0.1919729	0.1795609	0.3177295
0.2163665	0.0179119	0.1233365	0.4865039	0.1237304	0.08469528	0.2686005
0.3757272	0.04453641	0.1169396
0.4147428	0.03302298	0.1440873
0.3423785	0.01644491	0.1615106
0.3757417	0.05694926	0.1218404
0.4622622	0.03673843	0.1479601
0.324841	0.01289573	0.1658999	0.4169544
0.1525061	0.00715995	0.4284755	0.1118205	0.2282568
0.2761414	0.01081569	0.3288893	0.1709615	0.2339501	0.1834787
0.116232	0.00675833	0.1493953	0.3676705	0.04110566
0.2136876	0.02230955	0.3519372	0.1894671	0.2229453
0.1846786	0.01387202	0.3517044	0.1998627	0.1311073	0.31559
0.2561952	0.02073327	0.2248678	0.3883022	0.2238757
0.1850296	0.04674246	0.1985705	0.3631957	0.1645859
0.1779383	0.1193912	0.3486344
0.2754174	0.1535788	0.3908374	0.2649411
0.2756033	0.118329	0.3920877	0.2327116
0.190995	0.156768	0.434778	0.1025001
0.2281418	0.3725209	0.04607863	0.1318396	0.1444247	0.1178404
0.2801208	0.4580646	0.04186146	0.1229434	0.1417319
0.1572748	0.02816549	0.1823672	0.4361306
0.08818665	0.01277584	0.3270687	0.1180863	0.1427115
0.2122997	0.06738848	0.4304004	0.1639919
0.1879549	0.03128024	0.3424375	0.2125372
0.2483747	0.04401102	0.414723	0.131767	0.2134209
0.1830786	0.416485	0.2434464	0.106145	0.1248878	0.2655228	0.1470442
0.192811	0.4154187	0.09708391	0.118962	0.1668165
0.2861543	0.3918545	0.1250542	0.1940978	0.1365504	0.06623082
0.181493	0.3934922	0.1601402	0.04689836	0.2672017	0.1255551
0.2004159	0.289314	0.120247	0.007066395
0.2864349	0.3830999	0.191923	0.02579644
0.2750505	0.3348339	0.1300397	0.03235847	0.2119841	0.2855731	0.1838854
0.1888887	0.0436435	0.1844884	0.4195786	0.1527422	0.2502888
0.1334364	0.06979528	0.3428894	0.2011201	0.1072826
0.2434225	0.4104605	0.09144729
0.3504051	0.1004443
0.3576508	0.01205286	0.1643641	0.4108159
0.2639667	0.02789884	0.2089875	0.3337957	0.1456846
0.1727068	0.05004251	0.4247405	0.197942
0.09527928	0.4130097	0.1215104
0.07015297	0.4045191	0.1093994	0.024561	0.1172864	0.2294727
0.2782195	0.3997191	0.1027582	0.1461567
0.1952	0.3571167	0.06933737
0.1881048	0.09864403	0.3397016
0.0966271	0.1501996	0.4597602
0.3194345	0.07437031
0.1728773	0.4206261	0.1119959	0.1139337
0.2403643	0.2452506	0.1599908	0.01135021	0.2652613	0.3186157	0.2992166	0.08970571
0.1980094	0.172237	0.03358881	0.3711564	0.1329759
0.1630216	0.007561168	0.3524716	0.182302
0.2386384	0.01857081	0.4148141	0.1414169	0.1676215
0.3045474	0.00298096	0.4084917	0.1461441	0.2569
0.2657627	0.01427374	0.1418988	0.3106263	0.3177867
0.2728318	0.009834129	0.1288907	0.3076772	0.219584
0.09231679	0.122801	0.3678039	0.1092973
0.1517784	0.1076528	0.3212578
0.3487167	0.09871872
0.2009556	0.1091376	0.4297318	0.2174069
0.2779229	0.07453871	0.1166631	0.2897251	0.1553749
0.1369172	0.1309385	0.3462351	0.08230669	0.1512836
0.1860402	0.07721636	0.4068358	0.1328685	0.2886208	0.2660967
0.1670405	0.08856181	0.3728926	0.1287634	0.1539745
0.1720912	0.08460051	0.3910698
0.2683872	0.09292965
0.3634966	0.08587724
0.3951749	0.1270363	0.0132036
0.3320567	0.2572381	0.01488271
0.5283613	0.1740495	0.02297892
0.3821367	0.001022649	0.1659117	0.3515939
0.2186194	0.004750639	0.2073451	0.4126646
0.2143208	0.001495443	0.2002808	0.4047455
0.351524	0.0209109	0.1661455	0.3673559	0.1080965	0.2975289	0.2127235
0.1723299	0.01537305	0.2099069	0.3580089	0.04346558	0.1476862
0.1285703	0.001197169	0.4628236	0.2120193	0.1921561	0.1928902
0.1912777	0.03478381	0.3445366	0.2419863	0.234901	0.2139176	0.1605159
0.1222104	0.006125378	0.3862636	0.09659076	0.2490189	0.1589333	0.1596656
0.1967307	0.380879	0.08582848
0.2578977	0.08468464	0.2905546
0.2085472	0.08068464	0.3126091
0.1814619	0.1049249	0.327291	0.09393109	0.1329714
0.08553413	0.4040469	0.1353787	0.1576953
0.1270945	0.4148446	0.007766957	0.1807128	0.2314395
0.13605	0.01603059	0.2133431	0.3868941	0.2821034	0.2173624	0.1914664
0.1707945	0.02327556	0.2240096	0.3868159
0.2230347	0.001068178	0.1878115	0.3171554	0.1975765	0.3235991
0.1424437	0.0009817528	0.2767037	0.1049359	0.1387764
0.09096896	0.004213391	0.327675	0.1930537	0.1394821	0.12894	0.255787	0.1635407
0.199817	0.003728225	0.4522957	0.2146404	0.1880908	0.2176223
0.1621529	0.007035938	0.3686172	0.1527697
0.1254027	0.0160166	0.4488985	0.1413513
0.2877714	0.05329249	0.147643	0.1990408
0.137591	0.02558674	0.1388164	0.3385038	0.2561187	0.1257393
0.151037	0.02062055	0.3811009	0.1401251	0.2882966
0.1659426	0.01137331	0.352486	0.1491287
0.113905	0.02233278	0.3008129	0.3660974
0.2127004	0.00754351	0.2931095	0.06760863	0.3892427	0.1804056	0.1062529	0.2966673
0.3394925	0.006218293	0.1292718
0.2910794	0.00986703	0.221048
0.2778776	0.03677311	0.1101605	0.3119688
0.2257129	0.02033849	0.1723044	0.1765628	0.3979142	0.2077192
0.1775664	0.007237736	0.4166184	0.1644135	0.2255821
0.1704582	0.00779026	0.3445225	0.1565911	0.3339397	0.1152464	0.175215	0.1697265
0.2131595	0.01921748	0.3391051	0.0771764	0.1347177	0.09990393
0.2900485	0.003124487	0.1857487	0.07073382	0.3189439	0.1760301
0.2646759	0.002846492	0.1337204	0.3960899	0.1571766	0.2637786
0.2981165	0.01569175	0.1845673	0.2498852	0.1565759	0.2641562
0.2413768	0.01911674	0.3615784	0.1728151	0.3419385
0.2388733	0.004159277	0.3175997	0.2200284
0.2767672	0.01990138	0.3770952	0.1308804	0.169034	0.2332027	0.2646968
0.3120314	0.01430847	0.164085	0.2540155
0.2482501	0.03024625	0.1767957	0.3509594
0.07800546	0.01869186	0.1617244	0.4076774	0.2240415	0.1029095	0.2960178
0.12298	0.001803025	0.3761908	0.2012896	0.1683943	0.09436323	0.2215141
0.1605448	0.001619618	0.3790659	0.154687
0.1490992	0.01819987	0.4076174	0.14697	0.1646476
0.2097094	0.003869501	0.4501157	0.1569323	0.1788204	0.4456554
0.1885037	0.002687038	0.3513443	0.1159517
0.2467373	0.01062509	0.3190722	0.1465467
0.1562922	0.01492493	0.3647006	0.1411716	0.1198998	0.3087554
0.2361284	0.02514404	0.3452127	0.2053487	0.1204165	0.002591238	0.05809307
0.2272158	0.007201113	0.382312	0.1362056	0.1672875
0.1778981	0.02535368	0.3872216	0.1845278	0.2270627
0.1300292	0.004300415	0.4179188	0.2392161	0.1850346	0.2686342
0.2234951	0.009488618	0.3656945	0.1045625
0.2165379	0.0172298	0.3647372	0.1583019	0.263244
0.2406943	0.01606299	0.3672455	0.215096
0.2230407	0.01036101	0.1801318	0.4025334
0.2785068	0.01747912	0.1525847	0.4596826
0.1674639	0.4596826	0.1015943	0.02348587	0.3133552	0.2537247
0.1214542	0.4338909	0.01777326	0.1261841	0.2602233
0.3171205	0.3924556	0.01626477	0.1374062	0.2067076	0.1689038
0.1120052	0.3538791	0.01164852	0.1496772	0.1193508	0.2718169	0.1256317	0.1385157
0.1425813	0.02369821	0.1892291	0.3271484
0.06939899	0.00347896	0.2433855	0.1676175	0.3250518	0.2279441
0.2047153	0.01285408	0.394445	0.2118913	0.2615614
0.2082672	0.01865747	0.3125346	0.1709909	0.2007482	0.2210674
0.2501207	0.02465959	0.354986	0.2128343
0.1735232	0.002934562	0.1975628	0.4310528
0.1884159	0.01243946	0.1470166	0.2808445	0.0878233	0.09385568
0.1977814	0.0007007133	0.4016499	0.2276988	0.0740889
0.2559305	0.009803793	0.3602429	0.1449369	0.2724924	0.1738174	0.2289848	0.1191791
0.3286886	0.006095185	0.3619605	0.1613323	0.221628	0.1790271	0.06307891
0.2315517	0.03373591	0.1222369	0.1401531	0.1840875	0.2909008	0.2168515	0.1757388	0.204581
0.139261	0.05867684	0.4589143	0.1898136	0.2702712	0.2677168	0.1549725
0.1660081	0.01913512	0.3497885	0.1454601
0.4050955	0.04066025	0.2066631
0.374978	0.02849979	0.1083148
0.2735753	0.05523059	0.3341698	0.1676163
0.2898331	0.09990954	0.3335718	0.007160331	0.2107333
0.2276025	0.1389255	0.4276051	0.01909578	0.2594036	0.1104256
0.1918883	0.1425755	0.4276051	0.02758915	0.2319739
0.08388268	0.2459482	0.3622502	0.02306339
0.215848	0.3939765	0.008411866	0.2256573	0.1583283	0.1976063	0.2366766
0.3513225	0.03528672	0.1598827
0.3963409	0.008080346	0.1594102
0.3409869	0.01426279	0.09881166
0.3703447	0.009645671	0.1244312
0.4672341	0.02352318	0.1696133
0.4113641	0.009762694	0.162331	0.1956661
0.2949774	0.0732415	0.3711193
0.3290789	0.07932783	0.3570975	0.247772	0.1088278
0.3922455	0.09355493	0.3858084	0.3016998	0.1513749
0.1875754	0.08476338	0.3886004	0.2230769	0.06105075	0.0793697	0.330148
0.1972091	0.121277	0.4776841	0.1570882	0.2239781	0.1914847
0.3329096	0.07018863	0.3847948	0.1759546
0.1904294	0.1716766	0.3627881	0.002275833	0.2224139
0.2188272	0.113057	0.3441941	0.0008349476	0.2053321	0.2251984
0.1812853	0.1157724	0.4416579	0.001057676	0.1820255	0.07727631	0.1885659	0.1923786	0.09450107	0.02294656
0.2141956	0.116548	0.3853577	0.06668569	0.07329938	0.08957594	0.0941992	0.283596	0.05257208	0.229956
0.3527907	0.361415	0.02964183	0.1435995	0.1565262	0.2271267	0.2795751	0.1902175
0.3236503	0.3540246	0.08569151	0.09652437
0.1784648	0.1527045	0.3201737	0.2324282
0.2568182	0.1237328	0.3847763	0.1476847
0.1765731	0.09207577	0.3038426	0.1431635
0.2592379	0.1173389	0.3757198	0.3115957	0.1955182	0.1908061
0.215393	0.09390331	0.3169374	0.1118046	0.2079097
0.1131333	0.08487987	0.3416796	0.2163867	0.3185768
0.2079872	0.03502454	0.4031692	0.1482279	0.1759819	0.2223225
0.3606572	0.02946509	0.1310942
0.123478	0.01961665	0.2884533	0.2475333	0.2283064	0.1848652
0.1758407	0.003443736	0.4262915	0.1705759	0.1849428	0.2000908	0.1641517	0.2430485
0.2896241	0.01322478	0.3333667	0.1375996	0.1501321	0.2279202	0.1744755	0.1587684
0.113043	0.008851766	0.3496458	0.1633399	0.2098335
0.3439299	0.001280984	0.3169785	0.1967217	0.2039006
0.2594917	0.01677172	0.2302646	0.1405574
0.1979981	0.007554809	0.2638533	0.4857629	0.2760003
0.055258	0.002430792	0.1994864	0.3937758	0.1064245	0.142978
0.2309682	0.007461076	0.1886739	0.4176121	0.1016785
0.2478983	0.003780723	0.3343142	0.1370874	0.1137355
0.274559	0.01087991	0.4181845	0.1522079	0.201657	0.2153585	0.1240957
0.2665771	0.004351046	0.3451165	0.2049567
0.1774498	0.0141153	0.1595902	0.1700902	0.1993262	0.3157674	0.1364931
0.1155544	0.003200541	0.3477391	0.2003194	0.1430851
0.2313937	0.001400265	0.1810226	0.3519726
0.1292733	0.008383685	0.3643121	0.1699327
0.3581752	0.01021713	0.1547731
0.1255176	0.0470815	0.1649767	0.2955459	0.1218602
0.183208	0.01479267	0.1851837	0.4050625	0.206491
0.2406738	0.002331649	0.4225077	0.1618504	0.1825484	0.1555327
0.209457	0.007382749	0.2288009	0.3559999	0.1922371
0.2206908	0.003079113	0.4041336	0.2504621	0.1328604
0.1671274	0.02616387	0.3673433	0.1607788
0.2759823	0.009228219	0.4513355	0.231588	0.1801119	0.213306
0.2067012	0.02573721	0.2797976	0.1569679	0.2178396
0.2707096	0.001392822	0.1767632	0.4283409	0.1740506	0.2435415
0.4076558	0.009735614	0.1872185	0.1800068
0.3150616	0.009269292	0.1712522	0.3821444
0.2548882	0.01821527	0.2336412	0.4198698
0.1618123	0.0006630553	0.455218	0.1199421
0.2951274	0.00160928	0.3954704	0.1770331	0.2410564	0.2941595	0.1152888
0.2779595	0.01691826	0.1872087	0.3801831	0.1130253
0.4390559	0.01781986	0.1799298
0.315199	0.02698575	0.1965459
0.2663654	0.00126281	0.1820915	0.3335873
0.3034961	0.1624846	0.07944947
0.3657576	0.1158054
0.3790319	0.1166852
0.1617526	0.1313016	0.33981	0.2130546
0.3084461	0.08827572	0.337086
0.1720661	0.076932	0.3859202	0.1718515	0.1413376	0.2691599
0.1769027	0.0355189	0.3541125	0.1515758	0.2911645
0.2434458	0.08423459	0.167842	0.373113	0.2348688	0.1226255
0.2044399	0.1021501	0.4583395	0.1997618
0.3113993	0.04714175	0.384286	0.1920855	0.1898024	0.08809027
0.2489686	0.04865421	0.4181493	0.1648011	0.201243
0.2057123	0.4182473	0.09199763	0.2232589
0.1366954	0.3984279	0.1300779	0.1110172	0.1893911
0.1610002	0.3687171	0.1156421	0.09656898	0.1967091	0.2208689	0.1424479
0.1123946	0.3315052	0.07610831	0.2006993
0.3375245	0.1017165	0.4318198	0.1992654
0.1836571	0.09034325	0.4097374	0.2528216
0.1208843	0.03903243	0.1503735	0.377073
0.2711089	0.06222483	0.1505815	0.3070111	0.06041784	0.2496303	0.3910662
0.1760689	0.09051706	0.3902617	0.1073111	0.1922764
0.2636717	0.07554978	0.4917438	0.1885501	0.1279088
0.1674903	0.09667293	0.4539328	0.06067804	0.1309013	0.2849453
0.1566285	0.07367642	0.1523052	0.2445818	0.3076603
0.4267166	0.003052556	0.1369603
0.4846315	0.005618075	0.1752516
0.3787708	0.02133809	0.1915314
0.3626781	0.02363938	0.2847762	0.1881684	0.1842832	0.2641299
0.1491806	0.01237917	0.1050926	0.4247062	0.1959992
0.2437344	0.01780587	0.1739635	0.3231689	0.1897664	0.181249
0.3341173	0.04553868
0.3443466	0.08345529	0.1968224
0.228665	0.01457482	0.1017971	0.335697	0.3148372
0.1953904	0.01571532	0.3824948	0.1265983
0.2187179	0.0002072391	0.3553386	0.1913396	0.1858462	0.1411921
0.2243407	0.000612869	0.3529648	0.1694773
0.2280822	0.01293803	0.3607693	0.1889184
0.3508495	0.01522022	0.3622256	0.1774903	0.2475515
0.2474722	0.001787198	0.1825301	0.3719988	0.1107551	0.2524484
0.06570132	0.0008504838	0.1529654	0.3668772	0.1692428
0.2475154	0.00111256	0.3536101	0.197246
0.2175836	0.001357992	0.404551	0.1224336	0.1553549
0.1400931	0.01550169	0.3793431	0.1130713
0.2008298	0.02189275	0.3842221	0.1747908	0.2370128	0.1326175	0.2641194
0.1066139	0.02089186	0.2801701	0.126674	0.1654803	0.2445747	0.1235647
0.1924137	0.02189728	0.4441833	0.1592717	0.111015
0.1650153	0.02644873	0.2483335	0.3280056	0.2596911	0.1700392	0.07658582
0.09779747	0.02184858	0.3854024	0.1320973
0.2167158	0.382727	0.09142642	0.2565928	0.1247228	0.2083797
0.1955305	0.408624	0.2006977	0.03396779	0.1407348	0.1709625	0.3216786	0.2280188	0.231379	0.1468704
0.1824949	0.3422309	0.02907324	0.141544	0.1130922	0.1527682	0.1360183
0.2428332	0.04643431	0.156196	0.1814287	0.3688711	0.203121	0.158637
0.1836292	0.03397708	0.2466193	0.4491384	0.1553817	0.1666358
0.1333987	0.006145615	0.3516252	0.1841805
0.366533	0.005974119	0.4266642	0.1802139	0.08136575
0.2156204	0.09025458	0.1199135	0.3115024	0.2275994	0.1368558
0.2236635	0.1139339	0.3289185
0.2149117	0.1209521	0.3724242
0.2591685	0.2002858	0.3919415	0.1068312
0.267216	0.4010777	0.1079128
0.3528438	0.07581866	0.3093865	0.2061084
0.2604114	0.001738512	0.1775444	0.2290708	0.3452305
0.2746111	0.009487452	0.1418859	0.3859632	0.189156	0.2115456
0.3598717	0.01584186	0.1637885
0.4138041	0.00474038	0.2280276
0.3664513	0.01924624	0.1040303
0.3716619	0.001121403	0.2261775	0.1130775
0.2298055	0.0303118	0.1384008	0.3581579
0.304251	0.02116649	0.4776516	0.1822847
0.2855483	0.005896526	0.3695183	0.1691151
0.2819268	0.006889318	0.1039298	0.2980083	0.285641
0.2614651	0.0236861	0.2098704	0.4148718
0.1429421	0.01169252	0.4213305	0.1026405	0.1821338
0.1577464	0.02989235	0.4213305	0.1225106	0.06524551	0.1840631
0.1161115	0.03423311	0.4011664	0.1563331
0.1286653	0.001687359	0.3354296	0.2125352
0.2273241	0.000552599	0.4458867	0.1852922	0.1907428
0.116621	0.03111701	0.1936965	0.05687773	0.4246198	0.3141417
0.2141109	0.0116214	0.2210318	0.0813573	0.3438016
0.2629914	0.01818632	0.1505717	0.2915781
0.3087695	0.1009876	0.1394064
0.2542369	0.1001868	0.3235484
0.205009	0.1390604	0.2919713
0.2069338	0.1148624	0.2769415	0.1452383
0.1743229	0.4114706	0.1274173	0.1313197	0.2322062	0.3086071	0.2132525	0.1096761
0.1611543	0.3853152	0.1028834	0.0324602
0.1216601	0.3661076	0.126563	0.1061738	0.2010096
0.2016966	0.4411265	0.1720282	0.02625269	0.2393225
0.2474401	0.3352101	0.08442939	0.1796455	0.2305729	0.1888843
0.2310642	0.4674519	0.08562158	0.3237155	0.2024699
0.3158613	0.1356324	0.3513679
0.3327245	0.0747475
0.1844947	0.1106985	0.3779841
0.09617153	0.3447347	0.05763678	0.1042924	0.2992975	0.1606868	0.1621228
0.1614258	0.3891906	0.07455873	0.1072846
0.1217599	0.415583	0.1077782	0.2474999
0.2145894	0.3805994	0.09112592	0.1973359
0.2156306	0.1301896	0.3478136	0.06610419
0.215528	0.1376243	0.3167061	0.04734281	0.3071371	0.2143284
0.1389618	0.09074454	0.4062488
0.2433176	0.12748	0.4062488	0.2120617	0.07277875	0.09095962
0.2224249	0.3634087	0.08985883	0.1745096	0.2245237	0.192046	0.1192709
0.2131494	0.1004701	0.3615891
0.3549269	0.1293912	0.1609646
0.187044	0.1361673	0.3868049	0.116389	0.2227464
0.2707862	0.02652968	0.1293059	0.3735444	0.1882316	0.1748043
0.1896249	0.00331823	0.1500218	0.3496296
0.1566157	0.004743461	0.4186656	0.1022632	0.2318305
0.1362955	0.009880021	0.1159081	0.2181137	0.4223637	0.1625698
0.2930077	0.0133282	0.2032083	0.4712442
0.258376	0.0008572269	0.2249295	0.4627048
0.2971933	0.002750523	0.1742586	0.3337949	0.105667
0.1595007	0.02481109	0.1383443	0.4066507
0.1998969	0.06027365	0.1489612	0.3453102	0.1519823	0.1783757
0.163964	0.02874833	0.11541	0.3663981	0.2573817
0.09173569	0.06789358	0.3320765	0.1086066	0.2686419	0.4332388	0.2324205
0.2323235	0.00833369	0.3284313	0.1881718	0.3627464
0.202	0.007386941	0.1233334	0.3377951	0.2254663	0.2298826	0.2049921
0.1996334	0.04941696	0.2086465	0.3677178	0.02802145	0.2322469
0.2288564	0.007280448	0.3876745	0.1738838	0.1789095
0.2478665	0.01888861	0.3804418	0.1395234	0.05508525	0.1374211
0.1938336	0.01348346	0.3597421	0.1529734	0.140004	0.1586579	0.2540246	0.1985999
0.3787491	0.06296398	0.1777404	0.1705812
0.2597685	0.1340311	0.2533184
0.1938461	0.09100938	0.3663447
0.1617489	0.06457723	0.3707694	0.1855234
0.1914353	0.1443476	0.3181223	0.01311409	0.195861	0.2508581
0.1873032	0.1555557	0.3716976	0.003337615	0.2158105	0.134573	0.1296405
0.1160475	0.1897608	0.4101444	0.05059755	0.06652702
0.1987133	0.181178	0.3939209	0.007150726
0.2476656	0.3934302	0.001271506	0.1491851	0.1690232	0.2353252	0.1649886	0.3297302
0.2758718	0.3073012	0.01057201	0.1836582	0.1114797
0.1325784	0.4007674	0.01940914	0.1803196	0.1126129
0.2285812	0.004363093	0.1320638	0.2687905	0.3011481	0.221368
0.1161922	0.00129804	0.1746431	0.3842634
0.09951348	0.03960627	0.3810123	0.1424494
0.3718082	0.03374361	0.1248499	0.3071605
0.2721015	0.02273046	0.1248465	0.2456494	0.2102513	0.2749788
0.2749667	0.02270397	0.1554255	0.4297215	0.3000843	0.1335788	0.2367785	0.1231066
0.1914517	0.04450636	0.3681477	0.126373	0.2641116	0.1447716
0.1733599	0.004308855	0.3681477	0.1854458	0.1521891	0.1699769
0.1202889	0.03909779	0.3759336	0.1558492
0.08686158	0.02434563	0.4606055	0.1766351
0.1134148	0.06912917	0.3579378	0.1394545
0.1045352	0.08869489	0.363839	0.1604783	0.1315597	0.1621408	0.2206303
0.2337008	0.3433478	0.0789789	0.2330186	0.1222753
0.09827533	0.3005327	0.1124467	0.02084877
0.1708566	0.4406915	0.1123682
0.1604511	0.4544352	0.1043992
0.1950243	0.3869644	0.1137615	0.1131189	0.2454887	0.2007376
0.2018344	0.3658207	0.08778086	0.181756
0.188154	0.481495	0.1328404	0.222373	0.02802618	0.1965513
0.1247946	0.07259215	0.2338008	0.2928724	0.1942495
0.2466903	0.1185608	0.3666339	0.2473438
0.1680582	0.103994	0.3867203	0.2055328	0.1942392
0.1603523	0.07657612	0.3825038	0.1949694
0.1781965	0.07783325	0.3358987	0.2808522	0.1562236
0.230542	0.06677699	0.3495058	0.223307
0.304998	0.3311685	0.1051961	0.2357362	0.1822348	0.1217225
0.1583244	0.08465476	0.3928052	0.1206147
0.3708912	0.08968039
0.4447145	0.0436842	0.1781989
0.3452995	0.07861733
0.315563	0.1091104	0.2605849
0.08804947	0.1105217	0.3471978
0.06044117	0.4707717	0.1443257	0.01175329	0.2032623
0.2263672	0.3964071	0.01976843	0.1932593	0.3362478	0.2071311
0.1711812	0.02253289	0.3340382	0.1033151	0.1410152	0.06847255
0.2390397	0.01264451	0.2764587	0.1238872	0.1699438
0.2003676	0.04785334	0.3447917	0.1079675
0.191766	0.3457207	0.09962652	0.07637248	0.2476811
0.2635534	0.3161364	0.0711128
0.3438358	0.3479341	0.07062497	0.06486641
0.15249	0.4416095	0.09762035	0.2100216
0.2810971	0.09464975	0.3746174	0.260427	0.2194708
0.1880669	0.1132924	0.4553277	0.2554609	0.263258
0.1195295	0.01369339	0.12939	0.3444212
0.3584929	0.003577921	0.1477045
0.1571773	0.01138172	0.1308711	0.4076323	0.1691666	0.1364576	0.1065589
0.2365154	0.01308124	0.1631471	0.3161458	0.2715457	0.3460751
0.2632762	0.005177453	0.1482034	0.3213445
0.3204377	0.02257397	0.1236869	0.3872181	0.2006375
0.2437846	0.04554411	0.1839991	0.4592037
0.1096011	0.008842811	0.1398954	0.3863116
0.2305401	0.02590023	0.3871982	0.2055485	0.168263
0.1686957	0.0004593553	0.3722756	0.2039626	0.1159385	0.1998703
0.2529418	0.01686522	0.1931256	0.279417
0.190935	0.04335714	0.2589426	0.390383
0.3338058	0.007998939	0.2186178	0.301455	0.104194	0.07517431
0.3518576	0.007528917	0.2044618
0.4117585	0.03457889	0.1746818
0.343991	0.0002398637	0.158639
0.4359685	0.01079451	0.2000906
0.5008624	0.009668341	0.1847437
0.385693	0.02919083	0.1202224	0.1054528
0.08325509	0.0007693566	0.1805934	0.3684286	0.3359225
0.2500619	0.01233311	0.1427647	0.3700283	0.09267013	0.1498897	0.205399
0.2268167	0.00781268	0.1170219	0.3477208	0.1497721
0.3259985	0.03091462	0.1233874	0.3309894	0.07956477	0.1702972	0.2057844
0.3256401	0.01192061	0.297259	0.117517	0.04930253	0.2302187
0.246907	0.02423861	0.4355877	0.1719141	0.1268785
0.1796463	0.0541306	0.1744842	0.4376355	0.2650278	0.1406639	0.1926064
0.3061709	0.03690643	0.1860224	0.4039173	0.1413301	0.1141334
0.1901692	0.006492428	0.1516792	0.3165443
0.3493497	0.1647971	0.1760981
0.1730328	0.09288007	0.3163147	0.3332094	0.1536659
0.2234328	0.1437612	0.008805333	0.2891191
0.1466043	0.2504113	0.02895959	0.326613
0.2002703	0.1962874	0.008222059	0.4313427
0.2262334	0.01839518	0.3488393	0.163473	0.2115987
0.2496292	0.0140229	0.1101217	0.3951128	0.2377615
0.1870902	0.001572055	0.4627533	0.05124522	0.1590597	0.08629525
0.1092576	0.004224452	0.4397019	0.1392291	0.2891738
0.07527921	0.002131715	0.3783274	0.164796	0.2066207
0.1904945	0.007344702	0.4214965	0.1144371	0.06374024	0.09478683
0.205175	0.008034923	0.429219	0.1628775	0.1498313
0.2275618	0.04471467	0.3152181	0.1730907	0.1143504	0.1553079
0.2216855	0.04080746	0.4327713	0.05598445	0.1808219	0.1175724	0.2213014
0.2088236	0.05225033	0.4055714	0.1825127	0.117257	0.1042024	0.1771264	0.1395554
0.260011	0.4496281	0.08611613	0.1330763	0.1277032
0.2228379	0.3700073	0.1124006	0.1508337
0.146261	0.3866566	0.1231805	0.2436431	0.1572017
0.2236067	0.2925718	0.1045954	0.01520207	0.2368677
0.1734517	0.1795377	0.008000204	0.4271384	0.3235223
0.2680892	0.3696622	0.06688743
0.1849017	0.09793309	0.309033	0.3139441
0.2740615	0.07324877	0.3563317
0.2143512	0.09296938	0.3622609	0.268557	0.1993691
0.1265718	0.3775165	0.09130758
0.09054756	0.3392743	0.08382243	0.2176957
0.2449477	0.3623087	0.09597722	0.1796164	0.217468	0.2444469	0.1927622
0.2144703	0.08078963	0.3691824	0.1111787	0.2778465	0.2803197
0.3067805	0.07192318	0.3849029	0.1965297
0.1763731	0.3377612	0.1347659	0.3210479	0.1683891
0.1347043	0.3942559	0.1239457	0.01841058
0.4160844	0.3754226	0.09347808	0.3023197	0.2022093	0.2840588
0.2948269	0.09737012
0.3202946	0.07028254
0.1848837	0.0374873	0.3609308	0.1365481
0.1382391	0.01277916	0.4035644	0.1691213	0.338089
0.2957808	0.04487366	0.1815635
0.2552358	0.02149275	0.1685106	0.3435446	0.1289845
0.2113654	0.0444571	0.1707674	0.3197677	0.2096804	0.2507925
0.3255831	0.05093429	0.1557458
0.3621039	0.05681492	0.1432393
0.3626798	0.02125	0.2103612
0.2252964	0.008901826	0.1425203	0.3193955
0.3722021	0.01196454	0.1740612
0.4019121	0.01199684	0.1648847
0.3201441	0.0513218	0.2046107	0.1607409
0.1212032	0.07422674	0.2998165	0.3072605	0.1175645
0.2108563	0.1005614	0.3465605	0.1302029	0.09877913	0.1830536
0.1811094	0.3416535	0.1250967	0.2846346	0.123654	0.223456	0.1228392	0.1159453
0.3206331	0.04395848	0.1077544	0.4482763	0.2621924	0.1789677	0.183764
0.3224385	0.02055891	0.3241173	0.1647341	0.1115246	0.09844269
0.2585083	0.01995138	0.3378206	0.1529185	0.2822539	0.0572839
0.2703951	0.002951924	0.2984712	0.1907775	0.1434925
0.1559684	0.0006365853	0.3920336	0.1412699	0.1007609	0.08956118	0.266176
0.1566108	0.004191939	0.340581	0.1191719	0.1590476
0.1024092	0.01511123	0.320208	0.1475867	0.3247775	0.058977	0.2113999	0.2105717	0.2205508
0.169198	0.3467407	0.06994593	0.1989409	0.2958257
0.2431265	0.3137781	0.0588278	0.1332724
0.2252945	0.3202362	0.1204368
0.3400034	0.008987939	0.181258	0.3591401
0.199561	0.009826728	0.4298609	0.1379446	0.2267179
0.2149548	0.03819959	0.3160038	0.1585871	0.2337246
0.27456	0.009986497	0.3673195	0.1365744	0.1836715
0.1339199	0.03296005	0.3272859	0.2109576
0.1071022	0.002461153	0.3290727	0.1063492	0.1901406	0.1524991
0.2100073	0.008054753	0.4107506	0.1789708	0.1442196	0.2524209	0.1795302	0.1558462
0.2217543	0.01904222	0.3322785	0.1408441	0.09889543	0.1442359
0.2701042	0.01900012	0.1257421	0.2681034	0.2893837
0.327953	0.03525672	0.1140096
0.3696043	0.09909341
0.1208637	0.08786024	0.3753936	0.1963156	0.2684509
0.309319	0.09348122	0.310728	0.07777935
0.3537351	0.06807179	0.04429856	0.3490589	0.2553305
0.3747141	0.1083114	0.2613208
0.3040657	0.1283646	0.2841916
0.2171002	0.07966527	0.3958443	0.05321138	0.1405309	0.2891356
0.2299487	0.3387559	0.07737173	0.2054154	0.07495843
0.3222111	0.35383	0.07155914	0.1037568
0.1817747	0.3384435	0.07248121	0.1043526	0.1795523	0.1254257	0.2759888
0.1588126	0.4286057	0.02141335	0.1622696	0.1737447	0.2594726	0.0554693	0.1671388	0.2638426	0.2410655
0.1373251	0.4100753	0.005508897	0.1583853	0.1506044
0.2272585	0.4633995	0.0299242	0.1247102
0.0728927	0.3401232	0.03119128	0.1779965
0.04678813	0.400313	0.02001279	0.1506104	0.1674103
0.1210232	0.4253611	0.02277862	0.1906352	0.3170685	0.1183556	0.2095381	0.1865594	0.1057562
0.1941001	0.4041344	0.09165126	0.1979085	0.169495	0.1811999
0.1405222	0.08429837	0.3332289	0.2773201
0.1512548	0.09284426	0.3244791	0.2819157	0.1405852
0.3908292	0.1105594
0.2120882	0.1214234	0.3189476	0.1852618
0.3290069	0.1232252
0.1778935	0.08291698	0.3352833	0.2310051
0.3794534	0.01836241	0.1171481
0.1668494	0.0008454056	0.1364083	0.3085989	0.3133709
0.3808993	0.00728479	0.1887332
0.4125565	0.02904724	0.1617061
0.3540008	0.0213113	0.1825385
0.3808513	0.004404809	0.1652977
0.3339214	0.02947433	0.19136
0.2597594	0.002144001	0.3346784	0.1613927
0.1798637	0.01252879	0.438711	0.252323	0.2498852	0.1416395	0.1309881
0.3080761	0.01166088	0.4609255	0.176366	0.1237094	0.2452594
0.2284712	0.008399436	0.3377521	0.1182494
0.306048	0.08120753	0.3571875	0.1455399	0.1704424	0.2360675
0.3028793	0.008279594	0.1364961	0.367037	0.1351107
0.2038407	0.0003368937	0.1342392	0.300848	0.1341418
0.1923073	0.05281808	0.1382677	0.2800161	0.2685851	0.3053929	0.2581515	0.2024414	0.2039684	0.1646087	0.3300027
0.271317	0.03791614	0.3528092	0.1209283	0.2238364	0.2146617
0.1986079	0.3272645	0.1163164	0.06186562	0.231314
0.1231854	0.3506937	0.08484757	0.2049844
0.1987644	0.4016168	0.07871276	0.1747845	0.2883316
0.08097621	0.4156817	0.002401566	0.1664978
0.09766141	0.3931699	0.0292997	0.2328817
0.2835869	0.4577009	0.01370187	0.1768347	0.1002786
0.2065383	0.3925442	0.0628025	0.1518244	0.2064287	0.3385391	0.2716587	0.1585315
0.2588269	0.5018582	0.0218666	0.1695608	0.1981406
0.2077828	0.2941822	0.00867646	0.1933663
0.2532134	0.3801368	0.005019048	0.1358006	0.1651323
0.2566933	0.3606472	0.009655539	0.1491006	0.1372228	0.1144607	0.1317561	0.1706136
0.0939484	0.339622	0.01910365	0.1425201	0.08629327	0.2845525
0.2612972	0.4334101	0.001784151	0.1353261	0.2473025	0.07825946
0.1487784	0.02505105	0.199322	0.2787688	0.3234195	0.1827346	0.2529053
0.2612538	0.03847776	0.170917	0.3121559	0.05087546
0.3383686	0.02160778	0.1647876
0.3168286	0.01062565	0.1156336
0.2206524	0.004727312	0.1657381	0.3758028	0.1680293
0.1712903	0.005706154	0.3094598	0.1916873	0.2200502
0.2960477	0.01110736	0.3417334	0.1646897	0.09886587
0.3313125	0.007891262	0.3345701	0.2145284	0.3166537	0.3459282
0.1588466	0.01796268	0.1579286	0.3285524
0.2867366	0.01040951	0.2408219	0.4495293
0.1415806	0.00455953	0.4040865	0.1538855
0.1438134	0.009190399	0.3692683	0.1780802	0.3130265
0.3526796	0.002369106	0.1739863
0.4571826	0.009251047	0.189717
0.4235567	0.01731911	0.1169775	0.186462
0.2315379	0.07763049	0.1736197	0.3574362	0.1590919
0.28388	0.0122696	0.1700902
0.2956638	0.00993506	0.1186559	0.3652178	0.2217851
0.3377426	0.003311072	0.195599	0.3698389	0.276208
0.2348226	0.008472854	0.1866834	0.4253581	0.2620657
0.175092	0.003573353	0.1267181	0.4127544	0.2009023	0.1654824
0.2532233	0.3338093	0.1135044	0.2564567	0.169449
0.1743737	0.3749636	0.01821056	0.1480037	0.2401254	0.08342928	0.3030604
0.1962202	0.3955945	0.007097091	0.1622714	0.05420803
0.1717842	0.4185542	0.003308281	0.1776021	0.08059876	0.2977653
0.1178315	0.3386075	0.02619553	0.1640489	0.1960561
0.1612258	0.4154962	0.04098592	0.216468	0.1988709	0.1076393
0.2692576	0.3411258	0.09020625	0.2544673
0.214385	0.4330104	0.0997388	0.1006435	0.2723451
0.1779299	0.4237632	0.04275356	0.2287851	0.194026
0.122659	0.4238549	0.006617052	0.2093443	0.09018138
0.345488	0.3408331	0.0195167	0.1764254
0.2055112	0.3484109	0.007627187	0.1354266	0.1972551	0.2018631
0.1693197	0.4322777	0.01917822	0.1814025	0.1788013
0.2506078	0.3348802	0.03048776	0.2158311	0.1344726	0.09021715	0.08966811	0.1925176	0.2500669
0.2211206	0.3390812	0.03845354	0.09533029	0.2374315	0.1878953	0.0966023
0.3038473	0.09504083	0.4179731
0.1285265	0.1128873	0.3553979
0.249942	0.1101906	0.3648492
0.1813453	0.1223081	0.4071669	0.209882	0.2359418
0.2946123	0.1393197
0.3412619	0.03272458	0.1572643
0.4136491	0.007150764	0.1221675
0.07722953	0.07479338	0.1089544	0.1997116	0.3292191	0.1447999
0.2865026	0.05043107	0.2225455	0.5098477	0.1155471	0.08827159	0.2085196
0.1809228	0.01138761	0.2963636	0.2147324	0.3418203	0.2739618
0.0989262	0.002269433	0.1330459	0.3913704	0.1523992	0.122116
0.2749555	0.005931534	0.1780457	0.1790675	0.1279076
0.2658121	0.04863892	0.1113703	0.3629431	0.02407273	0.2031381
0.1467036	0.03314612	0.2556432	0.522645	0.2722465	0.2144274	0.2683877
0.1222814	0.008991931	0.497409	0.1768569	0.2294818
0.1438987	0.009688048	0.4415696	0.1649061	0.1127	0.2245329
0.2283985	0.01859416	0.3116712	0.2033983
0.1934205	0.02516356	0.1147046	0.369539	0.1845198
0.1759497	0.0274516	0.124653	0.3353828	0.1489427	0.1533534
0.3312426	0.01872512	0.1581421	0.2880247
0.2742003	0.01755965	0.4094121	0.1129201	0.2377212
0.1216094	0.4023831	0.06864171
0.2261629	0.04375973	0.3718808	0.01971969	0.3610039
0.178271	0.3818283	0.103825
0.3185529	0.3404105	0.07171374
0.2277788	0.4313118	0.07303729	0.07581419
0.109898	0.3723079	0.114826	0.1954757
0.3217135	0.09509664	0.1137802	0.355777
0.3482881	0.1065873
0.4353081	0.05052441	0.07356838
0.332827	0.1878168	0.02704994	0.2489548
0.3668452	0.09198625
0.1769214	0.348792	0.1274609	0.1092764
0.4017006	0.1123584
0.4445635	0.3363054	0.10788
0.3636378	0.03285589	0.2011258
0.1998028	0.006931331	0.18979	0.3872342	0.305387	0.1439592
0.1151381	0.01464628	0.3220936	0.2675309	0.14453
0.1240536	0.00186611	0.3893689	0.1572126
0.155822	0.0007998681	0.3422039	0.1339807	0.2080999
0.2118606	0.0006400966	0.3267712	0.1410832	0.2248591	0.1537263	0.1245993
0.2174444	0.004706116	0.3909509	0.1060059	0.1762615
0.250387	0.003562896	0.3337384	0.1639414	0.1845261
0.2028199	0.07277162	0.2014893	0.3488869
0.2512004	0.009945849	0.1398234	0.455619
0.205004	0.01880185	0.1875921	0.3611662	0.06434721
0.1812549	0.001173792	0.3400373	0.0682475	0.2260493
0.239339	0.0002455786	0.3851818	0.1065749	0.1935204	0.2364383	0.217904
0.2132286	0.001535335	0.3305866	0.1016214	0.05602137
0.1883016	0.0001466556	0.3838826	0.1639709	0.2540517	0.1257373
0.2906095	0.02119793	0.3931684	0.1541034	0.1235561	0.2191755
0.125722	0.02772978	0.4095864	0.1578628	0.2364822	0.06597284
0.2646723	0.005743861	0.4513736	0.2330781	0.1595909
0.1697267	0.01034912	0.4006756	0.1694543
0.115974	0.01369705	0.3883148	0.1397493
0.2228739	0.02069219	0.2903494	0.1705872	0.181898
0.1854504	0.02348311	0.3951251	0.1932975	0.2173475
0.1261997	0.02303201	0.3814849	0.1743739	0.05702932
0.2455441	0.003616318	0.3247356	0.1234211	0.0418806	0.2237495	0.2095341
0.2325074	0.008010715	0.3764147	0.1598339	0.1459062
0.2216902	0.002662046	0.351433	0.2057348	0.160312	0.1277105
0.3487286	0.00731053	0.3331149	0.1511135	0.2801328	0.3425988
0.2351543	0.01326737	0.4068878	0.2038036
0.2096746	0.0199591	0.1310012	0.4327824	0.2724191	0.3254274
0.1736432	0.01797102	0.3845506	0.1671156	0.2128642
0.187878	0.01526479	0.3753704	0.1661698	0.1785025
0.09946062	0.02888837	0.3347905	0.1383851	0.1215729
0.1454492	0.01698285	0.4067672	0.1650494
0.3562199	0.009377468	0.4609939	0.1711443	0.131024
0.1694532	0.01152496	0.3232095	0.1702998
0.1964455	0.007185037	0.4561628	0.05514797	0.1822391	0.1312641
0.1139352	0.01026717	0.280741	0.1581008	0.3391821
0.1539603	0.01045013	0.3886769	0.1661944	0.2310658
0.1368411	0.01526769	0.2877944	0.2300923	0.09353249	0.2341596
0.2446036	0.04497058	0.1576578	0.334439
0.2151251	0.005196487	0.4028151	0.2115062
0.223183	0.02391271	0.3097983	0.1515877
0.3975518	0.06113686	0.1725052
0.4227931	0.02128965	0.2175519
0.3575043	0.009047164	0.1755651
0.3927957	0.01336111	0.1781499
0.3187165	0.006236801	0.07151405	0.3412001	0.206206	0.1384376	0.1564555
0.1167891	0.01591731	0.3523048	0.2606628
0.1621233	0.008736041	0.363386	0.2095349
0.1996431	0.01749981	0.2356215	0.5058104	0.2516853	0.1647426
0.172719	0.01546545	0.1503175	0.3518299	0.2815714
0.187328	0.007023721	0.3332737	0.1252398	0.1934888
0.1159495	0.01598974	0.3639759	0.1640074
0.1619771	0.01039384	0.3619332	0.1433714	0.1390079	0.1444529
0.2139328	0.00740396	0.4146705	0.1617722	0.154554	0.1534112	0.2996815	0.2727918
0.1791535	0.02919029	0.3184053	0.2459528	0.1789819
0.2370987	0.009986846	0.2870667	0.1363083	0.1666023
0.1378401	0.01383384	0.3574807	0.1605775	0.2629703	0.170507
0.2241337	0.1458777	0.323723
0.1984794	0.1419068	0.3691394
0.1407887	0.1048271	0.3282102
0.1934109	0.3743875	0.06061874
0.08986228	0.4067257	0.0607632	0.2730719	0.1185453
0.117298	0.3867805	0.07511992
0.2602081	0.3971685	0.1288207	0.009207126	0.04864562	0.1331732
0.203017	0.3620474	0.003935911	0.07498232	0.1746504
0.2287265	0.5039251	0.005949976	0.1949451	0.2820991	0.1373024	0.1003585	0.3199701	0.207387
0.3145319	0.3476336	0.0146156	0.198465	0.2191659	0.1494566	0.1751994
0.2602669	0.3723198	0.00606341	0.1086235	0.2403521	0.1616372	0.36694
0.2047026	0.3349106	0.003573024	0.2103335	0.1953943	0.1637544	0.1125339
0.2302533	0.4020578	0.01621319	0.2276384	0.2214643
0.1396069	0.5115566	0.03516524	0.2036634	0.1794946
0.2660826	0.3957018	0.01567259	0.1913812	0.3134835
0.2318604	0.3953061	0.002223723	0.2604285
0.3553539	0.007445227	0.1535236	0.1670027
0.3367887	0.007112831	0.2275956
0.2413414	0.0145418	0.1772701	0.3397008
0.1908096	0.07605296	0.4157794	0.1046539
0.08428062	0.0009898831	0.3821173	0.1640121
0.1318878	0.0003072508	0.173086	0.3380817
0.1368747	0.0008087436	0.130626	0.3488034	0.1409348
0.1464315	0.01764653	0.1641682	0.3562519	0.1830224
0.220952	0.0005112546	0.1641682	0.3488498	0.07847681
0.2585811	0.008297696	0.1897121	0.5441618
0.2164196	0.06011913	0.3846115	0.1116732
0.2533351	0.01200531	0.3649399	0.2211861	0.08322085	0.1659593	0.2463284	0.2346002	0.1488602
0.1150282	0.01350263	0.3634583	0.1438442	0.1438333	0.09290498
0.2425975	0.03668861	0.359528	0.1604176	0.115819	0.3813734
0.3410518	0.01164684	0.3702723	0.1936504	0.1604344
0.148394	0.0003681635	0.3302124	0.1800076
0.1944933	0.006018862	0.3870288	0.2182679	0.1635647	0.2320381
0.2218966	0.009727672	0.1601786	0.3502008	0.330592
0.1545008	0.003763245	0.2209454	0.2884248	0.09807353
0.3121518	0.02518426	0.1547382	0.1654448
0.2877751	0.006137931	0.1513513	0.4287936	0.182361	0.2283399	0.1647625	0.106843	0.3268378
0.1899434	0.009557839	0.1846776	0.4514817	0.2507991
0.1438009	0.02426749	0.1642255	0.4090733
0.1343644	0.02584093	0.3746197	0.2534531	0.1941544
0.137227	0.007163142	0.3176989	0.1614841	0.138312	0.276998
0.2131452	0.01064357	0.1415798	0.3771745	0.2111055
0.1786765	0.01392045	0.1276055	0.4536028	0.1659062
0.1968001	0.004021984	0.2152992	0.3544249	0.1533858	0.1342597
0.3151202	0.01143492	0.3544249	0.1703686	0.1313427
0.1814779	0.3702358	0.07615475	0.4045179	0.08406325
0.170295	0.09911078	0.3429319
0.3056137	0.1127133	0.3740848	0.0638192
0.1394915	0.1198833	0.422026
0.389026	0.1345336
0.1166405	0.1096273	0.3953557	0.2064298	0.2949254
0.25598	0.005651812	0.102254	0.3670451	0.2190775
0.2182595	0.003360848	0.1570323	0.3599707	0.1112187	0.1681204
0.359963	0.002823381	0.3599707	0.09433877	0.195129	0.214267	0.206117	0.1976391	0.2207361
0.09653905	0.04354717	0.3623581	0.2332459
0.171791	0.03527339	0.3612415	0.1210865	0.2098339	0.1229844
0.2427532	0.0209806	0.4336269	0.1975271	0.04856651	0.179155
0.1550767	0.02326153	0.04571645	0.1805429	0.3958109	0.2672774
0.2146275	0.01520316	0.08769481	0.1660258	0.2646442
0.2553472	0.01866712	0.1457601	0.3317494	0.2016882
0.2354086	0.01861971	0.2333471	0.1468975	0.3317378
0.2649565	0.02866696
0.288092	0.02614561	0.19514	0.4198138	0.2125147	0.2737154	0.196232
0.1449709	0.01244615	0.3089166	0.1707804	0.3338887
0.1256923	0.006773395	0.3515157	0.1617885	0.2728756
0.1745689	0.01453196	0.3807012	0.1499785	0.2995308	0.1953423
0.3821891	0.03243269	0.1741512	0.2680488	0.321687
0.3893461	0.03143567	0.1823919
0.3659831	0.002164346	0.1321304
0.2065878	0.005733394	0.3370157	0.1247251
0.1929053	0.0004619265	0.1694636	0.3407945	0.2145527	0.2836978	0.1696993
0.2383036	0.0202616	0.1316263	0.3380769	0.09783382
0.3073112	0.009531759	0.1687368	0.3347016	0.351266
0.2979572	0.0469701	0.166788	0.3937642	0.08743744	0.3012632
0.2167284	0.0355029	0.4442575	0.1941125	0.1503116
0.197059	0.06134729	0.1535289	0.3395666	0.2663734
0.1962095	0.03309154	0.174687	0.3977592	0.06085552	0.1017048	0.1892429
0.1201342	0.06714391	0.395961	0.2058981	0.1305226
0.2432082	0.09938192	0.2774875	0.09157025
0.2437772	0.07142743	0.4274746	0.164653
0.1657563	0.08449939	0.4914844	0.1459289	0.2292205	0.1897626
0.2227091	0.1538965	0.3023076
0.3486041	0.07652355
0.06824099	0.06095654	0.3546842	0.1278764	0.1589628
0.1389212	0.1203522	0.01633493	0.2329215	0.3743796	0.223211	0.1322692
0.2046426	0.1552335	0.06131007	0.3992945	0.2686678	0.1960154	0.1622408	0.03561562
0.1950048	0.03144717	0.4597516	0.1036758	0.2063316	0.2056503	0.1180798
0.1486544	0.03311888	0.378282	0.1246042	0.1893731	0.23249
0.1844575	0.0742585	0.1726836	0.3210886
0.2654917	0.02517613	0.1136575	0.3896391
0.2132628	0.0008913186	0.1195066	0.4002267	0.268054
0.376549	0.0106105	0.3936574	0.2016116	0.1352678
0.1911967	0.01536742	0.485247	0.1429416	0.12888	0.2240731
0.2194608	0.006824502	0.3615833	0.1322129
0.1704462	0.001980409	0.3693575	0.2026579
0.1803799	0.02398861	0.1521756	0.3062046	0.00729683	0.2397173
0.1059409	0.01018556	0.2280459	0.4154787
0.2267689	0.009063264	0.1609991	0.3748315	0.2526447
0.07696682	0.02911519	0.268046
0.1812247	0.0007095349	0.382197	0.2295239	0.177662	0.1514321
0.09774993	0.002472414	0.3945667	0.1363813	0.2761445	0.1881753
0.3615345	0.001051713	0.3991725	0.142418	0.1904028	0.2395782
0.1902367	0.02745117	0.4010324	0.1898361	0.0997939	0.1842777	0.1715068	0.2256828
0.1130566	0.0225668	0.3276591	0.1691285	0.2766129	0.2931208	0.1858678	0.1603076	0.142464	0.09499333
0.2909636	0.01338699	0.4309163	0.2028236	0.05579376	0.1548468
0.1607754	0.02024555	0.3922985	0.09030593	0.1790881	0.1570196
0.3105193	0.02463655	0.3764834	0.1875587	0.2736378	0.108228
0.246767	0.007162554	0.3866342	0.1164565	0.172594	0.2049376	0.1828254	0.1866303	0.1056551
0.1920196	0.01855541	0.3622208	0.1689547	0.06443049	0.2081366
0.1958758	0.1417577	0.474884	0.03985926
0.143644	0.3614809	0.008539463	0.2162049	0.2291626	0.2060198	0.2805088
0.1900299	0.3976091	0.04801338	0.1376038	0.278316	0.2356224
0.2477791	0.3715156	0.006027736	0.1553296	0.1281232	0.1613626
0.3556983	0.4301504	0.003474233	0.1714874	0.1133007
0.1859313	0.00259537	0.269532	0.2481533	0.2626641
0.3669166	0.02926206	0.1624154	0.2667267
0.3958394	0.01482426	0.1694309
0.3709624	0.04550978	0.1603009
0.2959139	0.04692731	0.3367168	0.2248787	0.1640856
0.3339652	0.006138362	0.1560246	0.3403068
0.3652717	0.01048656	0.1808566
0.2864517	0.02340589	0.1415369	0.3465859
0.3796957	0.002023303	0.1707846
0.3362663	0.0005487982	0.1786987
0.1414173	0.07427836	0.2115183
0.2503326	0.05993341	0.3434078	0.1570513	0.2108616	0.2269641
0.2516883	0.01638457	0.343678	0.1730782	0.2737637
0.1870008	0.003319461	0.1294205	0.3377533
0.2391654	0.002692128	0.4145073	0.147413	0.3175659	0.1403003
0.1123871	0.0129954	0.2860426	0.2242276	0.2328252
0.1938912	0.02796233	0.4049144	0.1762922	0.04501368
0.1988832	0.004913157	0.330915	0.1553258	0.04067758	0.2389446
0.2151506	0.01506411	0.2710287	0.09541186	0.1605559	0.2084879
0.1975279	0.04869178	0.1309659	0.3637759
0.255212	0.02858652	0.1527632	0.4454391	0.1739236	0.1594125
0.2440539	0.0311573	0.1598474	0.3871315
0.114898	0.0619146	0.1805609	0.3256039	0.2097378	0.1206811	0.2590248	0.2537621
0.3086116	0.01579064	0.3812057	0.2822115	0.2816614	0.1493624	0.3496323
0.3058505	0.01582831	0.1166686	0.2645232
0.2298616	0.005668507	0.3486575	0.1420133	0.1527304	0.2259173
0.2095595	0.002495158	0.2388805	0.1393306	0.3864737	0.1812768	0.1539388
0.2356444	0.016233	0.1855438	0.4315501
0.2677445	0.03831041	0.1679565	0.4079307
0.1445661	0.02351669	0.1711999	0.4564812	0.1331366
0.2101843	0.006394728	0.368985	0.2086353
0.2684242	0.0179224	0.3800294	0.1280181	0.125777	0.2516909
0.2555768	0.02638932	0.1740177	0.3575409
0.2516685	0.01675399	0.3566647	0.1320789	0.2115472	0.1591634
0.1907744	0.002795536	0.3319815	0.1207214
0.1054119	0.008270497	0.1626663	0.3473939	0.2735403	0.2177811	0.1489695
0.09397757	0.03447582	0.3455101	0.1711926	0.112702	0.2351798	0.1116752	0.2046741	0.07253777	0.1309673
0.286827	0.01446274	0.4151274	0.1669973	0.1030237
0.2026174	0.01964541	0.3206862	0.1813629	0.1160304
0.173448	0.0109141	0.4146766	0.1733053	0.1984494
0.1291844	0.08994373	0.3704625	0.2567406	0.1719093
0.384524	0.1260338
0.2648676	0.07002827	0.4118636
0.1362419	0.05136527	0.3440986	0.1989259
0.0824785	0.00625043	0.3608536	0.1541948
0.1481565	0.02347184	0.3628537	0.1414052	0.07738419	0.01521301	0.199
0.1885218	0.4219283	0.06470804	0.2348225	0.2703551
0.1578848	0.3583556	0.07428514	0.1893485	0.12123
0.2591323	0.3692023	0.1459867	0.03445949	0.1582998
0.2627814	0.01581853	0.1513085	0.3930187	0.1205304	0.2017467
0.2387092	0.003247726	0.1963226	0.37493	0.1420911	0.1168362
0.2083274	0.005812953	0.1829884	0.3856858	0.1084052	0.2448347	0.1960052	0.2486389	0.1434615
0.3041071	0.01934296	0.179905	0.3746501	0.1508356	0.1267068
0.1682232	0.02943401	0.2179482	0.3781362	0.2440801	0.1288522
0.2814753	0.005130166	0.1417372	0.3712672	0.1472673
0.2583961	0.006913701	0.3914917	0.1642899	0.202157
0.1700108	0.01077142	0.4497547	0.173072	0.2048642	0.2390092
0.3139365	0.01229765	0.3784316	0.1968342
0.3827891	0.1434548	0.1085934
0.2390891	0.07980809	0.3602246	0.3498577	0.2082099
0.2032878	0.3897679	0.08064127	0.2343303	0.2142161
0.1543602	0.4101651	0.1036874
0.2313411	0.2999478	0.08768549
0.168051	0.3556384	0.09457767	0.1852187	0.1068727	0.1655087
0.1535947	0.3344579	0.02047265	0.1813545	0.04175087	0.1456903
0.2004101	0.01274342	0.256363	0.1250698	0.2768571
0.1479768	0.08391872	0.4277962	0.05446154
0.2803209	0.2887159	0.09479478	0.2079627
0.2017613	0.4163431	0.09250286	0.2131887	0.1378186	0.1120237
0.3043825	0.1015343	0.1991051	0.3047385	0.2199655
0.139543	0.08452121	0.3586368
0.2238901	0.3458247	0.08967249
0.3597661	0.1242343	0.1638478
0.3390808	0.0270654	0.1585933
0.3559767	0.001812676	0.1993569
0.4006013	0.02891146	0.2635959
0.4253961	0.0001820696	0.1599848
0.3293855	0.0008825138	0.1258461	0.361396
0.3936236	0.03369852	0.1550307
0.3204132	0.02336549	0.2067939	0.405664
0.2694295	0.00759702	0.387045	0.2384012	0.3193711	0.2639064	0.3722872
0.1084029	0.03284338	0.1848453	0.406455
0.2326761	0.01098371	0.1368267	0.3385358	0.2026855	0.1361143
0.1115447	0.02588371	0.1694148	0.3653667	0.02721195	0.1211847
0.1918251	0.08688166	0.3944776	0.1210971	0.1637301	0.1814202
0.1890155	0.309516	0.110405	0.1516495
0.1690988	0.3288369	0.1575694	0.03587406	0.1708035
0.2618343	0.129323	0.009508692	0.3699887	0.2382727	0.2531823	0.1614087
0.2603475	0.007138331	0.09501725	0.2403586	0.2594956	0.1636877	0.1609089	0.1368049
0.3068629	0.0001710855	0.1343428	0.1914448
0.4187931	0.02745523	0.2668754
0.3581458	0.01218345	0.1953906
0.139592	0.00515807	0.1836903	0.3937554	0.08500507
0.1346889	0.005287939	0.1769067	0.3756073	0.1001787	0.1258484
0.255308	0.004693925	0.1769592	0.4829207
0.3666228	0.07400166	0.3359677	0.1516314	0.1365606
0.2025914	0.004926244	0.3763993	0.1206286	0.1333821
0.2205471	0.005332017	0.1418582	0.3237187
0.192312	0.005799636	0.1315829	0.426962	0.1844576
0.1930837	0.02404853	0.2931904
0.2344636	0.01755339	0.3055251	0.1552552	0.1453813
0.1989859	0.01030911	0.3274201	0.1094196
0.1290819	0.004698513	0.4001535	0.210323
0.2280963	0.003082554	0.301254	0.2646803	0.2010576	0.3502754
0.3244843	0.00602014	0.1574627
0.3105483	0.006273136	0.1932201
0.3754755	0.01296346	0.1903236	0.3472579
0.2772656	0.03369283	0.2113981	0.439248	0.1074254
0.2436974	0.04909763	0.4423918	0.1589567	0.1011177
0.2363182	0.380164	0.08080499
0.3054592	0.3505477	0.005594236	0.1149236	0.1322717
0.1631615	0.3657475	0.0007704043	0.1523037	0.2808765	0.08275004
0.2368331	0.4318569	0.02812385	0.1810998	0.2190202
0.2431995	0.4144401	0.01768073	0.2321454	0.1152344	0.1928513	0.2550701
0.1176662	0.4205269	0.03881411	0.1422964	0.2478003	0.07718261
0.3870273	0.01319061	0.1959149
0.3829977	0.01253672	0.1911383
0.3655058	0.00338702	0.2123762
0.1271521	0.07177387	0.1399185	0.3019044
0.08503889	0.002453668	0.1555361	0.4075752
0.08446346	0.006371261	0.2982668	0.154654	0.2635875	0.1401591	0.2031369
0.2724886	0.00637026	0.4314751	0.1823679	0.1472294
