SpeciationRateChanges
14.78809	24.11852	21.69013	14.67378	18.92745
23.93116	21.75564	11.50244	7.543534	7.419424
24.00462	12.89305	21.91311	7.571023
24.01687	21.63437	9.351151	1.04264
23.96409	22.33612	12.82018
24.01269	12.41063	21.65836	9.817941
24.14385	20.78694	22.37075
21.69567
22.22631	20.56779
21.6305
21.07565	2.014849	23.23533	22.68557	0.973274	1.521194
21.43491	23.99764	0.6720865
23.99764	6.431303	20.86243
24.05271	17.41645	21.1073
24.07719	12.55335	22.27897	10.87767	21.08639	22.94026
24.09225	10.51066	20.76374	0.7863499	3.367327
23.94784	21.17195	10.76316
23.9453	21.75162	1.986464	16.06383
24.00979	17.70746	22.25488	6.560079	14.0004
24.13017	16.31959	21.70883
23.96844	21.63049	16.64251	3.490083
24.10365	21.25088
22.05931
22.1649	16.6649	14.29463	0.8820083
17.3266	24.05062	20.61634
22.0808	4.139041	1.74509
22.23932	18.40942	24.07214	9.621711
16.60495	24.07214	2.240673	22.13711	8.438078	9.689938
23.96593	21.68234	18.08934	19.42293
23.96593	21.69623	17.11522	0.3709001
23.96593	22.11882	13.77707	0.04225662	23.68803
23.96593	22.11866	18.7664	18.05836	20.68468	4.425851
23.93992	18.9065	21.53031	16.3383	4.380812	6.995698
23.96023	22.23176	18.28638	5.349883	5.064175
23.97555	21.26054	17.58848
23.99523	22.09794	18.36331
22.23109	15.59129	14.42822
22.06063	19.24482	10.11027
22.65701	18.65828	14.63038	8.208228	14.28935	0.07227752	21.16177
21.69417	19.6659	4.822592
21.73167	7.334901	0.3327745
22.37201	8.056344	2.898594
21.77902	16.87981	6.441898	10.96388	11.69896	5.887993
17.29725	22.44748	12.04963	15.99763	20.85565
11.21263	23.90047	20.96621
11.86418	24.08398	21.76113	22.99824	21.62181
23.92049	21.67314
24.13997	22.3124
22.14176
21.6838
21.72325
22.33453	15.62813	22.16091
22.34546	18.75722	11.03766	21.70631
22.08214
22.46175
22.09628	21.78289
22.07318
23.97954	20.8424	23.80652
24.00224	21.702
23.97956	21.72247	16.43183	12.51993	15.0732	14.53432
23.97682	17.08369	20.85055	2.973402	11.08897	14.15275
23.97682	18.41862	21.54104	17.00839	1.38029
24.16319	17.24751	22.37406	21.31191
24.0883	18.89493	22.17079	4.165538
24.09423	14.72225	21.73793	12.05459
22.01375	18.30711	20.77958	11.76335
16.56602	4.799876	21.80529	22.23981	13.82103	3.906522
10.9068	22.35935	6.278681	17.42404	21.44872
22.22243	15.19489
24.14364	15.80376	21.75678	6.224649	12.07831	5.325243
23.96587	21.56057	11.80496	23.00418	10.74422
23.96587	22.27117	15.54564
23.96587	15.59056	22.11772	22.79124	21.88041
23.969	18.45144	22.28968
23.97805	19.26889	20.66193
23.96479	13.23165	22.03596	9.276246
24.00777	20.80672	5.075838	12.09152
24.01937	21.69121	10.11402
24.01139	21.69121	7.183194	1.092773	5.738909
24.02637	22.03258	17.12253	7.553784	15.90289	8.892315	8.647843	7.121216	8.687768	7.290286
24.02637	22.0453	18.08579	8.709789	7.347573
23.95553	20.87832	16.07063	22.879	22.79131
23.94845	8.844228	22.07449
23.94459	22.28463	2.445431
23.94459	22.11758	1.281474
23.94459	15.25242	22.07869	9.896583	22.64398
23.94033	11.16438	21.36983	10.73738	23.60225
23.98167	15.24265	20.64423
23.98167	15.56695	21.13742	0.8391259
23.94762	22.50139
23.94762	22.27061
23.94762	22.07117	22.97936
23.99609	21.74622
23.9517	22.10949	12.54017	23.17222
23.97159	21.65845
24.24911	21.919
24.00876	22.35278
24.0844	11.90739	22.29029	0.03516208
23.95888	18.83058	22.27107	6.090731	17.86713
23.95788	18.45116	21.31047
23.97183	22.04891	19.64969	17.5985
23.96674	21.87192	14.06327	1.232775	9.482288	20.61508
23.96674	21.37705	14.17916	1.867194	11.37235	23.54773
23.98845	17.29981	22.55474	23.16524
24.08341	18.56516	20.99117	13.70134	7.670646
23.9574	14.537	21.3284
23.9574	16.8022	21.7363	10.45139
23.96133	18.96484	21.78226	6.27826	8.134895
23.96133	16.65947	21.1542	13.92495	11.46485
23.96133	18.38651	22.25937	20.71237
23.99265	18.3794	21.8243	7.799069
24.06112	15.75487	22.21742
23.99898	12.66328	21.69684
23.96938	16.66379	22.14778
23.96938	22.44897	2.359408	3.559567
23.99733	0.2602038	22.29893
24.13987	18.1821	21.86183	15.25278	16.80409
24.19546	18.40214	22.27378
24.32846	18.01868	21.76667	22.02645
22.4169	16.7932	12.04097	13.90614
21.40737
22.07498	9.669539
22.13595	18.08517	15.74686	11.9877
22.26234	18.002	3.185277
22.2316	18.41547	7.837387	20.71245	3.152619
22.2263	12.47487	9.631828
22.12909	10.43223
23.95305	20.98565	8.185042
23.95305	21.73158	14.92054	4.303993
24.11622	22.19729	11.45836	4.980619	21.36059	23.61086
23.64188	11.37635	22.08835	7.645126
14.0261	23.89821	22.05792	7.823053
18.99961	23.92014	22.75901	6.167145
18.87963	23.99186	21.68521
17.70457	24.05497	22.13375	23.41707	21.4515	22.05556
18.26175	23.96111	22.36814	20.83481
18.13965	23.95745	22.23982	4.062687	2.499481	20.69756	19.06001
17.76559	23.96445	21.12644
18.47066	23.96162	22.05202
18.87353	24.0168	22.19495	2.215853	13.28182	1.918595
18.3486	24.02422	22.13596	8.618656
17.75516	24.02852	1.10468	21.34715	6.123764
24.04741	5.661208	18.79556	22.36408	18.66833	1.026069	4.704148
24.04612	17.42487	21.7616	6.944909	12.69856
24.04612	18.4812	21.44964	0.8708521
24.04612	18.56014	20.67677	1.732385	22.81042	10.04538
24.04987	18.49335	21.75793	4.360636	18.33102	4.874194
24.03311	18.16574	21.46331
23.96123	17.34118	22.37665	14.01032	21.37856
23.94811	21.30833	3.183832
23.94811	21.73928
23.94811	21.54527
21.95069	14.78438	24.11766
22.25138	23.94013	3.739589
21.58484	23.97676
23.94909	22.21789
22.59488	21.76929	15.36362
22.05762	23.90585	18.2963	18.17665
22.05762	8.083695	0.2455033
21.73579	12.43306	1.414153
22.06706	23.96634	16.21572	23.78889
21.02968	24.21853
22.1268
24.03303	21.96399
24.03303	23.56678	22.19236
24.31009	21.68802	14.75344	9.37854
24.03055	22.09286	18.37206	8.566178	2.203362
24.03147	21.0899	17.19877	11.92335
18.26274	22.31423
17.84531	21.08486	23.81574	6.40531
17.32558	22.22966	15.3954	9.890265	8.69421	23.4646	1.39303
18.46236	20.81146	6.208693	8.756325	9.836259
18.43064	23.01444	14.0306	20.93545	13.89993	10.49459	12.47031
19.01119	22.20974	5.20243	1.44323	21.04457	1.106372
22.10554	24.02717
23.95874	21.34309
22.33686	18.6959
22.07078	22.69259
22.04642	21.86717
24.06923	21.21894	15.44373	6.610618
23.94541	21.75119	1.739589	21.91584
23.94541	8.761908	22.25733
23.94541	15.28247	22.53059	10.22842	22.07281
23.94541	18.22291	21.09808	6.450332
23.88605	14.82932	21.70983
10.90405	22.15867
17.67397	22.1474
18.17354	22.40664	8.047491	8.212199
8.069009	24.09531	21.08616
2.987315	24.05625	22.1022	1.131524	1.945049
24.05625
22.11772	7.263543	16.61486
15.14866	22.31962
17.03168	22.23065	7.543318	2.436144	13.60991	6.934436
15.78956	23.93456	21.13842
19.42643	24.22718	22.20979
24.18689	6.663171	22.55696
24.0225	15.27731	22.31154	7.327713
24.0602	18.33359	21.44353	8.891972	7.258067
24.0602	18.6286	22.13609
23.94545	16.44029	22.08107	23.27267	13.36815	13.49127
23.94545	17.79013	22.08107	11.03091	14.61271	0.7220743
23.92543	21.86282	18.53702	24.93142
23.93893	15.73005	21.18056
24.03414	22.30535	14.93127
24.17407	20.84712
23.94273	21.37242
23.99638	21.94686
24.4094	21.69752
23.93976	21.7182	22.40659
24.05458	21.46151
24.0323	21.73427	0.341397	0.259701	24.93312
24.02644	21.69504	16.29066	10.95934	3.907947	5.016083
24.02644	21.69504	17.19374
24.10712	22.22215	13.03869
24.06493	21.74675	0.8145694	8.664766	12.91189
23.97386	21.63853
23.94847	21.22346
23.98224	21.82067
23.97653	21.32731
24.14857	16.47689	22.11626	2.236806
24.36432	18.86114	21.6416	0.7572951
24.50637	13.84055	20.71807	23.98398	21.83101
14.40106	23.98398	21.68981
11.76195	23.98398	23.56426	22.12808	4.486707
23.98398	16.97422	5.451548	21.31538	20.8094
23.98398	17.26671	22.00859	1.57545
23.62391	16.16989	21.70323
17.85708	22.10499	14.5191	2.973324	15.21704
10.64217	22.19666	0.413657	6.555179
21.75829	24.1351
22.35963	24.02271
22.13195	23.96678	9.492457	2.943288
23.96678	0.09792006	20.63824
24.0025	5.685388	21.75855
24.324	11.28224	22.07437
22.23727	4.589559	22.11109
21.28519	24.07349	9.443418	8.158355
22.59397	23.93877	15.54272	23.592	9.304275
23.40888	24.00677	16.95186	22.14659
23.96708	21.7973	4.061028
24.12619	21.71676	17.87719	0.4593337	0.969783
24.0706	19.04741	22.58402	0.7115507	21.66832	21.71976
23.96756	3.672461	22.00315	18.76729
24.12096	21.68669	18.46229	21.01492	17.34249
23.94078	15.32647	21.41146	5.888176
24.01512	4.29878	21.40844
24.07747	3.531733	21.03764	1.1832
23.95694	0.4901955	21.59301
23.95694	21.06657
24.02596	22.26758
23.9922	21.17968
23.9922	21.1949
22.26637	22.07451
24.00789	20.86149
24.06075	21.17871
24.27553	17.916	22.38702	8.465526
24.2644	17.82967	14.07492	21.11097	2.441152	16.67005
24.04087	16.20939	22.31281
24.09112	18.82124	21.68257	13.45132	21.83386
24.09904	18.56454	20.62581	7.863993	3.882005	21.88495
24.09904	3.255941	22.09171	15.49084
24.24393	21.70634	18.76214
24.06694	21.63916	18.35075	17.06784
23.93281	21.49872	18.34797
24.04637	18.01701	21.67443
23.89915	16.38007	21.13281	14.48164
24.14591	18.40445	23.15838	20.49131
24.0536	18.4826	21.88723	23.36428	3.267556	2.91033	25.03237	1.932583
24.01418	18.18066	22.11785	2.746584	15.68464
24.01418	14.56889	22.23766
23.96198	21.68416
24.05416	21.84611	14.76066
24.05416	10.79744	22.06884	9.425127
23.96228	16.82394	22.03734	7.431368
23.96228	16.63468	22.66506	15.12418	23.18145
23.96228	9.673759	21.36366	18.75255
23.96228	8.010964	22.03054
23.96228	9.687695	22.30044	3.381194	23.6529
23.96228	8.70155	22.41176
23.96228	21.65347	8.90867
23.93991	14.29875	21.59534	13.13574	10.71031
23.93991	16.97871	21.13831	2.659719	11.89746	9.026094
23.93991	22.57723	17.78176	17.51242
24.03687	17.56113	20.63235	11.37701	6.463423	11.18793	8.450347
24.03687	8.700459	22.09945
24.13411	17.41589	20.99263	0.7103196	8.889158
24.13411	17.69359	21.57997
24.18393	17.0581	20.99932	0.6939551	22.0196
23.9707	19.06205	22.10964
24.028	13.63905	22.23503	5.849262	4.635198	12.40234	10.28042
24.028	21.28055	17.6055
24.028	22.05166	16.38917	14.26591	5.292123
24.10665	21.79925	15.91616
24.03371	20.83517	18.87851
24.11622	21.68484	18.56411
23.92642	18.26102	21.69635	3.883442
23.94675	13.383	21.27844	8.965658
24.20614	22.1114	4.17572
23.9209	20.9403	11.13421	22.86853
23.9209	21.87687	17.69601	2.062595
18.81167	22.03008	6.192624	10.07664
18.41956	21.88604	1.836453	18.22457
22.09694	17.93718	7.650286	11.23537
21.07499	18.10741	24.14319	10.02766	5.910472
21.8471	16.34136	24.09518
21.87209	24.09518	18.2687
24.09518	18.75226	21.11161	6.204669
23.9831	18.47852	21.79869	7.692495	15.47933
23.9831	18.74465	7.458334	20.78273	21.32852	17.99869
24.00734	18.17859	22.05484	6.569807	1.494266
24.01491	14.90641	20.92842
23.99835	21.39747	10.11852	2.044014
24.02537	22.21988	14.23043	4.116881
24.02537	22.30965	18.38628
24.00096	21.32645	19.23669	15.66503	5.973066	13.64374
23.95597	21.526	9.83419	6.574091
23.95597	15.34092	21.44819	23.60391
23.95597	22.08398
23.95597	21.65242
23.95597	21.78274
23.95084	21.29432	6.384078
23.95575	10.30751	20.83264
23.95575	11.5624	21.91532	6.734551
24.02383	11.28498	20.87646	11.28342
24.24149	9.632884	21.37651
18.40703	22.44118	9.310014	5.310786	18.37046
22.36263	18.28538	14.30289
22.32717	19.0761	12.21413
22.05982	15.66649	5.503285	8.000419
22.08313	17.97293	23.63281
22.236	17.22386
22.29457	14.3828	20.76787	8.712678	0.4580753
21.88793	13.94849	5.108605	12.54474	21.42798
19.28007	22.1804	17.34016	1.648757
16.73999	22.05718	23.91954
9.700446	21.68253	4.077527
14.78852	21.7397	3.607407	6.184709
15.3601	22.03601	3.906784	23.928	2.081023
18.14088	21.88239	14.32455
21.70995	7.981928	1.84275
22.13516	18.91754	24.502
21.77123	16.06015	2.275507	0.502499	10.83988
21.6562	18.66	24.08772	15.34137	18.51118
18.81626	24.04116	20.7794	0.7645261
18.13689	23.94384	21.221	10.624
18.97529	23.97692	22.28657
23.95457	22.37871	13.94734
24.05167	9.104927	0.2582265	21.19488	13.11534	6.829832
23.94508	21.62188	14.49016
23.95031	21.07518	15.47806	1.073707	13.61427
23.95031	19.53709	21.63785	3.313206	12.52497	0.2854384
23.94427	18.48279	21.1296	8.766115
24.04024	18.81949	22.25624	6.565983	14.21099
23.95082	11.5258	21.6861
24.06988	21.16737	11.46534
24.01617	15.44135	21.13745
23.97491	15.50275	21.62977	1.55255	22.38297
23.97491	10.42822	22.03717
23.97491	10.24083	6.361523	11.68176	22.14669
13.6244	22.36608	24.04035	11.55123
23.93881	4.331983	21.99286	1.990044
23.93881	23.08524	14.41702	5.359143	4.144593	2.804445	21.67137
23.93881	18.23571	21.45997	17.33382
24.01374	15.18668	21.62489
24.01374	14.04296	21.99196	7.035137	0.5336354
24.01374	14.71074	21.99123	8.094281	23.76031
24.04989	21.02434	15.26948	6.755667	23.80263	0.7552242
22.36609	14.79227	12.50232	2.729268
22.22985	1.384975
22.39422	13.79412	20.9931	3.832839	0.06240678
20.78168	16.97006	24.34676	3.266632
18.65628	23.90487	21.08059
24.01192	22.30965	16.65107	6.9431	20.88437
23.94427	21.80809	16.75706
23.94913	7.979045	18.03085
23.94654	18.98509	22.64478	2.227971
23.94654	20.83151	18.90473	14.18758	10.93067
23.94654	21.42381	18.59786	0.7686492
23.94654	18.50162	13.66981	21.38808	23.86317	10.16688
23.94654	17.97172	21.07753	7.674253
23.94654	17.67623	20.91226	4.063562	12.64397
24.07909	14.68189	20.84927	11.76452	2.209158
23.96505	21.2072	18.05887	1.299023
23.95061	22.05811	6.629413	23.79667
23.95061	20.96473	18.1947	13.90812
24.00302	19.5207	15.55967	21.63681	12.76183	19.62737
24.03022	21.83667	18.43119	14.86068	5.719941	23.63667
23.9008	21.89114
24.04278	21.7543
23.97547	22.08974
24.23896	22.07089
23.9279	21.70116
23.9507	21.3156	9.740671
23.96603	10.54267	21.7123	2.69704
23.96603	6.832065	21.77522	0.6915669	5.137536
24.00044	22.0055	13.85013	12.74527
24.03162	15.82612	20.60844	4.579033
24.17464	10.33905	22.24328	4.991982	3.23969
24.22647	21.77221	11.53132	1.931268
23.96757	21.42716	3.257651	22.5728
22.10629	6.478996
21.87855	18.40435	10.39804
21.17022	11.77524	6.588303
21.11407	14.72053	23.78739
16.20772	24.57499	22.08033	24.28765	8.296657
14.21177	24.04073	21.69563	8.177206
24.00667	21.78659	17.29264
24.06491	17.76789	23.79943	22.24458
24.10888	19.66962	22.06191
23.95296	14.38337	21.72056
23.85646	14.59278	21.12418	2.721882
19.26131	21.88121	22.31117	13.05856	16.87612	9.899808
18.70518	21.99096	6.285464	16.32268
17.35946	22.12762	8.855724	4.980581	24.2625
15.35638	21.09396	24.16017	13.24608	4.90752
17.21162	22.37647	24.25481
19.38841	20.69953	23.9634
15.31125	22.38933	24.01263	23.47342	1.293402	12.76342
24.07291	21.68954	18.43714	7.549489	4.066129
22.77229	11.0044	6.547135	10.46563
7.313506	22.28245
22.14015
24.00131	20.96921	18.36755
24.01155	21.77692	13.7126	3.928167
24.01101	18.43042	21.02559
18.12792	22.07045
13.59618	21.18493	24.02389	0.07884032	0.5924693
14.35483	22.26827	6.403497
15.64343	22.39443
22.24754	11.19995
20.64179	15.27869
22.10176
19.07449	21.65939	4.517084
18.30538	20.72618	24.3609	11.968	19.58506	5.84195	7.14496
23.33678	24.01649	18.27916	21.88094
24.02731	9.123412	20.74701
24.13044	14.23955	21.72152	13.18929
23.95929	16.41945	21.45186	15.12574
23.95929	22.34244	9.323193	21.45848
23.99974	21.60205	4.772185	23.27287
21.822	4.197721	24.57908
22.27494	8.202547
22.28827
21.11006	0.7848312	0.3341438
22.02417	22.25536	17.18076	11.93782
21.68335	18.30759	10.15722	9.340577
21.68335	18.86627	5.657387	18.42845	2.441482
21.63954	16.5912	11.53136	9.257534
21.75488	12.33821
22.27172
22.19725
22.00665	24.34642
21.50823	23.99724
21.11434	23.99724
23.99724	22.13688	12.50046
23.95007	21.81446	16.34066
23.95007	21.85771	13.16036
23.92711	21.66032	18.27047	15.83846	0.3776095	22.76865
23.92711	21.70147	17.29068	5.894484	5.127303
24.07224	18.4734	21.87873	21.16811	20.81516
24.00572	17.32313	20.84658	16.85164	13.24926	16.54197
23.92178	15.44036	22.16453	2.582093	23.55859	13.02003
14.00827	22.24802
22.34222	18.42361
21.89425	9.456055
21.71323	18.24746	1.814455	23.35046
18.34616	8.902832	20.8794
18.1898	24.02858	21.1451	4.301909
23.96233	21.49825	17.81477	14.54995	10.8595	21.76524
23.97511	21.42057	13.39624
24.01381	20.6205	18.3719	17.67523	11.27451
24.01381	17.93688	22.22685	3.26413
23.99203	17.43637	0.1168408	21.33193	3.773502	15.93312	0.2391627
23.99106	14.71814	21.28857	11.4733	12.0247
23.9764	15.57461	21.54803
24.02163	15.43157	21.10527
24.02163	21.86852	23.13755
23.95467	21.71038	14.50224	13.59766	1.983049
23.98577	11.55776	22.27186	1.867915
23.98577	12.5372	21.37835
23.98577	20.82469	18.48613
23.98577	18.43787	22.33457	0.711992	23.55552	6.610204	20.56816
24.11568	21.14462
23.9852	21.63354
24.10775	22.03706	6.971475
24.10775	21.8001	10.96971	17.92059	21.03326
24.27988	18.7869	21.6826	8.309029
23.99463	18.35622	22.08065	0.3040038	5.069411	1.139248	23.93119
23.99463	18.18824	3.149123	22.33258	14.639
23.99463	21.88744	0.3789599	17.63851	17.13143
23.99463	9.9446	17.1213	21.31455	23.52217
23.99463	21.89908	4.872549	2.075694	6.880866
24.01573	11.78223	21.56451	1.022481
24.01573	16.98976	21.19297
23.94013	10.84857	22.15787	1.459281	10.53362	4.527743
23.94013	21.72524	21.21795
24.00978	22.25787	15.11554
23.98015	21.08457	12.37763	1.726388	6.493261	4.173927
23.98015	10.95222	7.533141	1.924955	10.06958	21.0886
23.94038	8.732713	21.17523
23.94038	13.89624	21.54088	8.822368
23.94038	18.40128	21.91031	13.81877	21.63698
23.94038	18.9124	21.68976
23.94038	15.79062	22.14674
23.99659	18.20816	22.10332	13.0653	7.956099
24.03213	18.31108	20.81195	9.703925	8.550865	11.39845
24.04404	15.30032	22.09627	6.372982
24.04404	18.42169	21.70028	14.63891
23.97038	12.4386	21.83616	1.29586	7.562502
23.97038	11.38503	22.35548
23.97038	11.07404	21.74754	21.09055
23.94439	7.100615	21.06093
23.95864	21.14743	18.17043
23.87049	21.67021	19.85395
19.41276	21.70228	23.93396	0.5954544	23.37636
17.33493	24.02256	22.07272	1.926841
17.80096	24.02256	21.68722	12.94084	22.24582
17.66086	24.02256	22.24016	22.0351	17.18966	15.10942	22.0352
24.01209	22.22936	17.37645
24.07258	1.853452	21.00332	20.24464	23.6755
23.97142	18.85325	21.45013	9.58035
23.95075	19.49755	21.81622	23.06395	17.5861
23.95075	12.89362	20.84765
23.95075	21.96078	13.63693
23.95075	21.87714	18.21565	13.74809	3.1734
24.20988	18.47237	21.69288	9.00659
24.17123	15.40663	21.69288	10.29838	2.078446	14.48101	5.244923
24.23488	18.48305	22.27809	8.47611	5.219781	13.67768
24.35212	8.338824	21.4346	0.9524921	18.38382	8.374961	10.06057	6.402762
24.10517	14.644	21.78805	1.961601	14.15427	22.11256
24.10517	14.53428	22.17303
24.01651	20.85183
24.38639	21.63877
22.63701	4.58986	3.952796
21.76108	9.591525	23.94749	0.6096195
21.63495	19.08977	23.99304	11.66075	3.546258
22.41113	18.15128	23.95967	11.01701
20.92827	18.46863	23.9497
19.0613	23.9497	17.6176	21.7091	0.9301476	25.03578
23.9497	22.08032
24.03804	21.78324
24.03266	22.12096
24.12282	22.35864
23.9633	20.99847
24.02892	21.97785	22.9691
22.37254	3.562521
22.27025	9.381754	4.089499	5.824532
22.24757	17.18356	9.512461	4.633117
21.72058	18.46096	9.956402	17.37002	8.069887	0.4583061
22.05459	18.43036	17.50637	5.074947	6.585056
22.04961	15.21291	4.598825
21.75375	8.829683	23.97905	8.115599
21.68713	14.99543	24.24524	3.028087	8.491358
22.15452	17.61908	24.24151	21.69169	2.16637	0.4241272	9.300326	6.480669	12.0134
22.55111	18.4567	24.14125	2.888222	16.76726	5.911516	17.33472	13.80604	20.75058
17.03899	24.11955	5.668352	22.33112	3.545699	17.84652	4.406432
18.13344	22.63811	6.722161
22.27959	15.00018	12.58329
21.73446	17.23932	12.74412
22.33876	14.39149	12.91275
22.25533	17.88577	17.61269	6.777279	10.10904
22.2106	18.44438	14.75336	11.31593
22.27416	14.25826	2.152898	0.2815053
23.86315	17.16184	21.37064	3.454842	9.408047
23.96241	22.04909
23.92997	17.60846	20.60101	11.32153	5.252523
24.00158	18.99058	20.98896	17.69566	18.37157	23.14762	9.025097
24.17613	18.14813	22.3019	5.354025	8.716354	3.792213	16.41363
23.95755	18.46748	22.20584	22.1764
23.95755	14.35695	1.155856	21.67329
23.95755	21.78287	22.1497
24.04396	21.16499	17.231	10.15764
23.95498	22.1087	18.53002	1.027011	10.75823
23.95498	20.84923	17.52517	12.21634
23.95498	17.22821	22.14782	13.21433
23.98754	16.00165	21.64848	2.575726	2.272969	12.92711
24.04511	18.9396	21.17388
23.96022	21.75116	13.62112	8.545577	15.3329	13.30448
23.95407	16.6762	21.16085	16.2361
23.95407	22.55529	3.495896
24.03961	0.4023871	21.71543
23.95468	21.75723
24.10592	22.23119	11.18388	10.13613
24.05829	22.08515	15.44182	13.84384
24.04767	16.51604	21.13052	10.70698	4.655485
23.96628	21.00708	10.48357	7.4386
23.96628	10.56911	21.15654	0.8754422
23.96628	15.20976	21.72165
24.02555	11.65288	20.61751	2.086296	20.68504
24.01304	10.9438	22.43833	6.09631
24.01304	22.1897	15.31874	0.9310094	20.94992
23.95333	21.72486	23.20493
24.1348	21.70926	5.742974
23.98257	20.68081	16.80831
24.04359	17.51091	21.36806
24.09898	19.33078	21.1951	14.22826	10.87081	4.808186
24.09898	21.71383	13.88946	22.31744
24.24532	21.7263
23.96439	22.26468
23.98805	21.74815	1.521799
21.97391	22.69218
21.33157
22.22419
22.08282	0.7516807	0.6191924
22.29013	6.137421
22.23866	17.12026	0.9912581	4.275039	20.80291
24.04982	15.80308	21.36252	0.2146897
23.85818	21.95256	19.36155	18.14444	10.44073
23.85818	18.1	21.20807
24.04057	18.20347	21.60987	16.93006	2.82446
24.17398	15.59774	20.87149	6.237533
19.02249	22.33328	21.37432
18.20763	21.73225	9.369832	2.563068
19.71242	21.96414	1.063658	0.5875194	11.33764	10.27459
18.74046	22.20485	11.3636
21.71789	9.472006	7.721826
22.0104	17.97679	21.19881
23.92745	22.16057	12.81684
24.04341	21.33005	18.21211	3.188373	9.193634	14.89086
21.71866	18.43401	9.533744	13.0975
22.08534	18.4259	5.590649	7.985702
21.66537	17.7846	14.31715	16.97303	9.268227
23.94613	21.1302	4.046956	4.654084
24.00067	21.72165
24.10998	21.50783
23.98008	22.17899
24.22615	10.37919	23.12103	21.78966	12.77138
24.0613	21.56654	16.71087	6.275858
24.21316	22.43377	19.02985	18.461	15.90332
22.25912
22.35742	21.84466
24.09804	21.67879	13.40026	12.23582
23.96893	11.68656	21.72264
23.95891	18.32549	5.894283	22.03512	15.16879
23.98064	19.24523	21.98856
23.98064	19.54423	22.02011
23.94308	14.4071	21.10318	2.233674
23.94308	21.21309	19.21688	5.246025	9.098684
23.94308	22.22394	18.04051	21.68397
23.94308	18.18965	21.4568
23.94308	18.13159	2.346605	21.72138
23.94308	19.46537	21.69311
23.94308	18.61386	21.4538	8.298933	5.161029	0.2234492
23.94308	17.52443	22.26192	10.31999	0.003287662	11.43515
23.94308	18.49544	21.24268	13.50021
24.05391	22.87774	18.34557	23.02405	22.07088	6.208017
24.21057	18.01621	21.40759
19.56188	22.2621	9.433248	9.41424	21.2338
18.3987	20.92522	23.95248	5.101825	16.52515	0.7982355	23.11578	3.278258	0.2148027
18.23126	23.95248	5.400372	13.967	21.36789	16.43127
23.70726	21.34349	8.662163	16.81803	7.227584	22.76083
24.06413	20.49009	15.28683	1.88441	8.975995
23.95415	15.29357	21.41531
23.98047	18.56427	21.88797	15.83527
23.75564	22.22661	8.260833	5.103761	0.967185
22.32264	9.53092
21.8004	1.721566
21.20811	0.6970634	22.58505
5.645054	21.63327
22.56198	13.14594	8.051025
23.95743	21.90849	10.37834	12.49899
23.95743	22.06093	14.5532	4.361884	3.808608
24.22917	22.36518
24.08003	20.90108
24.15505	21.6969
24.0465	20.54918	24.92763
23.97416	22.22129	2.240902
24.05783	2.250995	22.05764
23.95311	6.65212	21.7502
23.95311	22.39225	23.4006	19.66314
23.95311	21.07571	17.27305
23.95659	18.30918	5.63233	21.7075
23.98017	18.06485	21.7075	13.27079	8.491749
23.99644	18.27165	21.7075
23.98971	17.23579	22.03481
23.97122	17.06838	21.72872	2.230733
23.94527	21.08451	5.061475	18.07876	1.911315
23.98909	21.37091	5.534754	18.44828
24.51102	21.44925	0.07343717
22.24906	24.43485
22.30433	16.25016
21.56925	12.30161
21.68319	13.29742	12.98809
19.10704	22.05589	7.363973	9.257412	11.71788	12.22626	16.28558
18.45326	21.82815	12.75338
17.63726	22.07649	1.87038	16.59239
18.11659	21.68222	23.98	5.02321
14.79879	22.43927	9.983246	21.26486	12.83709
16.29438	21.34924	9.386491	10.60701
21.63509	1.36789
21.87289
22.23698	15.4829
18.40318	22.54835	7.68078	3.978396	4.575106	21.94297
18.51541	22.28763	11.50065
14.42145	22.25729	21.36249
17.71726	22.07683	1.475038
21.59606	11.14699	22.59417
22.28222	19.21163	23.822	22.08836	11.27627
22.39003	18.27458
20.98485	18.43127	25.02865	9.531236	8.528265
13.94495	22.06217	0.7321471	3.55803	13.21636	4.431266
21.89182	0.01057052
21.71161	24.90337
23.97765	0.6505193	21.27483	23.67549
23.98394	21.98428	6.341894	6.274885	21.74602
23.98394	21.88439	14.97107
23.94118	9.5499	22.05923	23.22391
24.00496	22.26877	23.49146	5.769545	2.648528
24.00496	21.69773	8.531974
24.07929	21.14573	4.927667
24.07929	21.72263	3.720417	3.588578
24.15388	21.69928	10.38118
24.09461	21.70732	15.01231	6.974216	8.199692
24.39772	21.68885	18.64609	4.056409
24.01717	20.88622	22.34108	0.2026657	3.798892	1.214842
23.94389	5.18921	22.16421	22.08877
23.94389	22.11419	18.43973	12.82058	16.85854	21.69961
23.94389	21.19107	18.11851	15.97689	5.198065
23.94389	15.79065	21.11551	1.594891
23.94389	18.29635	21.73854	17.74799	6.551567
23.94389	17.99535	21.86636	14.17123	12.81888	9.614942	9.456476
24.06173	21.27127	22.6322
21.82559	16.51834
21.69398	16.84177
22.22929	17.06756	21.51999
21.19921	15.03243	23.98056	3.821227	14.04304
22.08418	17.31195	24.05326	7.696066	4.261535	15.19241
22.03782	11.19171	24.00084	6.644322
21.62934	11.9098	24.0655
14.38892	24.0655	21.92678	2.245307	9.843416	21.14586	13.9406
11.74718	24.0655	21.40509	5.750041
14.38767	24.0655	21.63345	11.38015
23.95286	22.09429	21.89145	5.933989	20.71035
24.037	20.98319	0.1074859
24.00809	0.2471994	21.70527
24.00809	21.98892	21.90357
24.04636	22.30792	19.28202	13.67678	8.186009
24.20683	21.30874	18.98385	0.4230543	17.58202	16.42893	5.839502
23.94124	18.73261	22.05869	23.53924	7.351636
23.94124	18.01089	21.84825	1.967548	12.95951
23.94124	18.38765	21.39143
23.9462	18.10431	21.84041
24.05402	18.46223	21.69283
23.31951	18.29041	21.64542	16.58664	2.623256	0.7141221
17.21164	22.47908	21.31194	6.92019
18.24065	22.44598	24.92826
18.26128	21.70381
10.94701	22.06659
18.40693	22.05771	16.02897	2.754963	8.244562
18.2855	22.05771	11.62896
16.81568	22.20747	0.5922461	16.14367	8.35852
22.23865	1.817913	14.61606	0.7088774
22.31442	13.25412	20.6437
21.72363	17.26751	13.35779	11.43605
22.41114	18.39058	15.91122
22.28794	17.2036	5.389088	5.951598
22.09495	19.01473	13.68471
18.09822	22.11822	7.270361	7.319827	4.628874
24.49087	0.3062715	22.31826
21.68736
24.14197	21.09758
22.19874
21.75614	21.11787
22.36227	17.61256
19.48271	21.68853	24.04812	16.19091
16.57863	24.04812	21.36901	2.436268	16.11525
24.04812	18.15031	22.38075	15.07998	2.124878
24.04812	18.28838	5.243797	22.29138
24.39517	16.37413	22.05605
18.45218	22.57619	6.901808	21.71076
19.00171	22.23903
18.34825	21.74091	6.5317
18.08699	21.7743	4.100197
22.06742	11.38802	25.03315	10.86995
21.71122	8.387372	8.028671	3.74233
24.22647	21.96123	0.538551
24.05656	21.33052
24.24729	22.3454	17.3616	16.74513	2.676774	23.95568
24.05206	22.68626	7.27086	17.19786	17.8637
24.0769	21.68876	17.67566
24.00732	21.68876	19.38847	18.81054
24.00732	21.69057	9.032656
23.97955	21.80689	1.117316
23.97955	12.86395	21.6802	23.29122
23.97955	9.012042	21.48896	4.473158	4.300254
23.96021	20.87809	14.88782
23.98696	20.65225	0.7173421
23.99255	22.10513	10.32816	4.640162	6.493068
23.99255	21.74556
23.97414	21.70905
23.99832	22.23296
23.97938	21.50046
23.92604	20.80913
24.00268	22.05894	22.71549
24.00567	21.34321	9.330843	0.01305155
24.00567	22.10862	17.21491	2.953229	12.49614	11.79097
24.0184	22.07789	18.37753	3.041812
24.06076	22.09397	18.02449	0.8842601	23.10867	21.02666
23.94526	18.232	21.58413	5.381771	0.05391674
23.94718	16.287	21.06897	10.86213
23.97073	21.52501	13.67405	20.93846	4.283654	10.96417
23.97073	21.47159	15.32401	3.288386	10.64053
23.99398	22.34023	18.97856
21.30697	23.61044
22.37789	13.10235	12.45279	0.9854502
22.26548	24.03579	7.664436
22.18233	23.97987	9.081407
21.87358	23.97704	3.496268
23.9655	0.4786711	21.85865	0.4724985
23.96825	22.21116	16.69149	0.4288634
24.03672	18.31321	5.071451	21.67227	22.62477
23.97349	15.00612	21.72245	0.1718902
23.95807	17.8243	21.70746	16.43619
23.95807	18.17639	21.19866	12.98379	14.94845
23.95807	19.4308	21.28461	22.0414
24.0361	18.45749	21.27224	11.66573	1.05055
24.0361	19.57096	5.282591	19.21112	22.05829	18.36069
23.85902	18.40334	22.12091	10.87341	17.02335	0.4713952	16.56817
14.91114	21.45663	1.377356	14.07597
17.74723	22.34593	8.958384
18.31792	22.23593	9.593092	6.011766
13.71073	21.68164	24.47401	4.608519
21.42391	24.26502	8.183953	20.32985
10.65644	21.73069
22.08045	1.998048	2.475787
22.39739	1.048488
21.78776	15.65867	3.021844	12.67223
17.89465	22.10619
15.71471	22.29009	0.1716915
18.41962	22.1226	15.80981	3.657317	14.07733	11.9306
22.36287	17.18403	16.54516	21.70431	16.78237
22.07869	17.44738	11.53331
16.16524	22.36009	21.71218	1.917746
18.65448	21.69073	24.06615
14.22679	22.20472	20.6137	5.691818	21.00415
22.19759
22.33817
23.94987	9.86564	22.42954
23.94987	12.18914	21.82345	9.942011
23.987	21.71929
24.03576	21.71929	15.30323	0.3984314
23.92625	21.71957	16.35904	10.24586	15.27929
23.98463	21.10323
23.97271	22.34895
23.94474	21.29005
23.94474	22.39237	1.491188
23.94474	21.90218
24.07343	22.09149
24.04194	20.70953	23.40699
22.25397	2.657891	18.13332	0.1103312
23.59487	11.95113	22.58515	4.671182	23.28778
16.90157	21.69434	12.67382	8.985342	0.1514867	4.611409	22.26419
24.14058	22.53296	18.61317	21.40956	12.46635	12.3293
24.14058	18.46344	21.90265	2.898947	0.8920306
24.01448	18.24009	22.1636	5.371438	11.83558
24.01448	18.35568	21.634	9.435853
24.01448	18.48059	21.11742	8.426537	10.75253	10.6214
24.00663	19.26178	22.08485	0.4197275
24.00663	18.71818	21.67989	11.8845	9.617356	1.351579	0.1110352	15.55404
15.98913	23.89518	21.43476	12.49767
2.011715	24.02258	22.15141
0.4031285	22.10892
23.99334	21.24487	7.411692
24.00784	8.166252	20.96012	0.9530655
24.00784	13.2512	22.21597	5.599531
23.94982	16.38709	21.39971	4.462031
23.96422	14.88772	20.54112
23.94386	18.05412	21.75093	23.66756	8.484055
23.94386	18.45783	21.41285	11.73223	10.19372	5.309221	14.67162
23.94331	17.52359	22.02131	6.610709	10.55347
23.90439	22.23683	15.43849	18.39142
24.07871	22.03868
21.6666
22.05504	6.81496	24.659	2.437931
22.03568	20.8162	23.85545
22.37484	23.92458	16.82966	12.62598
21.75946	24.98293
21.69303	20.19051
22.33327	18.35122	10.46936	5.40927	21.50044
18.47458	24.11988	21.88867	2.087094
17.9802	22.42229	7.558886
18.51651	24.15707	9.949979	21.09201	18.2538	0.7785894
18.36592	24.15707	21.78567	14.09721	6.845757	3.061563	21.58548	0.2968715	9.037218
17.98391	24.1199	22.37408	20.91232
13.77333	23.8666	21.24817
18.32821	23.95833	22.33637
18.80477	23.95833	21.78438	18.25389
14.09249	24.2215	21.09851	10.34366	1.861411	12.97924	12.54877	0.632475
18.3651	22.42981	21.18199	16.26798	14.12391
21.76917	19.10767	8.668376
21.75936	18.85863	9.626594	14.75135
22.13506
22.06618	7.933976	1.61056
22.56205
22.36563	0.1091271	21.74976
23.91898	22.15819
24.05209	21.40306	8.455549	1.421716
23.98093	21.59378
24.01042	21.20346
24.1338	21.12552
23.94867	21.71716
24.15003	21.99876
23.96951	0.01538667	22.41702
23.96951	16.66914	21.22428	9.344625	7.693204	8.217109
23.9565	14.49374	21.19881	9.964478	0.9200648
24.32451	17.05595	21.6989
23.98328	18.43503	21.6989	0.3761656	11.42818
24.1791	21.73694	11.92814	3.639842
24.42619	21.41964	1.676896	22.40324
23.85753	22.54187	4.690449	2.621487	19.99282	6.638509	23.34598	4.297377	1.949764	12.98531
23.97633	18.95124	22.21987	1.787689	14.42381
18.30146	22.55449	24.1499	20.96985
8.397534	22.39189	20.86045
18.5072	23.74654	21.09207	16.37328
18.2776	24.03933	21.36046
18.11834	23.97811	20.61489
17.50495	23.97811	21.69012	1.70729
18.80527	23.92268	21.69012	8.565868	12.89174	1.146063	4.626615
17.01441	24.1456	21.44598	23.84531
12.54014	24.07082	21.325
16.35702	24.09949	21.27192	10.68968
18.45992	24.09949	14.44627	21.71978	10.66431	12.71613	14.34102
18.17063	24.10091	21.78418	3.479904	1.576158
17.55446	24.11635	21.72943	0.01776885	2.102542
24.17422	21.84599	10.69178	18.32909	16.24749	10.15544
24.01407	21.5848	16.52457	4.063579
24.05731	21.57741
23.94869	21.93625
24.05068	21.12919	17.28812	17.19262
24.05068	15.61813	22.08455	14.48904
24.03485	11.0181	22.18059	5.770214
23.98013	10.59082	21.17777	4.456356	23.77827
23.98013	21.64048	4.175543
23.98013	20.84477	11.01661
23.97544	12.66395	21.18774
23.97544	9.929965	21.68405	20.82571
23.97544	22.38914
23.99873	21.01089
24.03875	22.0541	23.24341
23.86666	20.80191	3.607813	21.6629
24.20432	21.07964
23.9811	22.23211	2.600843	22.08909
24.03106	21.3669	14.43634	10.31177
24.03106	21.70462	8.42465	1.334183
24.07045	22.3412	18.91815	12.10774	23.19717
18.35202	22.51846	22.0123	13.26742
15.99674	23.99238	22.06969	14.65978	10.61376	23.65285
18.27753	23.95859	21.63177	2.013661
18.27753	23.95859	21.69824	2.014949	1.568884
16.72262	23.95859	22.15503	16.00518
15.44039	24.03445	1.581073	23.33621	21.9738
18.54947	22.07524	7.085678
18.58968	22.28464	5.197679	21.09428
15.15715	23.89674	20.92915	9.656636
18.38183	24.08631	21.31521	4.925871
15.02488	23.98245	21.71277
15.39727	23.94413	6.708775	3.129896	22.35547
18.16528	23.94413	22.20445	14.16783
17.14426	23.94413	23.41533	6.904895	4.573118	0.7572298	21.90613	3.00015
18.18472	24.16029	22.24798	17.31086	6.410137	17.99275
22.09601	17.46622
21.51996	9.991761
21.69232	15.67038
21.63095	18.81871	3.867615	17.03354
22.21443
23.97416	22.23452
23.9651	21.72764
23.94069	22.09271	23.35373	11.57959	9.169292
23.94069	21.75739	17.4933	13.24616	7.965288	22.32789
23.94069	12.41319	21.50369	14.99496	4.963674
23.94069	22.06035	10.6079	5.825315	1.701123
23.94069	22.85152	21.85786	22.61101
23.97474	22.00563	16.68632	5.346331	9.118738
23.97474	21.34444	18.3687	12.02439	13.78144	1.409241
24.0851	18.31089	21.1488	14.89392
24.08487	18.95974	21.56544	12.32808	0.3099854
23.96448	17.15593	21.44009
23.99622	21.81592	15.85222	11.77943
24.47908	21.65066	10.72832	5.920751	23.55924
23.97007	22.21523	23.3764
24.01145	15.4598	21.82555	12.13717
14.75686	22.22023
22.27512	7.148451	5.424407	18.81867
11.08563	21.75812
1.126305	22.12602
1.244009	22.15485	0.2733479
1.963251	22.64213	21.27443
23.63342	22.23744	15.76391
22.40866
22.2317	23.38229
22.56708	24.14477	22.13881
21.57181
14.21161	22.21638	3.575627
21.36548
20.87819	22.41596
23.95214	21.68889
23.95214	21.5729	16.64317	9.73674	0.8679259
23.89916	17.58735	0.4168679	21.01884
24.12038	10.5284	21.19622
24.12038	12.04268	21.66375	8.772687
23.93202	11.70416	21.73762	7.227766	10.78571	7.02789
24.02455	8.642296	21.3297	23.56941
24.00309	14.3575	21.36768	2.414665
24.00836	21.49173	18.22913
24.04305	21.67083	18.51698
23.98198	22.07805	18.37537	4.647365
23.94654	17.7932	5.962341	21.12421
24.03357	18.35419	7.636395	8.18593	20.82576	22.76223
24.03357	18.07765	21.78441	15.00182
23.94802	17.7566	22.11227	23.48719	0.5204301
24.08898	18.17492	22.23324	12.61562	3.432339
24.05447	18.25452	20.99025	6.060366	13.62113
23.98691	19.2687	21.23223	10.27298
23.94641	19.54376	21.40319
23.96431	15.60727	22.29914
23.96431	17.86709	21.33923	10.57807
23.96431	18.4384	21.14932	3.188231
23.96431	18.17779	21.03872	9.651512
24.03531	17.10445	22.28813	9.075092	2.274553	23.69138
23.99927	15.56382	21.24991	6.017454
23.94263	17.72224	21.15319	13.82636	2.539883
23.94263	14.52314	21.7072	8.095578	19.46041
23.94263	18.03722	21.09922
24.01171	22.23081	16.16267	14.5621	21.03802
23.96683	13.90835	21.79421	8.296522
24.0745	14.56415	22.11202	0.7141693
24.23435	18.29917	22.06456	6.480822
24.12685	18.09419	21.74054
24.03489	13.78367	21.56508	5.659097
23.95778	14.81689	21.06847
23.95778	18.24336	6.449459	21.20732	0.1682678
24.00284	18.45386	21.6257	20.00478
23.94219	18.51266	21.72556	21.23352
24.05205	18.90059	22.29061	5.884047	18.64759
24.04157	22.09282	0.2250574
23.99607	15.84655	21.9824
23.95861	14.67555	22.46851
24.18121	21.76511
23.94864	20.80344
24.02272	22.36466
23.97704	21.08113
24.04145	5.55874	14.92062	21.45379	22.40536	9.661733
24.00396	4.914899	20.92502
24.01836	8.839991	20.63613
24.01836	20.82414	6.715568	2.627301	22.30427
23.97924	21.41257	17.1999	0.1453054
23.95876	16.54247	21.71326	6.142752
24.11703	18.47104	21.71405
24.01253	18.0174	21.71021	0.1637548	12.39667
23.96278	19.09988	22.22248	10.38706	11.7043	1.573818	0.5487309
23.95142	11.22793	22.22455	5.283911
23.95142	12.52922	22.29046	4.200089
23.97981	10.58076	21.00881	0.9066501	0.5002927
21.23237	9.775679
21.71844	18.47155
22.13917	7.134383
10.11249	22.10338
18.96294	22.33458	21.76855	6.584894
18.40804	21.90226
17.60562	22.05959	24.13274	13.80175	17.17594
18.66091	24.04713	2.985397	21.43946
17.10178	23.94076	21.04789	10.45929	0.7479428	5.719262	3.671042	3.742027
18.48074	23.94076	15.82511	21.6984	3.937617	8.249161
17.36346	24.02949	21.19257	23.36052	14.34438	11.60258
17.12486	24.01401	22.40721	4.298917	16.67707	22.73459
17.34292	23.96564	20.68115	23.29996
18.72533	23.96564	22.1067	12.3359
17.55276	23.96564	20.72467	12.70714
16.48679	23.99949	21.32562
24.067	21.73262	23.28791
23.96389	21.60849
23.98123	21.76983	1.032179
23.96231	1.950168	22.24469
23.95909	18.426	21.38255
23.98868	21.73511	18.05352
24.12303	21.89506	11.62225	21.91632
23.99486	21.20749	12.82446	3.064978
23.99071	21.74398	14.56939	13.75781
23.98036	20.88442	18.25762
23.98036	13.02028	22.06888
24.01528	18.40206	4.619227	9.847256	22.58835	9.410813	6.225245	6.716453
24.00644	16.77489	22.09963	13.08127	8.8659
23.96196	18.25604	21.42721	12.40663	7.564401
23.96196	18.99775	21.67223	10.99013
23.96065	17.74708	22.35187
23.98529	9.922821	22.09237	6.877432	23.63969
23.97368	22.08139	11.22003	11.10549
23.94889	21.69368	8.552784	1.393577
23.94889	22.16398	23.03801
24.04545	22.09655	17.11411	16.30459	1.893362	23.23436	7.13886	11.91829
24.06488	20.78475	10.3342	0.4101958
23.95202	21.61899	11.66177
23.95202	15.59176	20.88357	7.513681
23.94349	14.53573	22.07279	14.27906	9.729798
23.94349	22.07528	18.74205	23.52007
23.95133	21.65079	13.87201	11.22253
24.14086	22.15311	9.766399	23.08751	5.91986
24.01302	10.08301	22.00315	5.729361
9.349561	21.72039	1.628596	1.687566
22.33359	14.03445
22.26441	12.35248	6.563168
22.32703	7.824181
21.73988
21.8334	4.58239	21.69696	0.2807804
24.15359	21.75126	19.72935	12.24577
24.07659	21.38964	18.64568	5.485008	16.02048
23.94187	18.3869	9.16694	21.85364	8.84265	5.395096	8.234419	9.967382
23.95898	17.83278	22.04781
23.95898	18.59963	22.33259	22.59575	3.580019
23.95898	17.21757	21.43812	6.294877	17.13836
23.95898	22.09489	22.60848	15.78661	10.75989
24.07447	22.12397	23.54696	7.98943
24.01869	21.10534	8.644016	2.979707
24.01701	16.87306	9.499329	14.04233
23.8845
23.89763	21.18973	13.28117	4.245944	3.316822	7.143874
23.95854	11.9253	21.38618	18.11172
23.95835	11.74273	22.28596	21.21656
23.95835	10.36316	21.73274	0.8935254	5.60495
23.95835	21.4925	20.94289	23.64127
23.95835	21.8359
23.99301	21.44436
23.99073	5.948647	21.68911
23.99073	22.032	13.49556	2.479555	9.30407	11.17603
23.99073	22.00657	15.06018	6.77589
23.99073	21.70393	11.56616	19.78844
23.97008	22.81302	15.38589	22.08642	9.627678
24.12511	8.292478	21.12288	1.484432
23.97276	22.21636	19.53156	13.48766
23.99054	21.25552	18.2572	10.37792	4.468035	8.499791
24.2203	18.21629	21.60702	21.84212
22.30392	16.96609	4.665662
21.69853	16.70056	16.63689
22.5322	19.12159	21.19489	1.892201	8.487557
22.15179	6.778925
22.06936
23.93472	9.637484	22.23805	2.147763
21.75703	24.10339	1.182843	19.01415	23.56949	23.97518
21.57387	24.22702	17.82069	17.2025	20.8857	9.308525	9.761754
24.03989	14.2304	22.33335	20.83268	12.94267	12.85998
24.03989	14.50111	21.25561	8.858658	23.45603
24.06783	21.68819	0.1760807
24.12321	22.21498	6.011252
24.02016	21.82578	15.33906	23.56036
23.98693	18.1856	21.45099	6.909026
23.96748	15.28071	20.81324	9.668244	7.903273
24.02712	9.777628	21.87093
24.02712	1.559604	21.06211
23.98316	22.36734	2.331037	24.36194	21.775
23.98316	21.64744	6.84689
23.99145	20.57626	4.515182	1.619039
23.95906	0.1547692
23.94327	11.52759	21.91239	7.731103	5.724649
23.94706	13.97608	21.75205	0.5913359	0.3248003
23.94481	17.47674	21.73898	7.200557	10.70756
24.04507	18.15832	21.42256	3.991562	2.554273	12.91473	10.89524
23.92024	16.08533	21.82297	10.5775	14.24669	4.635319	15.74714	15.85747	13.95953
24.02787	18.47939	21.09794	1.579851	13.68736
24.02787	14.18634	21.70179	11.71443	23.49986
24.02787	14.56268	21.68649	2.043541	10.45383
24.02636	18.48018	22.05185	7.931928	12.63779	0.2326051	1.231788	17.36539
24.0635	18.40238	21.73899	25.01894	7.043063
21.72894	13.75688	24.22595
17.72112	23.97052	22.55037	9.929414	13.35649	22.21233
19.17588	24.33578	21.88684	21.1739	17.45912
18.05677	24.31429	21.19164	8.694635	12.09288
18.32899	23.95648	21.19923	5.17456
23.95648	21.221	7.967566	14.97285
24.00684	22.03851	21.22447
24.10134	22.00275
23.96451	21.11563
23.96451	9.330372	20.84422	6.356573
23.96451	21.78084	21.40704
24.03399	22.65637
24.12189	22.03744	1.691384
23.99067	21.99713
23.97871	21.59796
23.75119	3.21227
23.80682	18.26032	22.20758	13.76647	14.26725
24.10539	17.12089	21.42465	2.381644
24.08427	21.80743	17.63329
24.1846	16.78071	22.35231	18.10118	4.740015
23.99953	15.71495	22.02781	11.57123
23.99253	16.75316	21.7135	16.44996
23.97824	18.31357	21.74348	17.79993	1.609186
24.09242	18.14766	8.001735	22.41361	17.1413
24.01496	22.20308	16.67501
24.01496	21.08251	18.01077	7.429381	13.64236
24.01496	21.04004	16.96824
24.17363	21.89822	15.50863	1.295806	2.299516	7.852042	14.61258
24.17363	16.17025	14.67353	8.241783	22.53695	1.999095
23.97883	22.11411	23.36033
24.06419	18.18593	22.20091	4.003701	4.530387
23.97285	16.83151	22.14796	18.65837	3.451318	7.63018
24.07501	21.69123	11.4838
23.96766	21.68894	6.45822
23.96766	21.01524	7.717931	22.28116
23.98374	16.77257	21.55448
23.98374	15.49511	22.27928	9.072239	21.12937
24.19329	21.84127	16.8654
23.97427	17.06331	4.791288	21.16718	6.284921
24.0491	13.21043	21.64393
24.24186	21.35617	11.89644	3.026852	1.973668	2.81108
24.03798	18.33237	0.4558064	5.570389	4.900764	22.78757	20.87364	20.8336	9.073025
23.94893	18.94096	21.74982	5.46651
23.94893	18.59508	21.21227	22.23394
24.01707	16.39171	21.69187	5.724354
22.24596	16.34355	21.4869	3.70624
21.75392
22.43446	8.395527
23.86463	14.4706	22.23895
24.17173	17.03607	21.32354
24.27111	18.18525	20.90257	8.008952	5.607188	9.263417
17.87106	22.23241	20.9767	13.28161
18.99678	22.22538	16.44011	13.66867
15.03452	21.71637	24.19234	4.244582
24.02736	21.33064	17.47117	7.387081	9.954484
24.21515	21.08803	16.77635	22.71022	16.13307
24.24481	22.10968	19.12359	7.603426	21.01787	18.23175	6.941202	16.84453
24.00387	21.72911	18.27894	12.87527	10.05953
23.99544	20.6564	18.99558	9.935576	24.98732
24.01713	21.90213	13.86704	3.378828
24.10673	12.51347	21.66211	2.679454
23.97971	9.41506	21.79723	1.627863	6.620656
23.95565	13.78712	22.0713
21.73546	22.39736
22.17505	17.43628	15.5891	8.15676
14.42218	22.28732	1.610749	6.110243
18.99975	21.75165
13.55204	22.20464
17.96585	23.94708	9.662558	15.72993	21.44168
18.04762	24.0622	22.18437	12.95958	21.70845
23.94474	21.48184	6.706356	17.84179
22.37213	18.44704	1.560821
13.24706	22.31599	5.819759
17.97153	21.70691	10.86109	4.53366	3.038008
22.67969	21.59411	16.27999	1.414322
21.89433	17.90604
14.5951	21.80341
22.33167	21.42756
23.96078	22.10698
24.01403	21.05785
23.96152	20.98797
23.96152	21.76211
23.96152	22.36605	9.003683
23.96152	21.01616
23.96152	22.09363	3.692817
23.95036	10.93318	21.82122	20.65791	2.560916	0.8750497
23.9769	20.84774	11.73544
23.9769	22.04328	18.71654	10.72864	5.820331
23.98498	21.05715	15.74101	15.70279	2.791598
24.32434	16.93885	21.69089	1.332777	21.84228
16.95915	22.17893	7.1938
14.28059	22.25931	24.19524	7.290584
21.4737	23.98986	18.91837	10.95999	8.665133	14.44946
24.02935	5.351415	17.73653	23.88166	5.090449	23.6044	15.94097
24.02935	22.13693	23.69831
23.96703	21.01923
23.97456	21.73869
23.98695	20.58673	9.77037	7.244362
24.06184	21.65888	16.39751	6.608826	1.312895
24.11693	20.98421	16.9627
23.88905	15.30782	21.70035	2.321272
24.02397	9.142742	22.27319	6.834096
24.15606	22.25143	11.17301
24.0555	21.51971	18.43716	5.404781
23.88725	13.32705
23.97637	8.910798	21.18414	4.633455
24.17222	6.208432	22.09066
23.96446	8.418971	21.09162
23.99074	8.898879	21.62402	22.45666	21.37757
23.9193	21.51434
23.95677	21.704
23.9598	21.33989	7.343123
24.0571	20.78579	7.232822	22.30731
23.76079	4.110168	21.35764	23.74907
15.4345	22.22351
18.99156	23.96604	22.1722	2.634116
15.99448	23.96604	23.2928	11.62431	22.34389
8.43785	23.96604	21.06743	2.687884
15.78947	23.96604	20.78245	12.93462	6.775203	23.56676
18.35906	23.96604	22.07025	21.1118	13.43236
23.94091	22.05756
23.94091	21.21421
23.94242	20.83856
23.94724	22.36073	2.982854
24.10747	21.83758	17.61235
24.10747	11.74568	21.66779	20.92743	3.300072	21.64924
24.10747	10.78262	21.6718	8.631356
