SurvivalProbabilities
0.1164123
0.05582506
0.1072048
0.09233422	0.1089271
0.1557419	0.07206416
0.1105861
0.1029075	0.1103071	0.1450263
0.1102214	0.07689208	0.1188073
0.1140175	0.09341186	0.1177385
0.10871	0.1687791
0.1014427	0.0618807	0.102069
0.09934967	0.08070929
0.1161368	0.1190939	0.09955197
0.1033169
0.1333104	0.09246697
0.08168368
0.1221754	0.08649049
0.1325977	0.1050199
0.117203
0.2000563
0.08048276
0.08131499	0.1072679
0.07932761
0.1088867
0.0859617	0.08126335
0.1270067	0.1000774
0.1351999

0.09555961
0.1218172
0.08234006
0.08808435

0.06795048

0.09029809
0.1100318
0.09664098	0.1361382
0.09610801	0.1459556
0.1061837	0.08762342
0.1600037	0.1266335	0.112296
0.03992369
0.0608436

0.05500423
0.08662066
0.1378478	0.1279176
0.1133701
0.0932424	0.1299571
0.13137	0.1680155
0.1001243	0.1280158
0.09383539
0.08978911
0.07299634	0.1060026
0.1134434	0.1388545	0.1269894
0.09911632	0.1432601
0.0996518	0.05528766
0.06370677	0.1174907	0.1354054
0.1059009	0.08667207
0.05595654
0.0933166
0.1093446
0.1073407
0.119275
0.05561121
0.1071857
0.1114499
0.07805372	0.1074681
0.05256611
0.06756736
0.06840766
0.1716192
0.08379419	0.09977026	0.07698673

0.09052999
0.08067362
0.0757113	0.1613716
0.1019342
0.07026293	0.1086854
0.1377437	0.09526965
0.09018396
0.1192529
0.09303174	0.0710133
0.1486564	0.06508738
0.08483565	0.09758515
0.08978964
0.1291035	0.09736363
0.1009578
0.1108254
0.1026346	0.09579861
0.05904447	0.1783677	0.1527799
0.103114	0.05696267	0.1104999
0.1037719	0.07344158	0.09483998
0.1050971	0.1418515
0.0680708	0.07246886
0.1426642	0.08805654
0.09381448	0.09698604
0.09528532
0.1127123
0.1012242
0.1408806	0.1115337
0.1384992	0.09962404
0.1030729


0.1364076
0.07169634
0.04770814	0.132494
0.08085717


0.07558544
0.1087856
0.1007311
0.05344074	0.16261
0.09646249	0.06923513	0.1207777
0.1223737


0.1074392
0.118723
0.09266872	0.07153563
0.07734372


0.1217445	0.2127428
0.06259876
0.09179143	0.06836493
0.08297436	0.1149395
0.1344307
0.1143715
0.12426
0.0578607
0.1234224	0.110318

0.07214065	0.1570335





0.104623



0.1097632

0.07257898

0.09627867	0.108744
0.1009159
0.1242774	0.06361463
0.09765979
0.08129756
0.1155539	0.108867
0.1173921	0.1108902
0.06490845	0.1157172
0.1185311	0.06864847
0.04496605
0.08979703
0.1377965	0.1358521
0.06409445	0.08401841
0.1423978	0.1426654
0.08943096	0.07265788
0.08342272	0.1191261
0.1032215
0.1638448



0.05618934

0.1594989	0.094527
0.08666005
0.1163498	0.1082984	0.09002539
0.1451365	0.1250969	0.05887316
0.07973343	0.1122712
0.1450629	0.05562548
0.06216486
0.08991423
0.09798337	0.1569243
0.1192146
0.1240874	0.1129465

0.07361394	0.1059783
0.07760773
0.137502
0.1047392
0.09912676
0.09082441	0.09697555

0.1010351
0.07435387
0.08660037
0.1349762	0.08412164
0.07463727
0.09895264
0.06014428
0.1041742

0.1065304	0.1289866
0.1361062
0.09162317	0.1768805
0.1102634
0.1123155
0.07390924	0.1084077
0.07570146	0.1299984
0.07313849	0.1097907	0.1309431
0.110867	0.07291155
0.08103865	0.1188095
0.05912582	0.07463991
0.08509826	0.07923454
0.1047219	0.110773
0.08071227
0.1041898
0.1202139
0.09683304	0.07368314
0.05474088
0.1151496	0.06850313
0.07856554	0.1067081

0.1104741
0.1111727
0.1015277
0.06892738
0.1060491

0.06829927
0.132625
0.06532092
0.1027834	0.09772169
0.1170773
0.1022967
0.0887583	0.1508801
0.06096971	0.09351319
0.1253348	0.1321836	0.1198526
0.106877	0.16425
0.1092731	0.1032691
0.0967841
0.1096903	0.08844186
0.1221071
0.1329411


0.1524799
0.06523631
0.09577053	0.1522828
0.07834599	0.09467001
0.1004737	0.04831584
0.07393284	0.1203545
0.08742944	0.1048443
0.1341274	0.09347001
0.1273678	0.07702257	0.08793129
0.1116752	0.07398392
0.1277172	0.08754823
0.06859523	0.1179513
0.05601891



0.1082872
0.1138794	0.1191809
0.1069978
0.1357945
0.08822672	0.08385481
0.1168877	0.05898642
0.1165809	0.1092994
0.1474645	0.07905917


0.05674763	0.134988	0.1054695
0.1006489	0.1062453
0.1324116	0.110162
0.08899526	0.1329735
0.0895378

0.08390262
0.1326222
0.128003	0.1029091
0.0764493
0.0684687
0.06699921
0.1097556
0.07345219
0.08337743
0.08271461	0.1197094
0.0982947	0.06223407
0.1258873

0.1123325
0.09510125
0.1036541	0.09735045
0.1001401
0.0650446

0.09673908
0.1101369
0.09682677
0.09379968	0.08833103
0.08857527	0.09645674

0.13277


0.06459217
0.1136849

0.09672573
0.1198384
0.0999376

0.0589418	0.07144773
0.104295
0.1001431
0.1783656	0.1085724
0.06756663
0.08117054
0.1401667
0.1009567	0.240082
0.06743893	0.1269185
0.09655568	0.1246507
0.08405237	0.07647625
0.07080586	0.08387807
0.07500486	0.1662147
0.06505646
0.08239534	0.1045781
0.09823994
0.1184351	0.1346286
0.0733521	0.09202697
0.0913798


0.1157464	0.0941686
0.08091643
0.1543746
0.1133787
0.07260797
0.08438124
0.1076711	0.08542201
0.05865783
0.09599387	0.1359806
0.08691122	0.08822729
0.1353483
0.1588411

0.1347837

0.08517521
0.08135876	0.1512744
0.1362054
0.1095524
0.1265464
0.1086649
0.08910151
0.09726692
0.1145015
0.1138693
0.1182961
0.1094962
0.1094697
0.0978106
0.1134052	0.1273529
0.06711973	0.1273243

0.1120038
0.101881
0.1129924
0.07354495
0.1063703
0.09325523	0.06818467
0.0720566	0.1386144
0.1102499	0.1019534
0.09064231	0.1263432
0.05547021	0.1394864
0.116611
0.07948472
0.1047976
0.07894618

0.1301472	0.1133345
0.07242391
0.09869148
0.08593116
0.1169499
0.09948282
0.1429184	0.1101716
0.120363
0.05985772
0.1096428	0.1094924
0.09539429	0.1162174	0.1492023
0.1165515	0.1098284	0.0495285
0.09188751
0.0737831	0.1207876	0.1458254
0.07368444	0.09899065
0.1250208	0.08677712
0.0985975
0.1046897
0.086565
0.09864626
0.06870557
0.1049263	0.09019087
0.1234186	0.09528892
0.07667973
0.09793648
0.07455757
0.08660789	0.08120604
0.1158994
0.09618239
0.1199844
0.09194419
0.06254636
0.1211943
0.1171125

0.1157107
0.07653148
0.1111219
0.1501058	0.07681618
0.07653058
0.14456
0.09747259
0.09575437	0.08660239
0.126807	0.09671635
0.1038626	0.07723333
0.1173653
0.1695362

0.07800781
0.1082107
0.04619248
0.1180854	0.1684247
0.1441066
0.07770964	0.1218985

0.09065203
0.1007884
0.09634139
0.09809785
0.07905735	0.1182132
0.08203812	0.09289173
0.06192081	0.1498787
0.1091052	0.1214251
0.1017272
0.1003756	0.07835352
0.1277713	0.09501667	0.119305
0.10979

0.09141936
0.08723633
0.08646795
0.08805252	0.121505
0.05275709	0.1950537
0.07389012	0.09089998
0.07007102	0.1266801
0.1766651
0.08482742	0.07908321
0.09918992
0.0995509	0.1135184
0.1152533


0.09287776
0.08408755
0.04230255	0.06401315
0.08760255	0.09673158
0.07455973


0.0790081	0.1025352
0.1250578
0.1116088
0.08770827
0.1106514

0.1067528	0.08117235
0.06774638
0.1020683
0.06626715
0.1070985
0.07907201
0.06249733

0.08251762
0.08034254	0.08710184
0.1126772
0.08150777
0.09069584
0.0895071
0.0852716


0.0761433
0.07664844	0.113526
0.09311117	0.09825324
0.08608413
0.07097527
0.1072749	0.09381494	0.1001743
0.1162291
0.1028551
0.04709734
0.06381255
0.08833075
0.1104844
0.136793
0.05808491

0.1225475	0.1215615
0.1042997
0.1345134	0.07202362
0.07826538	0.120683
0.07651613
0.07403785
0.07805172	0.1029548
0.07647937
0.07734734
0.1298349	0.1217331
0.1665682
0.1282463	0.09156386	0.06864147
0.1382293

0.09619061
0.1329613
0.1214046
0.06917223
0.07676479


0.1434937
0.09873015
0.08472004
0.08192558	0.08279438
0.1002749
0.09300523	0.1182553
0.107378	0.0847585
0.07934214	0.111642
0.09850118	0.09716366
0.08735293
0.07853763

0.09649581
0.08934414	0.1012707
0.08209331	0.09098003
0.06573149	0.06107354
0.1283998	0.1326669
0.090439	0.1056045	0.13495
0.1001753	0.07216689
0.08267721	0.08863003
0.08078569	0.1241086
0.08468678	0.1277237
0.1053743
0.0689948
0.07594788
0.1548768	0.1060134
0.1382388	0.1074812


0.09150994
0.1382386
0.113133
0.09212304
0.08318776
0.0916536	0.1129882
0.08088257
0.09285466
0.060894
0.1171713	0.06341802
0.08447042
0.1397642
0.1381559	0.05844345

0.1059543
0.0965372
0.08238084

0.1223909	0.09672484
0.07069577
0.05347764
0.1210874	0.1497723
0.06990563
0.1333425
0.07659568	0.1039477
0.08173208	0.1256105	0.1379416
0.1194007	0.1149679
0.09913136
0.1100308
0.07888015
0.06132348	0.1606916	0.09396642
0.08227535	0.1248635
0.10626
0.08744208
0.08493655
0.1029943
0.1219937	0.09504307	0.07040367
0.09193173	0.05914635	0.09824824
0.06583428
0.1313857
0.153422
0.0667326	0.1297033
0.1380628	0.1403265	0.06323713
0.1074025
0.1199474	0.1098097
0.05560093	0.101759
0.1321409	0.08748923
0.09182298	0.1065168
0.09870556	0.1333312	0.1093641
0.07290942	0.09169689
0.08221783
0.1916143	0.0796385
0.222525
0.09497385

0.04163123
0.09382398
0.1151434
0.1428094
0.09030727
0.1689289	0.118329
0.0902949
0.09209194
0.1050422
0.123553
0.1881275	0.1145903
0.1127298
0.1102131	0.08354674
0.04950067	0.07517856
0.05860175	0.07049207	0.1862406
0.09062525	0.07487474
0.1076964	0.11008
0.1143187
0.1290239
0.07610212	0.1037639
0.1065378	0.1206324
0.1428684
0.09076932
0.09324669
0.098746
0.08193014
0.08951723
0.06392082

0.09307722
0.07029973

0.08748449
0.08219707	0.1326452
0.1356994	0.03622385


0.08979167
0.1110001
0.07564273
0.08719922	0.1715275
0.06684234
0.1210501
0.1435773	0.08995754
0.07404923
0.05200053
0.1330905	0.1155819
0.07698615	0.08809195
0.06780781	0.1012378
0.1091215	0.06506343
0.08327602
0.06472274
0.1323818	0.1103334
0.06726887	0.1208027
0.1109652	0.1211945
0.0811547	0.1052894
0.1381827	0.06815152
0.06666516	0.1543973	0.08160035
0.07647797	0.06636711
0.06991151
0.09243643




0.1057482	0.1675234

0.1293861
0.05386996
0.143983	0.09663674
0.0882449
0.04969961
0.07595019
0.0993453


0.09708294
0.166038	0.1590132
0.09089709
0.0926803	0.1209375
0.120194	0.08109185
0.1039265
0.09491421

0.1023375
0.07122983
0.1644046
0.09973592
0.0807309

0.09731147
0.06171932	0.1297925
0.06379264	0.1612197
0.1302578	0.1189279
0.08911729	0.1115491
0.07936141
0.08153984
0.07264662	0.07012516
0.07622176	0.1065944
0.1135104	0.132186	0.09832018
0.1257375	0.1078065
0.09656047	0.1154335
0.1036466
0.1260041
0.08704047	0.1225314	0.09966397
0.08510382	0.0958007
0.08074851
0.07722859
0.104847
0.09428871
0.1101491
0.06431012	0.1238625	0.160875
0.103743
0.121664
0.09708741
0.08542224	0.09565543
0.1641076
0.09955325
0.115011
0.08436662
0.07235489
0.09577122
0.1027868
0.1086173	0.07678238	0.09227418
0.0696901	0.1170295
0.1198028	0.1256407	0.09295347	0.07804871
0.09960774	0.1204706









0.1357627
0.06475149
0.1245476
0.1116547
0.1258365
0.1275442
0.164189	0.09033724
0.1579985
0.09410894	0.07127224

0.1237849
0.09596791
0.09278418	0.1158343
0.1059773	0.137494	0.06905068
0.1263688	0.123761	0.0620282
0.07306918	0.1650924
0.1044954


0.1734096	0.07854632

0.1546481
0.173116

0.1048718	0.0645835
0.1133739
0.1544786
0.1218934	0.09605656
0.08320148	0.1768953
0.1568491	0.08035219
0.1214592	0.09439712
0.1661139
0.07234642
0.0974794
0.09602584	0.1222931
0.1396541	0.07169672
0.1939372	0.08678992
0.09500144	0.1745801
0.1609676	0.1142759
0.1192677	0.1269212
0.1099019	0.08429544
0.07520912
0.09701337	0.1674489
0.05771651	0.09050683
0.1029998	0.09389171
0.109021	0.1488567	0.09383422
0.04426953	0.114713	0.136639
0.09898467	0.1138949
0.09403741	0.1818008

0.1312913


0.1134058
0.1279872	0.1364878
0.1530902
0.1030342
0.1501951	0.1294384	0.1021491
0.09062161
0.1669911
0.08107099
0.119992	0.1026958
0.1036391	0.07026316
0.08186682	0.1320283

0.09442484	0.1163942


0.1210866


0.1689181
0.0647001
0.1280929
0.1172423
0.1001141
0.1379015	0.05635602
0.08351332
0.1182551	0.105503
0.08172137	0.1022517
0.0828194	0.06321401

0.1199898
0.09807882
0.1012621	0.1017789
0.0662774
0.1068027
0.09482237
0.082317	0.1371096
0.1002177	0.07028006
0.08218261	0.1133685
0.05795231
0.05145884
0.1526666	0.1050562
0.1197739
0.09488164
0.06532125	0.1259071
0.06460951	0.101023
0.1027792	0.09625041
0.1170399	0.1525202
0.1067685	0.05605043
0.04956832	0.06139833
0.07617977	0.1428668
0.1409158	0.1468577
0.0849892
0.09913673
0.08597049

0.1330556	0.1528648
0.08739699

0.07356029
0.09580593
0.05691396
0.1523305	0.154578
0.09466882	0.09569419
0.07468615	0.07648227	0.08658677
0.06299508	0.1168606
0.06545434
0.07679378
0.105841

0.1396511
0.1075587
0.05113261
0.1176239
0.1455378	0.07900068
0.1248561	0.1222926
0.04589636	0.134573
0.1395596	0.06688427
0.107718	0.1065732
0.1107884	0.1430962


0.1022925
0.09798
0.1149046

0.1265578	0.1455057
0.09257559

0.09536714
0.1265874	0.1173638
0.1097338
0.1267997
0.1739257	0.1096592	0.07914715
0.08813441
0.1189249	0.1426112
0.07359263	0.0948244
0.08309659	0.1282701	0.1379247
0.1275561
0.07084944	0.09295274
0.1313262	0.123923	0.1054045
0.06367883	0.07749788	0.1459335
0.1632204	0.1170116	0.122575
0.09548318	0.1102786
0.05311342	0.100468
0.05143694
0.08270913
0.1033305
0.1160402
0.06108358	0.09192936
0.1220371	0.1306957
0.0995224
0.1471072
0.1042776
0.09810307
0.1209079
0.08344962
0.1334889

0.06044316	0.08956561
0.1167352	0.1044805
0.1057046
0.09850234
0.07324501	0.09964084


0.1258776

0.0824309	0.1304754
0.1189174	0.1309091
0.09073845
0.08650087
0.1008465
0.06900197
0.09603815	0.06459602
0.08191374	0.1080525	0.09686861
0.06922051
0.07537921
0.09555174	0.1369468
0.1143214	0.09483316	0.08698932
0.09497261	0.09582353	0.1168645
0.09681061	0.1472609
0.06889017
0.08649128	0.1393486
0.08744253	0.1464796
0.1589441	0.1232022
0.1357964
0.07411225
0.1492303



0.08931093
0.1206254

0.07681637

0.07408329	0.1065175
0.112679
0.1015306


0.1129916	0.09456355
0.06523567
0.09027771	0.1590512
0.118589
0.07539552
0.07702638	0.1237979
0.1090769	0.1070838	0.1262401
0.1196374

0.1046037
0.1604606
0.1023193
0.08605173
0.09987859

0.08389035
0.0656065
0.092195
0.1171701	0.1270142	0.1546265
0.05745464	0.1323905
0.09989342	0.05315203
0.1361117
0.1046897	0.09607246
0.07947889
0.07980508	0.07770867
0.1026378	0.1234157	0.08265575
0.1172074	0.08342451	0.09771444
0.1085478	0.09103019
0.1222541	0.05031175	0.1095891
0.07193758	0.1117883	0.08245436
0.08735389	0.09264395
0.1129568	0.09504816
0.1004703
0.058357	0.08335962
0.1116232	0.1224762	0.1680531
0.08313204	0.1294939
0.08385187
0.0813258
0.1079051
0.1093353	0.1078246
0.08975214
0.1033936	0.09561044
0.06771827
0.1055518	0.1392446
0.08221791


0.09572168
0.1580815

0.1197634
0.07231899
0.1285008
0.08180183
0.1589719
0.1485205
0.115203

0.1399196
0.07796591

0.07441348
0.1028825
0.1018314
0.08887666
0.08481138	0.1277525


0.08671923
0.1245634


0.100028

0.06980025	0.09858748
0.1122734
0.1180189
0.05756936	0.06922608
0.1308693	0.08079707	0.1144178
0.07480526	0.100213
0.1158876
0.06213514
0.08035332
0.1099037	0.1235803
0.08480665	0.08353799
0.0891066	0.09891851	0.1141192
0.08640893

0.08997734
0.1294798
0.1078972	0.1000357
0.08379691
0.07041073	0.1544328
0.07334742
0.1501212
0.08553602
0.1085836	0.162944




0.1399361
0.1268165
0.1175688
0.08139236
0.08110005
0.06727712
0.09946277	0.1468623
0.08243403
0.07658325	0.09533155
0.08520704	0.06410978
0.09296444	0.08332344
0.1323864	0.07563701	0.1857928


0.08355463
0.1695099
0.07073995
0.09206076	0.129112
0.06090581


0.08610697
0.07465406

0.0628749
0.06605169
0.1087512
0.07880561	0.0953968	0.07883418
0.1310979
0.09342376	0.08189892
0.07855087
0.131267
0.1432677
0.08869524
0.08215039
0.1357754	0.1146958
0.07118497
0.1109534	0.1148487
0.1202435
0.07145307	0.1053198
0.07641557	0.0865789
0.1214125	0.09148677
0.07448961	0.0977575
0.07972588

0.1092209



0.1125922
0.08555336	0.114465
0.1007849
0.1039281
0.07982224	0.1585082
0.1688771	0.1526873
0.09475073
0.1171935
0.1021791
0.06141065	0.07938177
0.09114996	0.1053505
0.08719366	0.08675101
0.07765517	0.1235336
0.133841
0.1057816
0.06484997	0.0886212
0.08805894	0.1149491
0.1124383
0.07420647


0.08937423
0.160569
0.154828
0.03159337
0.08764229	0.09950426
0.09209668
0.07203171

0.0827568
0.08755319
0.06155283	0.1315288
0.1154109	0.1356449
0.08012232
0.04022487
0.1363094
0.05246271
0.1488755	0.1313432
0.06367349	0.1091851
0.0837143	0.1681826	0.115777
0.1126215	0.06587974
0.131904	0.0966134
0.08214544	0.08555047
0.08288592
0.1125666	0.09475651


0.09927369
0.07934467
0.126067
0.1278883
0.1043786
0.07866452
0.1333464

0.1134758

0.1105887
0.0541123	0.09083609	0.09858435
0.08673854	0.08892682
0.07985873	0.08720141
0.1043518	0.08020073
0.1219801	0.1231218	0.152105
0.08506887	0.06770215
0.08661356	0.1192801
0.06852719	0.1417625
0.102445	0.1000187
0.1560907	0.08977052
0.05869146
0.1631612
0.08100606
0.1305221
0.0907158
0.1002276	0.09363522
0.10394

0.08403532

0.1508106	0.1074826
0.06899288
0.0813528	0.1183351
0.1262369	0.07799714
0.140022
0.1683062
0.0941702
0.08435722	0.0944907
0.07284783	0.08698318
0.05305677
0.1142414	0.09291234
0.07864448
0.09719864
0.0743025
0.09800656
0.07475321

0.147648
0.1003218
0.07513261
0.09669755	0.06918678
0.06944154	0.1183119
0.1306243	0.09331174


0.1166659	0.1162949

0.1217322
0.1110323
0.1241615
0.08152145
0.1110852
0.07024968
0.1280016
0.07826379
0.1184906	0.1116623
0.1058549	0.07123708
0.09336101	0.1248659	0.0833556
0.09618034
0.08777559
0.1185769
0.1139562	0.1819856




0.1113853	0.1374376
0.1230246
0.1123492
0.1870931
0.09439704	0.1288765
0.08916163	0.1029738
0.09627786	0.1437344
0.09462627	0.1179666
0.05886407	0.09885227
0.1036091	0.09032265	0.1662766
0.09712562	0.1127057
0.08838328	0.08677147
0.1120784	0.09525612
0.0693943
0.0523682
0.136539
0.1700019
0.1218272
0.08718621
0.1038909


0.1085579	0.1104405
0.1174935	0.06223358	0.1045891
0.09330283	0.1054943
0.06988187
0.1658014
0.05454968
0.132
0.04326116
0.09061194	0.1039852
0.05854094
0.1360966
0.1129193
0.07562736
0.119085	0.1065917
0.08590578
0.1185931	0.1024637
0.08503944
0.07148435	0.0809773
0.107056	0.1237946
0.09946468	0.08415252
0.07655365	0.1770519
0.09332938
0.08647325
0.07594533	0.07262355
0.1845393

0.137582	0.06943161
0.1165661	0.09133574
0.165863	0.1380835	0.146646
0.08172529	0.1582215

0.0818444
0.1262183	0.09882238
