ExtinctionRateChangeTimes
10.30304	1.042635	17.4573
8.926914	23.14049

7.64342	12.00074	4.290549
5.107585
23.78271	1.425895	21.26104
4.260246


15.21882	5.91226	0.7475153
17.25597	8.959551
16.52559	4.342753
21.69167
7.736883	3.941609	11.89693
23.96054	21.91653
14.14154	4.939827
19.91603	19.09216	14.27783	24.73335
9.555879	7.699381	13.13931	21.03257
3.489042	8.02166	6.861618	7.453598	5.766338
9.80815	24.38157
14.80217
12.23901	6.557587	14.16437
14.43019	16.72748	4.783123
20.58428	23.83749
17.79718	11.60404	14.72531	15.44615
7.325861	23.37202
7.80038	8.560867	3.888617
18.33802	2.006684
9.0986	16.38023	10.29911	13.11927
24.22764	17.72668	24.17786
2.282002	15.98248
12.28333
17.53443	23.4891	9.960698
2.525644	12.58559	9.95503	3.045999
23.88258	3.3591	18.04369	23.81432	21.97453
14.52292
15.19081
1.2219	12.87814
20.86781	17.90723
24.74911	11.37525
13.51399

1.755113	6.190587	17.50559	15.12314
15.90553	24.31646
21.14217

10.4514	4.491575	24.59697	15.10076	11.90429
2.486798	17.12775
12.81718	21.55462
10.03654	3.520523	9.997446	0.9913939	16.26819	17.44832
4.969707	9.185957	5.532884
6.023813
21.41958
20.30481
18.54835
18.37542	20.1922	9.450733
22.57641	6.809922	10.89785	12.23709
6.063053	18.73018	6.690969	0.5580258	8.109454	20.97855
4.116988	3.528475	24.11019	5.972218	20.38895	18.57541


0.8957514	23.43195	19.75475	8.113036
20.17275	19.39683	7.232508	12.2147	9.98559
15.71909	22.27884
18.01763
22.43477	8.725442
13.05502	12.92383
4.514089	15.81972	3.612236
20.59795	4.592744	23.25175	3.045411
19.43309	2.661629
18.41581
8.640499	0.04435813
12.87264	9.751086	17.9321
3.563143
21.25633	5.002609
7.76518	22.92505	16.97714
5.196758
2.075628	5.82721
1.508255	13.60874
22.30942	1.578238	0.3593244
2.686544	1.800913
15.12649
14.70285

7.922866	16.25166

5.964871
25.01209	2.062333	0.462635
22.35264

21.05565
19.64902	21.79399	14.256	4.883432
2.747301
0.4507481	0.6372234
4.505149	4.961338	19.20116
4.522593	5.012761
8.695964	17.37705
9.557717	9.468732	24.85204
24.21	24.07402	13.60424	0.9685644
23.60081	23.02728
16.97013
19.07712	15.43726
2.303535	18.06229
9.507396	14.05529	9.472363
17.49323	9.818753
20.06989	19.47696
17.1786
11.17594	11.44257	20.2921
6.434503	2.266178	8.875928
24.98042
18.73886	24.90187	1.105155
5.204984	24.70081	15.99469	23.88907
15.30754	20.98377
20.14099	18.21122
18.29449	7.65097	25.01156	23.58777
21.02723	16.3813	23.50812
1.293897	1.599253
10.95758	14.02907	3.163121

13.11195	3.790563	21.47528
15.0133	8.43054	22.8472
20.44346	6.299835
2.975321	17.23946	19.71229	13.35956
22.53964	23.54727


1.448488	0.3292476
19.37928	4.592576	2.834234
13.4155	16.29536
20.83409
3.01689	16.94188	24.40329
24.81878
15.26356
2.330469	9.543722	24.7147	17.46666	12.06832
16.15427	16.8029	16.34754
2.769356
21.55728
12.86114	22.02505
19.62719
0.8602242	17.24556

7.328166	22.29348	8.008022
16.82362
15.99282	19.15204	3.146683	16.26951
1.362656	17.91288	0.4837308	11.55216
9.215425

2.581085	23.27854	11.3661
3.255747	22.88347

25.00282
21.20996
11.30903	9.310977
16.5218	0.6931221
13.62013	5.036254
4.03775

12.81084
2.97529
10.24593	14.92541
9.898866	20.89683	9.059251	6.433034
6.854394
22.16993	24.47195
18.71242	3.681685
3.179383	8.319948
14.78285
8.384988	18.95887	15.57878
24.28494	15.85555	23.40826
8.336245	6.84434
17.04638	19.02932	4.942024
21.87073

9.791091	23.97099	16.25016
8.364197	11.42895	16.07615	2.085201	11.80945	0.4491799
22.40548	24.28321
20.39681	16.79735	7.676003	24.86325
12.55414	11.58111	1.051555
16.46143	14.37147
13.36304	2.015897	17.97244
2.32682	12.37132	6.57468
12.05395	0.303148
18.55581
2.0296	2.157676	7.634543
4.048266	7.902698	17.22049
10.33513	13.93761	13.76192	1.388635
10.22995	9.744346	15.84029	8.587255
13.33913	24.57821
1.790338	19.02804
1.025443
12.61092	2.892849
21.21847
15.40971	12.68726	24.57271
0.002287789	14.98013	24.50337

3.862664
21.45733
24.37844	24.44145

20.76228	18.79724
22.53757	22.51811	12.94205
2.429778
14.49377	19.3981

24.44103	8.688448	7.61084
9.86218
16.86722	2.015589	24.09977
21.3599

22.25445	7.938977
19.53842	3.58107	15.94449	19.27289	2.12715
0.1817881
7.855152
14.71083
11.66338	7.756173	6.526377
24.60561	15.10099
18.68963	5.450004	4.560666
19.01719	18.94211	13.65967
17.26929
14.35536	9.302298
10.44621	2.585954	14.60607
22.9725
0.5247286
17.84391
4.628245	15.94703
16.99839
10.36088

15.86216
19.84451
4.346063	22.93793	3.836856	10.30669
10.16384	23.67317	18.32827	12.07568	15.8637
10.00557	24.39455	17.55114	20.02434	4.783643

9.891856	23.77192	12.89134
7.541959

19.85836	5.418299
12.13719	10.39736	0.277207
5.227309	10.12682	15.12892
11.9127	11.70154


14.39056	22.84054	20.83354	20.80951	11.27904	4.581035	17.55378



4.785244	16.36295
22.70969	16.83912	21.33948


18.22891
9.69159	2.966531	3.66634

24.06582
5.354812	0.4774262	1.552701
2.111483	21.75978	7.476799	15.8172
12.55083	8.523523
15.12686

19.65299	12.13174	11.93864	5.007605

10.95709
11.06907
12.10283	13.79687	13.19982
7.460319	21.6413
2.206643	7.964177	23.31927
11.65786	23.3359	17.15087
14.3159
17.94236	16.2675	21.51226	4.64613
24.10712	13.05785	16.09924
12.6237	19.10216
5.647644	4.68048
12.28295
18.60957

24.80043
1.281661	10.39791


7.979624	7.061881	9.888476

18.41271	15.36882
17.20716	14.53597	18.59243
7.896373	2.869938
2.891852	21.20858	14.12417
12.18388
24.34456	19.0328	10.35331	22.68567	19.76193
12.84411
23.77258

11.54202	19.52526	19.83008	10.7267
22.41724	11.55149
15.32173	5.106799
3.141288
11.70406

11.23457	13.62905	17.91556

22.65603	13.90067	2.884512
16.17505	22.23016
10.338	8.594556	17.76808	22.08222
4.074116	16.22207
15.70484	2.519762
24.75478
7.936935	16.49637	4.772464	14.95907	23.86728
19.88697	5.651248	21.48995	18.0837
17.33492	20.21256	7.255238	8.040559	17.06623
2.06646	14.27391	18.11675	6.438679

4.86917
12.49733	12.32411	3.930629	12.09684
18.38178
9.279112
15.49022	2.409779	19.61672
22.04003	8.09794
23.64523
18.43664	10.88462
10.3682
10.13994	4.339773	3.105225
20.71936
12.04152	20.34088	3.589637	19.9038
13.04808	21.00312	9.671191

22.33107	18.04425	20.51825	2.028341
16.89018	8.227954
23.21952	11.54454	4.233362
8.322773
20.52493
0.9708388
24.16346	0.3136962	1.192178	5.337637	16.58843
22.67067	4.051432	18.67122
14.53825	20.81558
21.03634	9.918278

15.08171	5.988696	3.637181
15.01467	19.02629	11.39199

8.874607	0.7943824
25.00453	21.42444	8.439357	10.63411

12.8705	21.83566
16.5715
5.627407	14.45355	20.9864
10.3545	19.55779
6.834085	21.44331	12.44361
20.06767	24.223

9.293547
9.243135	0.6084612

3.543437	2.861728	20.07029	24.8574	12.69897

19.72757	7.504509	5.200569

3.617796	8.441092	4.468188	23.03062
23.92977	14.48443	6.011502	19.76369	19.30696
9.151933	15.51967
8.449079	11.63202
18.0296
24.05787	13.13198	22.6266	5.011305
6.692057	5.575317
13.94613	8.43092
9.798975	18.31412
16.40158	22.54035
16.56986	13.71018	6.5314
22.26045
22.13326	10.95637
3.646053	0.4476739	6.179028
6.809719	7.74822	2.660663	10.00732
14.49007	10.48515	17.54581	0.6194551
0.08877197
10.22262	5.401844
10.62306	19.96037
19.50278	3.407608	15.11342	5.312757
18.58656	9.041781	14.95066	19.73692
19.27771	8.191453	23.65561	0.2302269
16.32543
20.58808	4.302372	6.924054
19.69256
12.62444	20.49637	24.88348
19.89495	9.661406	9.35535
19.42784	13.85305
16.46898	7.546755	10.28262
19.84701	13.115	24.42348	24.36267
20.16049
20.82294	17.98622	11.05054	20.75879
23.31635	14.80758	21.56418
16.02123	10.09676	24.345	14.94681

10.81607	12.77997	11.1821	10.79864
14.26384
4.804212
4.506599	14.71375	7.939747	6.657762	6.816589
8.147339
23.14469
24.63439	3.054649	8.657253	0.9507407	5.705022	19.63663	23.96147
12.99596	7.239803
10.91452	11.2141	24.97198	19.64497

10.96498	16.31055
16.4618	13.45695

15.20837
4.586099	13.63151	5.176498	8.441269	22.11516
15.72858	21.09136	0.5264635	12.11647
16.60058

21.38797	23.61566	0.6719066	2.901105	15.6422
0.7514443	12.67931	1.596592	5.398312
13.28019	15.66325	20.8549
9.347478	7.125577

24.51584
18.57896	16.28892
6.005582

1.800074	12.68001	20.01951
17.15327	15.69826
9.582684
23.42836
9.59578
22.79986	6.782039
9.976262
12.49153	22.05279

8.333453	6.299636
11.02989	18.0589

12.7968	3.079622
23.46681
20.09783
12.02373
14.85342	10.9636	15.19075
5.028638	1.649461	8.038286
7.903574	13.26507
17.45874	20.45224
22.27655	18.94201	4.811097
21.43489
14.99989	0.6677259	20.70839	2.06892
12.41802	21.27298	10.47844
3.76212	17.48674
19.57578	10.26476	16.81146

10.16103
6.284806	13.90833
21.29483

0.55367	9.9551	10.31314
5.130713	13.41059	20.19835
12.34623	8.65118	8.407393

6.495983
8.303525	14.08341
23.20154
5.433102	12.14045
3.242908
5.746513	23.05732	13.76229
8.751957	16.74461
20.23974	4.42981
23.15591
23.47702
8.306976	22.71698	0.1737178
6.151689	14.92527

11.19549	22.55474	7.067085	19.7865	5.885681
21.46031
1.383077	16.4084
0.7369442	2.43102
20.57204	23.36268	21.04492
22.11703
6.488637
14.97413	8.214255	14.49719	0.6818484	4.133114
1.387367	2.778938	14.34555

8.042812	5.233912
19.94554	24.78771
14.011	12.34196

17.89621
16.0648

23.80937	6.283452	18.85249
5.43813	2.892509	5.763383
0.492096	0.4890229	0.9601688	8.335272
11.37912	8.247535	2.025309

14.33785	7.258431
9.33045

17.63991	9.610538	1.454228
2.507256	18.55343
17.04304	15.40202
4.445027
7.199264	6.109413	19.87239	15.79724	6.879984
12.28005
8.818969
6.419483
6.906211
17.48572	6.631486	7.792159
20.0886	13.30259	19.85915

9.88287	16.90005
24.54401	8.137439	18.74507	16.53426
8.204166	3.99595

21.68362	8.317569	14.51354	17.16167
16.15581	14.09772
20.16429	5.931548	7.686988
18.68822	17.74385	24.25019	24.39558
13.34036	6.45408
15.94083	15.26516	19.29897
22.19639
19.03839	8.145711	6.854422
11.13262	12.31188
18.11893	16.64119	8.539939
15.28349
3.947513
16.65005	21.31502
15.03681

15.07898	19.9474	7.131505	9.473496	5.324601

19.40271	8.316852
16.80134	11.77491

13.79239
3.527039	1.930231	6.58276
2.307888	1.482562	5.328664
20.13455
9.186652	10.6868
24.35031
17.80822
23.81803	17.76318

8.095858	12.03034	5.038399	4.383859
14.4414	9.708444	14.46934
20.53414	12.30112
24.38881	14.74492

8.473194	4.18219	21.56285	21.28997
13.13881
2.928516	5.84342
12.04958	10.46787	10.28435
18.78964
5.394742	13.92176	7.567001	24.76076
15.21739	13.25375	9.573336	24.88707	22.35867	11.71087
18.95889	1.722526	18.20525
14.78873	13.27913
13.31913	8.790223
12.17214	21.17839	14.29978
20.62063	9.793113	9.115887	25.02163
9.514994	12.39082
21.41792	18.04849
4.311537	5.192473
15.03039	1.122521
23.23767

0.361084
23.99195	17.04555	23.60411
3.702075
23.3391	8.653402
24.13037	9.144256

18.24949	14.75873	7.010792

13.94807	2.444197	3.133112	20.6177
12.11169	9.524067
22.62655	5.405079

21.14314
11.50266
7.966243
4.19039
1.146934	14.68009
24.2388	3.730881

23.17935	14.10606
5.371524
11.4945	15.85037	23.24135	6.728204
10.1932	11.70218
1.510451	0.2008464	5.246159
19.02624	12.19199	22.08351	20.81481
2.214003	23.45394
3.786636
12.82094	17.20408	16.352	7.901289
11.98977	0.8338946


18.5563	22.94067
11.38024	18.48886
18.24697	7.700777	14.39756
13.62811	4.191002
19.7281
11.70904
19.47866	2.142349

19.74575	5.050413
16.1762	15.05898
22.10043	13.76717
14.45399	18.13374	18.09156	21.20052	2.995565
18.09212	17.13834
23.06752	4.562548
20.69543
5.16283	14.37253
2.7992


18.5538	18.93613
18.59095	11.26889



4.356053
18.40203	14.63618
9.848731
0.01694269	0.5627289
10.62969	0.7418154	9.825028	5.247838
15.11691	1.257546
16.26669
3.858818
10.32552	17.15972	15.22532
4.85973	19.93786
20.49561	17.34894
15.80226	9.615422	17.80769
1.267895	23.05936
21.73888
3.860636	14.1924
8.447981	22.02945	6.498269
6.738081	1.137383
9.527087

12.3252	14.60461
16.60434	21.56075	3.540193	9.48166	4.957313
2.862254	1.694329
16.00254
5.041176	8.66713
9.245615	13.88736	18.54282	12.13017
12.7585	10.63338	7.665479	19.27865	3.033018
18.76021	20.14554
14.91375	6.447776	16.55123	0.4981692

0.1573388	22.90917

23.79508	6.222643
3.796649	24.25112
8.435473	21.56121
9.882823	5.274637	7.961561
23.28195	1.700691
22.98519
20.53451	19.54688
14.07717	23.95372
14.79827
15.08368	9.987311
14.26444
15.74824
2.039678	10.6683
12.91487
15.7695	7.874235	23.3945
9.603323
15.46312	7.003078
13.94617	22.97857
2.203326	13.85968	12.60854	16.75165
19.79313	0.7815297
18.35318
6.326358	13.61342	9.030562	21.51569


10.12798	17.96253	19.62485	10.12998
22.73525
1.448857	11.36684
5.943463	21.1652	15.23483
9.07328	23.34325	17.3029
24.5666	24.51559	4.939755
15.49771	8.916885
21.32149
15.31374	4.946561	7.422622	3.430769
18.6055	5.892513	0.9605295
20.52452	0.116314
17.66704
7.057409	0.3362295	12.54278	1.692833	13.62439
17.19536	2.757827	20.43374	15.21404
12.81173	5.033716
2.456527	7.649879	13.57929	4.677893
24.73457	15.63864	15.31661	1.305735	18.39609
20.47172	1.779882
15.61358
23.77878	12.79235	5.987937
21.48101	24.42697	12.25224	17.23458
2.280513	19.97059	4.388043
6.56055	6.067818	22.27626
17.81181	17.63547
4.753584
11.33098



1.599883
15.15975
12.90934	17.82602

0.6115884
5.940216	9.985309	17.85492
18.07827	12.79161
14.38391	14.20361	22.97035	20.04061
24.21101	23.60132
2.371046	6.748694
3.698366	0.9645117	5.242945
24.09121
5.172995	8.848754	11.90572	11.97712
17.38972	3.91187
11.54473	19.33156	15.76476	13.46289
4.728241	19.58443	16.18244
1.792831
7.583975	24.30791	24.33494

3.671417	20.35551
2.682515	24.80426
21.83657	5.704171	18.96015
16.759	13.83954	13.444	21.15535	7.915848
7.575946
13.01175	17.05144

11.6757	1.642249
20.80152	1.15884	3.422179
5.441301
23.91947	18.63427
15.49205	0.4173905
15.5949	23.93927	13.89989
20.6713	20.34692
21.98016


15.48059	6.112979	9.054477
9.419494	21.54806
22.96633
6.943548	22.18389	18.252
13.32223	8.427958	3.757264
19.18872	9.263012

1.111928
12.69252	13.60045
1.865317	9.840036
13.72252	12.1412	1.430564	5.247599
10.38456	23.22616
5.612577
5.762966	19.11159
24.78804
18.17222	4.922347
0.4303949	14.422	0.939823
6.032072	16.99908
22.10423	5.226175	0.2119431
3.927642	11.10417

0.7867403
23.594	1.691789
2.895206	1.356057

4.396396	24.52599
10.94778	12.68585	0.5071697
19.06117	17.67808	7.712107	13.93116
9.314517	6.44892	0.5991764	24.95224
17.27681
16.88719

18.89633	13.79435
11.556
3.057911
24.11274	22.44245	18.30836
4.903307	21.69513	16.44141
22.02936
20.50739	15.68005	0.1489322	12.34043	9.346542
7.72662
13.26974
18.72502	21.71266	22.49623	0.6574727
14.59856	1.516499
12.98644


6.547969	12.42005	10.28259

24.18533	17.58141	24.20402	14.27763
18.17198	22.58364	9.831875
10.20301
7.073088	21.32757	3.816049	7.289554
8.597956	23.36822	16.69776	3.962112
8.607991	9.314548
16.05528
22.24726
2.633659	16.41213

11.31523	16.3111	24.59351	21.77306	0.3855928	4.217349
17.20963	13.64817
6.88765	14.14973
16.67641	6.652514
19.63222	14.45458	2.341244	18.26962
2.202053	1.725426
22.71589	2.223056
3.649248	20.98151
10.77668	16.98059	2.330372	6.129824	14.31525
1.820145	20.29296
18.66622	5.756079
22.83535	1.463472
3.335652
5.728573	0.6341772

21.34256	0.1327212	5.130453
13.50909
18.8178
10.14646	12.75393
1.885621	18.02397
20.50533
16.50791	7.597391	4.587279	24.24211
0.7030191	6.333752	13.64016
4.811981	21.29938
18.07697	14.13215	22.45189
17.97963	23.82409
4.879272	13.6723
12.89922	15.26677	8.699693	15.97945

4.159516	19.22126
2.622819	23.87663
14.90374	12.84159
7.690633
23.34133	22.26436
16.52757	1.777519	15.80084

20.17657	1.993372
23.84278	2.007349	9.609391	14.70426
18.24688
1.679878
22.92838	7.525437	1.168992


14.38636	4.992364
5.052607	3.391541	0.6239286
24.95875	22.04421
0.05928631	10.64315	7.904093	17.07038
18.41915	14.83622	14.45563	1.629659
13.38134
12.24709	17.56759	20.16639	0.5728299	21.22433


6.588955

16.39452	24.00669	24.18856	12.16773
21.35838	18.73938	13.62748	19.5358
1.585507	1.183411	18.17645	17.06758
5.849152	19.49806	5.136825	2.553244
18.35117
17.03429
5.1326	11.58466
16.99552	20.45654	15.41673
18.96066	2.733074	0.903767
20.58374	16.55436
16.47262	20.40193	24.30228
1.847115	18.25045
12.34569	3.376259
13.49651
0.5746206	7.96575	12.20948
19.72774	10.52721	0.6311267
16.8732	15.89912
15.96036	17.15544	15.91454
4.818756	9.285	17.48515
2.196561

23.03533	11.61159
12.92343	0.8978131	24.64253
11.1867
7.065371

14.67505
21.25419
18.30424	23.90633	0.3266912	20.42316	11.57871
4.445639
9.115461	4.878839
11.93687
24.49841	1.205927	15.11738
3.482646	13.41608	21.49085
4.435022	20.45943	24.8461
15.23368	22.03975
13.84483	3.155594
16.29383	7.635481	9.189764	17.64323

2.327138
7.347797

6.222358	0.7489132


12.77846	21.86358	2.971358	3.786972
8.007821	12.04239
18.77828
21.43037
7.353228
14.85494
9.114546
4.78996
19.79437	12.39402	5.195041
7.155622
8.335121	17.62572	5.069434	22.23907
15.28717	7.146494	2.38955
9.851677	24.82318
14.34308	5.493912	22.45232

12.80044	11.42468	13.93907	19.47083	0.04846296
8.455669
10.41413	12.08441	19.54876	22.17068	11.17709

21.36957	7.87805
10.8112
18.498	2.462601

24.66522	18.84065	1.021901	25.00686	15.15679
4.21253
17.72336
19.82291	15.99365	17.40527
6.239642

0.8066377	3.266009
2.010748


15.86969	4.426953
1.66886
16.06337	8.099239	2.867614
21.16853
5.164802
16.63759	16.80145
0.3857347	22.84644
17.56804	2.848144	24.88971	23.49955
6.26972	4.359693	7.531601
5.501266	15.76187
0.5368869
8.076779

6.765599	7.162918	18.3031	13.57796	12.87679
12.86775	23.18395	3.402458
15.6712	13.09344
23.57223
13.10201	16.73742	14.31421	19.73757
9.934261	5.582411
16.14725	6.555027	14.32515	17.53661
9.592045

11.25877	4.170908

11.34161	15.72411
3.284275

15.86707	21.69166	8.152624	0.6956009
0.5723208	20.81632	5.047076	8.953178

0.8563961
11.57581
7.629684
20.3941
0.3547932	20.98651	2.822834	17.53098	16.44119	1.815965

19.65628	17.74635	23.08047
4.476558	18.15203
2.787221
11.93998
9.281564	23.08397	13.02908
20.28043	23.24182
4.052143	18.46451	23.40753
4.559139
17.23593	6.221351

11.12013


17.93818	21.15224	4.165084
4.631747
3.770483

10.85976	16.43262
15.36898
10.28472	10.41733
5.99639	13.68234	12.14417	20.2301	2.001964	23.66712
21.38567	13.44466
11.13205	8.563855	2.645139
2.922212	1.978163
6.971724
9.469275	6.74331
8.728971	16.71416	2.357109	21.46561

24.8532	16.20638	25.0153	10.64782	19.3416	7.93482	20.87514
12.35415	17.50605	5.29138

9.988217	3.054058	5.024208	22.47351
22.88895	7.994283	18.76632	23.50472	11.54742	1.743682
21.27153	16.24597	18.91987
22.32102	14.88508
9.045653
3.813723	19.04246	8.435943
7.792535	20.96249
6.662876	18.4764	15.14763
18.71301
5.089119	24.05195
2.248242
20.4153
20.64223	20.21716

5.293759	9.863195
16.84114	11.07965
24.74588	22.4518	21.46381	17.09684	17.82017	14.41985
23.29238
1.258742	14.9465	10.80982
22.52991	11.95028
6.174663	2.160994	15.23824	0.5224412

19.23099	4.952778	0.7323413
22.21058
6.901857	19.18668	8.364373
8.347362	22.12796	23.90773
13.82161	14.45896	22.15641	23.64824	3.648705
16.3068
18.96368	21.24484	18.55277	10.68377

20.71705
7.746922


24.91767
21.55745	6.056265
6.089851	17.53267	9.389826
9.308624

24.77257	3.300324	19.27778	1.919148
13.47018
1.421986
23.33047	21.54076
5.867636	14.40745	10.25247
19.26901	6.73462	17.06833
23.46063	19.25228	21.60658
17.81809	11.47644

15.03445	0.5356809	11.03388
8.527185

16.10203	11.07413	10.22842	9.584259	15.5616
23.95919	0.4341391
24.56276	7.12217	17.8105	4.047734	8.881939
6.994321	18.03568	13.92487	8.874404
22.67785
10.27383


6.868201
16.48749	23.02082
17.71585	14.37703	13.41098

21.5361	24.49909
4.748313
1.59161
22.62751
7.504071
21.02939	9.110408	8.004959	8.72521
12.84383	1.154075	19.64961

0.9914103
18.69575	3.946156
16.25392
22.96105	14.44755
6.918998
1.45479

18.79144	23.12901	15.63345	13.19172	10.7354	2.402792	11.69489
7.963435	0.6121429

17.92657	23.25978
15.41038	23.74593	24.29769	10.04285	11.2119
15.06326	9.724194	13.38235	17.18919
23.63389	22.92564
18.30543	23.05107
14.42253	14.46295
3.736425	0.9135036
3.778493	11.87049
0.4418432
18.37961	4.005659

4.438668	14.33581


18.26691	7.855713
17.84348	14.35097
20.17976	16.34628
13.9314	23.79739

21.31455	0.493667	22.9609
11.27106	18.56381
4.98639	15.82647	3.30587	23.81397
0.9585448	3.062885
0.5389258	15.94498
22.35208	12.98551	9.16103	24.9691
24.7517
6.011304	24.96667
19.24679	24.98684
12.64267	24.88562	23.59283	3.776541
9.439712	0.7076533
10.03904	4.715516
7.480458	15.28504
0.5806424	11.62584
9.736801
6.06257	10.12223
11.66687	1.584448	3.326701
13.57962	3.558368	3.241868
18.70781	5.750031	18.51997
12.58641	3.249411
8.443357
6.406862	23.57126	5.516601
1.196093	16.6472	1.457618
4.59222	22.35269	2.968418
18.08198	21.71026
22.91099
22.07539	5.788857	1.231703
20.06453

4.72283
14.85753

1.199529
8.71635	7.258503
9.406299	13.35209	19.90916
3.033925
0.05936113	7.699079
16.5865	2.078095
6.435486	6.30898
24.53342	11.31364
16.92593	17.47328	18.82327

21.66015

20.06416
19.32064
21.91659	12.15293	4.59588

23.98975	3.888087
7.662664	17.13276
5.084529
1.223726	23.45638

0.2159658	19.43388	7.096556	18.20104
19.91931	10.52621	6.063719
4.225904	10.6105
13.19404	13.54924	23.09302
14.63536	19.68046
18.7269
1.978375	2.45146	6.96538
1.806814	2.930888	16.82825	10.27642	24.50595


22.24736	23.95515
1.633084
1.436591	14.88012	8.808704	24.74782	2.806489
13.49452	11.34237
10.93757	4.042918
21.06763
2.627432
24.951	13.681	16.28325	13.21136	16.91536	8.859063
21.21005
15.91244
19.82864	14.1064	10.37235
17.06843
9.936514	13.56514
14.79698	18.73239	8.180971
18.10205
4.620092	5.837961
11.40621	4.399331
8.942672	15.33943	6.21672
2.650596
1.02454	5.94834
3.253835	19.27571
10.6261	23.42365	18.07636
17.71547	19.60084
12.11573	3.503694

0.8186814	4.764476	19.41654
5.89593

18.27637	22.21994	0.1728346	7.859827
7.462582	9.099046	2.807713	3.037895
16.66553	10.57588	8.050085	3.050736	1.529312
6.881975	7.38316	17.57564	24.99264

8.36028	10.12144	17.04079	21.94163	23.11351
14.8507	6.426217	12.94176	24.1662
4.300845

8.454282

14.06169	8.900687
14.46771
13.19173	2.831228	21.85001	2.666993	9.581748
10.66672	21.12622	4.374684
17.70427	24.20937
1.778255	20.53693	12.2606	20.87409	11.23958	6.27611
22.96138
7.260038	23.08953	13.76528
16.73214
19.52719	12.16901
20.31342	19.02427	22.82576
10.88642
3.020306	17.83186	3.050149	18.58807
22.00427	4.874894
15.03064
2.219976	17.27875	6.850534	11.61139
24.06131	3.240244	18.0489	7.73701	21.36871

16.34891
0.4690725	1.521211
0.2679136	22.35528	12.78347	3.750377
14.98313
24.96129	1.49285	7.775459
7.053394	14.51651	5.644347	21.70717	23.98443

19.29999	4.235524
8.057424
18.02485
5.302759	15.26789	2.4552
10.697
11.07774	8.037666
17.4553
13.26729
24.25561	19.23257	19.23982	11.10778

21.98336
23.91267	15.02541
16.90504	16.83759	23.06618
12.21672	5.848644
15.5744
3.591207

13.84712
24.55286
11.58505	2.714938
2.701199	11.00011

13.55415
0.1482299	7.232406

18.72845

2.387381
11.82251

11.28119	0.6709441
5.40188	14.07779
11.94535
1.904072	9.328648	15.80798	8.364393
5.11022	13.29242	20.11956	23.31717
18.6702	14.80407	18.46772	3.878466	15.23494

23.67087	16.24644	5.101006	23.4055
9.726947	6.075959
13.16116	7.674603
17.88463	18.9887
24.03769	7.016993	19.40688
1.146	10.5548
8.449969	23.30869
4.616627	18.87636	2.071698
15.33151	13.24773
18.11704	18.77309
23.70544

9.237976	4.409026
24.01931	7.960595
7.044377
9.938835	23.12657	5.763844
8.599493	4.380256	15.57787


15.06742	16.70266	7.741823
6.337706

10.08511
20.19645	18.04629
11.03266	0.9403294
19.79562	1.371107	0.2767828	2.811282

20.22137
24.12899	13.16617	6.275234
21.79811	18.73659	17.43426
12.1719	19.44917
10.49554	6.262337	10.06266
13.46717	15.8092
1.992265	11.62746
13.58248	23.47363	15.84736	8.058061
11.22233	25.01764	21.88497
10.24847	19.08946
10.5759	15.01707	16.67819	6.130175	1.286767

16.67342	0.4654424	9.192696
14.50584	13.90432

22.09322	19.86569
19.66589	8.904769
1.208398	12.84162
4.97643
2.627799	4.227907
11.87908	19.30916	12.92914
7.570337
24.18355

4.95941	17.43023	17.52567
20.29445

17.15186	11.34725
21.74614	17.70971
0.9292512	13.35053
24.28498	21.21988



15.54161
16.36843	10.82209	1.030308	15.96309

20.40978	4.114959
20.45968	5.597318
7.586492	21.93356	17.24052
16.7911	5.786652	3.372883
9.672226	22.85474
14.20706	4.979878	23.36013	17.2499	12.78377	1.30396	8.686969
0.9008724	20.71225	7.501057	0.1116801	24.18954
23.48117
23.31679	9.386655	7.587357
11.02691
24.90052

10.25147
9.785184	13.08348	21.74117
3.819524	5.413001	12.03724
15.23282
13.89382	11.67225	8.2097
24.77058	16.71288	1.85851	7.913293

10.43264	8.747968	2.920494
11.36432	8.739882	24.54511
23.7814
1.587919
22.08967
12.72141	19.88568
16.5598
15.81472	3.432787
4.047559
7.223373	14.75512	15.24775	0.09390796
3.635925
0.035717

13.56345	0.8990348
5.478544	17.92319	0.1556032	12.38325
24.12549	10.27128	14.47431	4.01601	16.63963
20.56383	1.579453	12.36632
12.41041	21.64127	20.48447
15.766
0.5107911
21.63453	16.70582	13.22717	12.84696
8.523612	18.55859
2.267419
9.645968
12.13004	21.90503

14.75506
13.07741	3.448217
24.78085	11.89543	23.39887
5.725471	19.63826	18.9245	3.962785
21.2406
13.2634	8.968395
16.93694	21.4047	19.20721
16.36094	13.77522
12.28847
22.25719	4.663854	17.29774	20.60747
7.156563	23.56567
23.82967
2.420062
20.54022
22.90477	6.213472
3.970263
12.56863	4.279669	5.346191
14.76841	4.071088	18.66281	10.02098
6.082316	4.210898	15.17247	18.56641
25.03252	20.97875
1.296799
21.48116	0.9526355
13.80412	8.720735
18.81109	1.401812
23.01787
9.652251	1.090509
21.64388	3.563766	2.971037	20.17719
18.46288	4.199906
1.393762	12.67214	22.2621	24.81589
19.86687	10.67704
6.290836	24.89836	5.15797	24.10314
6.206818
24.28889	11.29093
11.89468
1.866093
1.226552	15.28062
23.59272	7.720927
15.85084	18.25124
8.890741	13.75786	5.803384	20.44885	5.870574
12.45144	22.26397
4.723983
24.52955	11.59867	24.37851
4.808327	16.63782	20.90432
17.83588
4.312068	17.58914	11.01836
23.20337	5.954941	24.10531	6.546974	5.713718
7.003265	12.09323	4.156695
18.60486
15.82899	11.55641	9.008324
24.86898	3.276402	13.48811	17.06836
22.019
5.046319	2.910147	11.1677	17.29158	12.29668
13.41649	16.98674
20.89557	15.95973	6.538771
23.16559
2.244568	16.00499	6.810441
19.42066	23.96234
19.128	6.920767
9.216634
4.907807	0.7548047	22.33682
3.245	18.18368	2.04657
13.89634	24.53011
13.73265	9.680805

4.536467
16.60526
6.371882	8.954433
0.9701592	14.45303
1.817227	0.9697899
22.61779
17.9367
4.121213	9.501746	3.216346	0.3703589
15.06499	10.90279	7.969989	18.14907
21.16985	19.92885	18.64853	23.39315	24.74754	0.2711924
7.808899	22.32417
10.62281	1.100031
23.18134	18.59423
16.34339	16.69583


1.339955	21.3883	21.68834
20.30948	15.05598
18.45144
16.15317	5.05783
20.48336
13.57222	13.84922
10.40871	11.58943	0.3375352
24.5061	10.22529	2.386982
9.853477	6.882184	23.91352	11.90997
13.72168	7.391446	2.359874	19.07904	23.84291
2.033186	10.29198
23.49572
19.92467	17.11692	19.7225
12.92334	9.188099	6.530499
5.808116
2.4389	22.61385
5.318258	0.370655

22.64405	2.795263
13.3259	12.23667

4.171304	6.667016	23.63259	1.597666
12.56746	8.15494	7.531457	24.76214
11.004
17.36175
11.60944
22.92995
17.86633	24.93063
24.13718
24.73649	3.844933
11.10477	19.32491	5.104658	16.61133

8.054698	24.22269	9.669739

14.73368	9.540977	4.798895
4.016308	17.21256
21.5973

3.359508	6.858054


7.755665
3.674858	4.444183	0.5086204
16.01982
12.13493	21.65985
1.528349	14.20655	2.81861	13.44827	5.504494
16.66655	14.76154	24.79884	0.6094364
14.8397	22.76645	22.65162	4.841324

4.093555	16.06756	21.48227	11.2789
8.736378	0.7677925
15.48507	21.7223
19.24599	11.29903	12.59004	1.023742

6.698919	19.4781
3.938117
21.79717	3.60163
16.28976	3.822945	16.64772	11.76068
8.47004	20.57386	13.74688	24.56505	11.04319
5.296635	18.79648	10.41966	13.22534	15.2825

11.34848	2.48784
3.112222	8.697732
19.14241
1.228145	19.13838	4.837262
9.041436
16.26893	12.96042	3.974495



3.763006
13.64394
13.02839	6.806775	21.20727

0.2190379	13.78765
1.451035	17.94289
9.090813

13.54645

5.647507
11.94914	14.35955
16.94929
2.830828	11.65067	21.84625
11.02657	8.360137	18.63806
14.25149
4.565618	17.83121	2.790304

13.66974	10.53409
14.21369	1.099409	14.92064
15.15142
0.413075
20.14482	23.17446	11.49148	1.658675
7.726531
13.25031	13.71152

13.13457	5.719896	19.7415	1.254593
6.804645

3.237951
1.067482	12.393	1.011189
7.539516	22.41891	5.877602
3.883236


3.880192
19.92068	19.02453
12.76306	3.877668	16.96028	6.896385
8.834623
13.10084	7.88138

7.448472
23.93622	20.53267
12.55848
3.819953
3.541474	11.30399
23.84095	19.65527	9.854074
8.423425	3.549773	19.43828
12.2956	9.719117	20.28298	9.471796	22.74722
20.05581	22.1844	12.73923
9.475055
10.63702
19.38808	0.4130673	2.799625
13.99403	20.41681
12.04509
24.98004	9.698239
19.20407	14.58808
20.90977

0.6051904	18.45065	19.7815
24.20656	11.9383	24.04371
1.507248
13.35438
13.02666	9.062796	24.93117	1.548779
4.9911	14.40583	6.253435
7.214598	1.885674	1.957242
7.484943	12.44794

10.04465
16.8404
10.0972	19.64715	15.69735
9.904769	22.18189	0.5204146
5.329319
13.10027	12.95569	13.78701
17.53076	23.40047	15.14548	4.709007
16.04238
9.172001	5.490798	21.62815	21.76816

11.7556

0.2019688
2.969039	12.36589
16.47078	7.628622	17.50314	19.16293	5.834132
5.68448
4.672413	2.399128
0.9071756	18.96481	14.78029	11.93315

4.71451	6.509172
3.798771	1.89863	4.725586	10.87888	8.544813	22.68062	9.780906
24.65947

0.4981165	23.73171
8.876575
24.7292	24.68895	14.36512	8.520426
8.934711	19.57794
24.73534	16.22804	18.22099
12.30635
13.33362	21.48669	15.0516
17.78411	4.412027
4.126958	15.34618
9.30258
15.25853	7.156375	12.9834	18.12239	1.153351
11.79168	1.473662
3.762777	25.01723
24.24273	1.570229
0.9223093	15.46819
20.01361	21.99631
3.113143
18.31869
13.41137
8.026582	2.610086	7.482165	11.29752	14.66648	17.97544	2.956123	4.830038
3.88391	1.73602
10.65138	24.37875	15.87803
5.382487	21.34179
12.56328	8.359781	6.528544
6.925752	21.67452	6.784345	9.614321	1.463016
1.599642	19.48338
22.06865
18.31778
20.19199	11.47912	10.13722
12.98824	4.784918	4.790872
7.044081	14.95036
9.658317	14.9351

18.54928	16.82478
4.932859	8.124984	10.64217	4.329191	18.55861
6.918544	3.592997
24.04885

12.01852
17.23521	7.895892
13.85735	24.80292
10.27564
11.12761	16.41684
23.15048	15.49568	0.5320356	20.54035
23.47329	18.07519	13.95535
15.11746
5.007187	21.36403
7.69819	15.61848
4.236251	9.208629	8.364837
24.01721	16.44697
19.84608
3.858996	22.47949

19.65328	7.086432	8.447943
16.80936	8.7107
16.17061	7.102738
10.13709
20.67902
13.91934	20.97463	0.5526522
18.97606
20.42611	14.50316
20.20806	16.95178
1.853343	22.15628
22.73623	9.770158
24.37386	16.79536	20.68616
18.17538	4.128817	1.280833
18.62626	2.081961	22.61287

23.34218
22.91506	20.22777	1.433664	12.40238
8.87247	10.55053	17.40918	10.83145
11.3387	17.28012
7.977659
24.94693	18.65082	20.60778	14.82832	11.05976
2.84061
9.147708
5.842247	20.47302
12.73434	1.20521
14.71345	4.982186	20.16185

21.95679
4.735359	12.093

17.36744	16.14095	1.011154
11.30806
0.7956366
19.03115	9.152154	23.76229	7.809666
17.02356	7.739893	16.35649	3.856003	5.30008
13.55443	10.01374	13.03461	17.13688
23.42286
14.05636	3.831984	15.27251	18.18386
14.16069	0.5296761	19.06935	23.36499	11.39186
15.15858
19.76284
21.57579



9.906781
1.980656	6.445674
13.6053	11.21137
9.674557
20.03977	21.66806	13.85793	10.86841	18.7058
20.65543
1.422429	1.483167	0.2332026	24.64632
14.43516	1.50856
1.515149
2.654594	1.584558
12.03481
0.09502496	1.476938	12.67127	10.35659
18.52631	14.48684
21.8926
20.83759
4.635693
15.52271	19.75713	2.976663	4.008739	16.04113	14.45493
13.25301
16.64449	7.528089
24.34632
4.256706	22.71811	4.233273	19.97325	14.75953	13.24452
3.690201

9.576122	22.37631
8.452568
1.922762	21.10309
17.27017	22.12762	7.358307	16.14828	21.09737
19.93382
17.86016	22.5125	24.53063	3.039009
6.791161	21.54767	12.60442	1.058197
9.009567	6.157785	14.87364
13.42666	18.47065	18.85156
16.12524	13.86845	20.01298	6.918664	12.82668
17.61382	4.357795	4.688297	12.45223	13.26703
12.71493	24.24073	1.101628
17.76737
8.951448
17.32516	24.64211	19.027	15.90777
24.71302	5.844204	10.50459
17.67717	17.44067	24.7652
18.29186
3.831738
19.89426

11.56906
19.91605	17.55177
13.71776
16.27624	5.012041
3.166048	17.94564	10.78437	8.448733	20.14253
22.91627	4.695601
0.273712	11.52836	0.8664137	22.25307	20.87402	5.845302	2.197888	13.66406
12.455	18.31382
16.77049	10.24899	7.770043	5.899827
1.51585	5.195293	0.04127129	1.011875	9.414186
3.874579

1.846163	21.67962
9.089666
24.16781	16.62775
14.2158
11.15063	2.061464
12.4267	7.870639	17.99068	14.26978	0.340007
13.91904	22.94027
8.623038	15.10604	13.03392	22.60866	19.726
15.36946
6.038625	19.03898	0.2327184
10.74598	22.99667
18.34543	3.498264

4.670098	11.05133	10.76843	1.971649
1.401429
20.02211	11.72292
12.73956	5.31974
15.52075	21.02862

6.628718	24.48157
5.329023
18.96437
18.85138	24.96082
24.03012
6.38226
9.284767	13.98753


21.15811	12.78261	8.464312	24.2351
24.72693	3.200947
6.438384	7.597431	8.929582
17.11235

21.61922
15.90702	19.17281	16.73546	14.72949
2.296163
13.39035

13.19629
18.46742	5.817718	14.70743	9.141389	2.873483	21.72049
10.93795	1.094213	14.07176	5.147784	18.46617
2.976863	6.403301	6.027329
0.4503379	18.81652	8.331989
3.529247	2.921491	4.385663
18.44043	24.79176	21.77595	23.22222
16.35144	6.831921
8.068639	5.939278
3.942957
13.61309	11.80376

13.1384
15.43271	0.442246	21.2105	1.254346

1.557485	17.42628
16.76829	5.634535
14.94763
17.01545
15.87942	5.715964	4.920625	2.384913

10.54453	21.11611
19.55036
22.09436	3.871225
18.89772	2.351594
23.66873	11.1731

24.11221	15.49065
22.67466	14.44038	15.28057

20.13867	14.38497	16.41495
1.783806	23.50372
19.87404	2.616384
19.55211	21.86685	7.710769	0.0788866
14.21385	22.30221	18.45586
19.4276
7.653359	21.68651
16.64468	7.400683	12.41146	20.68906

9.027521
13.04255
9.476312	2.309766
13.17656
15.08536

19.96938	15.29971	1.311026
20.29199	10.17259
2.970934	0.01271987
9.227331	1.028897	21.88838
2.02178	15.67403
12.85628	4.702067
19.58497	10.83119	10.3822
12.77469
14.13694
18.77545	12.99946	2.545122	11.59383	2.120602	3.111225

18.85793	19.9456	19.58084
3.982358	10.00223	5.936189
19.96122	16.49072	24.97351	24.86619	7.388486
6.741928
3.603144	18.87158	13.87163
9.650453
11.94464	0.2396756	12.1426
6.805275
11.6655	24.32386
7.732725
4.873985	10.99212
20.17015	24.45972
11.23666	11.5932	23.36631
18.95088
13.86266
0.4860423	19.49144	16.68596

5.948355

24.69728	5.54142	23.51832	24.72017
21.90958	16.94288	24.84148	20.90913	15.984
16.35219
18.88392	3.415491	16.83997
1.158914
13.72028	8.367577	17.5714
4.617367
19.56412	17.0199	7.640407	9.670203	2.679916
0.5356992
22.65161	10.56111	2.643297
25.02937
12.96293	8.553451	15.7987

23.71849	15.45403	5.530978
24.74861	0.8216567
1.140844	10.47369	20.26768	8.729287	23.20144
13.53097
19.88132	9.430358
24.65177	6.00228
6.170467	20.99402	0.03105394	1.581467
20.92467
11.93822
21.10611	20.40568	24.22126	18.95404	12.77469
0.3384544	5.312278
4.181426
21.55246	21.18404
8.616764
3.768979	0.003403228	12.4078


18.11301
10.47248	15.60727	7.100079	11.53271
10.45711
19.74452
3.348584	9.837171	24.43652	18.39995	24.4263
4.152864
0.6674012	10.24706	17.26119	9.061297
16.34569
24.3294
9.287661	15.90202	21.77575	23.9664	8.242707	1.669287
18.82043
16.96499
16.51	8.359228	0.1534784
18.60156	10.11086
6.448592
16.20522	8.944648	17.5203	15.40481
0.3359723
8.074066	11.46585	4.368457	2.440556
23.23644	19.90993

5.875837
19.95142
5.748066	13.41517


5.021729	4.163094	23.14002
2.08976
0.5094865	0.9202925	7.07294	15.64581	14.17211


6.721263
24.53779

13.05283	23.70842	10.18509

5.460616

7.725776	7.812137
7.596421	0.4346721	18.20082
9.929351	3.738929
8.793465	7.675531
5.778782

10.48784	2.231476

14.28984	6.905253	0.1024808

13.43054	22.82016	4.203066
17.26409	15.84301


21.17573
24.27163	20.20677
24.24428	11.92451	18.67746
2.847367	11.53763

11.5016

14.63947
6.150778	8.375027	20.56769	12.14627
15.77594	3.577485
16.72389	13.96659	13.00092
16.8678	8.533104
23.92897
23.49358	7.373334

10.94192
15.56406
8.98902	7.971971
8.239239

12.29636
19.41029
18.80656

17.14282
9.444589	11.56548	24.14395
9.551154
24.16517	16.00891
8.227307	2.581931	5.416782	16.68804
17.97445	7.049362	1.24569
12.99861	23.42422
20.23425
11.63805	16.83579	6.129188
20.54351	0.01804284	21.63546
2.6178	21.20073	15.58447	13.27933	3.698268
16.46535
1.778926
11.36987	19.24784	22.04247
4.622153	10.10139	9.57415
13.46523	7.566523	0.3785023
11.6609	21.35964
13.60152
2.153431	18.37812
20.14458	16.30018	13.9064
22.88546
3.635042	8.279492	22.21482
11.75622	18.92856	12.96098	12.18594	20.35004	10.82123	4.469636
2.257993
16.55665	10.28069	15.88218
4.719919
10.24614	1.407372
24.4026	13.5643	19.56619	9.227084	4.923726

20.0111	14.82289

2.6134
10.55091	18.89046	2.98044	23.1347
10.49224	10.52063
7.72358	7.734199
15.86004	23.1747
4.877843	22.93281	12.54281
3.035475
11.9213
21.52802	22.76602	20.6711	15.05182	0.983838
6.096333	3.719001
9.482128
13.92138	7.990229

5.235745	23.46329

3.597059	18.28739	10.27023	21.22309	7.967994
16.13072	15.84876	16.04479	21.16289	20.10475	23.38046	4.518044
19.77234
2.418255	12.64412	11.7055
9.396534	1.815632

24.34531
6.632209	8.816176	17.56222
5.035951	12.66535	7.221062
20.73291
22.87868	6.286435

8.261391

10.73947	15.22022	12.42514
24.31803	2.078371
9.881016	9.856376	14.82471	11.98669	24.84404
10.44357
3.282928	0.27428
13.17635	16.0391	1.078722
15.57306	23.33239
7.110461	23.23958	11.41642	21.69725
22.918
0.09239779	2.110484
7.561238
8.03493	24.63801
1.802406
7.224112	6.546791	24.93279
9.274084	4.132138	20.58621
