ExtinctionRates
0.002624278	0.002378882	0.03443042	0.02054519
0.002186011	0.00329058	0.003779295
0.001986039
0.02933949	0.03073069	0.0030782	0.07829203
0.003391262	0.003982225
0.0896882	0.005417722	0.03940841	0.006090945
0.07742915	0.005745739
0.003150732
0.00505944
0.006330883	0.009471449	0.00655724	0.02444818
0.001670809	0.01759884	0.01170664
0.02204246	0.005120412	0.01879681
0.004817015	0.01433233
0.0008158965	0.003962072	0.09046949	0.009657406
0.02905712	0.004445797	0.003580781
0.004194847	0.002215048	0.01124226
0.03527919	0.01592511	0.02513533	0.0009353141	0.0105658
0.219888	0.002985986	0.01551416	0.04135924	0.02860077
0.1938498	0.004392767	0.001485118	0.001421909	0.01800745	0.003417243
0.00399887	0.01077179	0.122534
0.001185241	0.001281955
0.1240864	0.0426349	0.04694233	0.0008926033
0.001534945	0.003858395	0.005319831	0.006635843
0.02968472	0.002720035	0.02254101
0.01844258	0.001885992	0.01430807	0.005957582	0.02004758
0.001186009	0.005830327	0.201219
0.00503507	0.01527263	0.01489339	0.009788333
0.00556072	0.005589925	0.03800726
0.01740521	0.0127581	0.01369748	0.03486643	0.002745612
0.02176085	0.004238446	0.02367013	0.008023216
0.002132197	0.003094901	0.007926396
0.002988714	0.007988199
0.006471573	0.001668667	0.01709548	0.00934924
0.1169551	0.0153447	0.001883568	0.009468774	0.006200286
0.003880702	0.004053088	0.05552111	0.003320996	0.08872701	0.003972202
0.001985784	0.0007062345
0.004011144	0.006562897
0.01229456	0.002833583	0.003797504
0.01929748	0.00593493	0.0004385427
0.001103133	0.01874292	0.0007315514
0.0176846	0.00076858
0.01403123
0.00902801	0.004048816	0.004171696	0.05420943	0.004480716
0.02874565	0.000827399	0.02093569
0.003349658	0.001128248
0.02694496
0.004266796	0.002837757	0.0229981	0.01831989	0.00977843	0.06444595
0.002575837	0.01306964	0.005111463
0.01456609	0.01057686	0.003940758
0.0171775	0.0002716329	0.007605735	0.005659625	0.06638211	0.002711541	0.002959554
0.1352458	0.03749869	0.005139622	0.005897728
0.006267214	0.007230592
0.01808782	0.02461073
0.0005312849	0.04064098
0.00794787	0.01324707
0.007171778	0.002111747	0.01601692	0.005829828
0.0008790619	0.01475512	0.02881015	0.02928066	0.003768846
0.00257784	0.006588869	0.01380859	0.001462198	0.04183612	0.1244249	0.001428154
0.004797669	0.0175591	0.004683491	0.01727592	0.002248985	0.005426702	0.002094446
0.005638638
0.03430819
0.05018722	0.004294922	0.007903638	0.02885272	0.08720937
0.008530945	0.006430922	0.00118265	0.01391775	0.01368027	0.000873252
0.08419098	0.05411202	0.002108776
0.07244775	0.01006788
0.0210999	0.02563552	0.001867113
0.03791584	0.02702779	0.04760059
0.006502376	0.04875144	0.003231216	0.08088749
0.028808	0.03149702	0.007129697	0.01413884	0.0006608165
0.02566027	0.03007848	0.02930071
0.001981363	0.00380267
0.003140345	0.002343368	0.02199205
0.03039796	0.00123103	0.1062895	0.0074331
0.001811531	0.006141837
0.009524103	0.04174841	0.01614454
0.01735013	0.001015875	0.002707646	0.008392272
0.02515777	0.007235379
0.003645228	0.00887634	0.02341947
0.004885688	0.003729856	0.003615007
0.02133759	0.00543784	0.003304133	0.00325964
0.02618368	0.02977531	0.0245293
0.006597951	0.00362821
0.04270266	0.01173458
0.004168302
0.01257754	0.01080743	0.003082723
0.003176684
0.004732554	0.005668534
0.003934943	0.009699689	0.006938381	0.09406159
0.01186752	0.006944922
0.01657533
0.01029676	0.002806327
0.0196813	0.0007041732	0.001395748	0.01358621	0.009357665
0.01907905	0.001908807
0.04038645	0.00400802	0.007677792
0.2203551	0.01044221	0.0137294	0.004262476
0.00448191	0.02469567	0.002867994
0.02012493	0.004979881	0.02071229
0.003143216	0.03586682	0.007783589	0.01748394
0.001308442	0.006323782	0.01377984	0.0007296687	0.007157476
0.01410389	0.008064933	0.009960785
0.01157096	0.0002700373
0.006281102	0.001431146	0.1993914
0.003231601	0.022898	0.00157816
0.006279635	0.04501322	0.01860167	0.07499494
0.02317779	0.006151817	0.01673263
0.04389124	0.001669686	0.04441458
0.01694472	0.001861059
0.009005936	0.01336765	0.02976827	0.005205935
0.01234686	0.01270678	0.03105446	0.01500778
0.00641515	0.0132213
0.01177568	0.009907905	0.005407031	0.007196808
0.07359289	0.002062209	0.002479356	0.0067012	0.006469797
0.003054457	0.01177355	0.00686245
0.002406141	0.006413735	0.0882831
0.004542277	0.00299128	0.02989965	0.3165217	0.004071133
0.02326267	0.005863741	0.01680346	0.009317882
0.07364042	0.03686906	0.01242627
0.003473238	0.2286293	0.02777251	0.002638497
0.003459303
0.008851356	0.006621173	0.007645215	0.003454374
0.03960555	0.002169109	0.003675768	0.004726792
0.0295229	0.007069863	0.01045576
0.09387185	0.06828806	0.00226587	0.005641777	0.2381495
0.01516238	0.003991106	0.005415148
0.04886314
0.002850792
0.2402483	0.002761183	0.03025537
0.006955146	0.003065437	0.03290632	0.005039778
0.009093306	0.026909	0.001854725
0.009653398	0.002198676
0.0280613	0.003206655	0.01499643	0.003410237
0.007539172	0.01577345
0.006322954	0.02514632
0.001693481	0.002918996	0.03907507	0.002208965	0.02167877	0.02138342
0.0420313	0.01995198	0.001001515	0.01765941
0.002433148	0.007931248
0.04003357	0.05150706
0.01024283	0.009120092	0.00259071
0.004807922	0.02959808
0.01736355	0.01951787	0.01860439
0.01283712
0.004411661	0.1728519	0.006709539	0.002746831
0.03224501	0.01501307
0.01902939	0.004661375	0.01198359	0.01566394	0.01515085
0.0003655083	0.09258643	0.00315501	0.03170819	0.1021026
0.004354714	0.1297145
0.002421928
0.02473487	0.006085405	0.003595309	0.007167564
0.007549019	0.009955201	0.004069207
0.0005515462
0.00110419	0.04197022
0.001200484	0.01931066
0.002669785	0.01268595	0.05972169
0.04123391	0.001751173	0.003548436
0.005568709	0.01762235	0.01557768
0.02455565	0.0003193622
0.02254467
0.02383545	0.01451121
0.009713634	0.02181234
0.00560543	0.0005299846	0.002774733
0.006984682	0.003238299	0.005333041	0.2306145	0.003156069
0.003427997	0.0240153
0.01033485	0.005412696	0.01114006
0.03204222	0.0008396278	0.03152278
0.006539017	0.007297334	0.0003873191
0.01570872	0.006053133
0.00822828	0.1452189	0.001967978	0.02305381
0.0005580051	0.001828778	0.02121799	0.007624989
0.005415343	0.005412194	0.008901924
0.03242879	0.01927231	0.002242726	0.003220984
0.01438169	0.03669013
0.002340406
0.002620199	0.02174125	0.03867329	0.006908236
0.01229431	0.01133327	0.3144142	0.001854043	0.120325	0.02602361	0.05021072
0.01201205	0.004901894	0.01570345
0.01207182	0.003640832	0.01470817	0.06210115	0.03690566
0.00686795	0.001856405	0.04419879	0.003055097
0.04175772	0.003675666	0.005080815
0.0003704769	0.0004577305	0.009384938	0.05078707
0.005438506	0.007146354	0.01289159	0.3476316
0.02974522	0.0140508	0.001682259
0.06398136	0.007613972
0.01151624	0.03517753	0.005588334	0.01604637
0.02097232	0.00146077	0.002761209	0.003447017
0.003586827	0.01202518	0.003564147	0.01368976	0.05100449
0.104425	0.01537023	0.01375884	0.00403454	0.006411672
0.006134238	0.004027781	0.01540488
0.01786039	0.005161755	0.003805394
0.03797412	0.001047324
0.007660055	0.01717995	0.009455168
0.05219211	0.01826111
0.03458856	0.004086687	0.02059669	0.007995571
0.0203631	0.001804808	0.01055239	0.003945104
0.008905004
0.002338534	0.001888884
0.04256477	0.01417619
0.009482224	0.03372664	0.01375895
0.02106389
0.01330877	0.002965058	0.0321601
0.002991538	0.004310868	0.03988837	0.009912144
0.2894912	0.005343147
0.005092612	0.02878157	0.01242345
0.01633078
0.02606576	0.003296931	0.002266429	0.04568631
0.01293034	0.01632124
0.001078808	0.0008237413	0.02208542	0.001714261
0.01941638	0.1117305
0.007777859
0.008158939	0.01038177	0.005870129
0.003567354	0.01627549	0.02237203	0.004975874	0.02988641	0.003436082
0.01199013	0.02786524
0.00849574	0.005145735
0.007079051	0.01030266
0.009030407	0.04064552	0.002315352	0.1689161
0.01489918	0.002814584	0.001025143
0.02878187	0.001571951	0.02883575	0.03045175
0.002075147	0.006520836	0.2188258	0.0006661543
0.005175973	0.007982405
0.004797065	0.06092217	0.02337708
0.02204273	0.06637303	0.002479045	0.01008165
0.002935156	0.004704465
0.002038008	0.001989004
0.03017683	0.006545636
0.00297162	0.01641324	0.008021655
0.02028365	0.009263074
0.05869541	0.001055757
0.01074016
0.003311894	0.01086118
0.0013584	0.004048079
0.03419752	0.05763498	0.02767097	0.003091628	0.004885197
0.002333945	0.02013803	0.02624587	0.001518733	0.001585108	0.02635908
0.00262113	0.009023736	0.003693751	0.01299506	0.002364162	0.0005392073
0.007322645
0.0003111117	0.007309319	0.002766423	0.007198801
0.003705887	0.0209076
0.00734172
0.0361393	0.01013909	0.06022294
0.0124917	0.001341751	0.005239667	0.07951846
0.01124239	0.01575745	0.01127639	0.004970366
0.152301	0.00507999	0.001164735
0.003774247
0.02526154
0.01246701	0.02238474	0.001869156	0.0180156	0.1737243	0.008155063	0.007211688	0.01669229
0.0003567321
0.05077798
0.0009845249
0.00429054	0.01011453	0.01380785
0.01377167	0.007899072	0.01451699	0.03008348
0.01372481
0.003151212
0.0242655	0.01585661
0.03627858	0.0009154027	0.002406158	0.00590671
0.005017783
0.002822129	0.01927826
0.003153138	0.001791851	0.03754023	0.01113271
0.0323428	0.02656081	0.01415858	0.006730419	0.007428309
0.008655491	0.02183112	0.003728745
0.02198226	0.004659654
0.01449602
0.003613092	0.0243523	0.02881234	0.02091878	0.00338463
0.001876389
0.2706247	0.007139926
0.002092147	0.0008731126
0.006222274	0.004289426	0.001134297	0.0005808335
0.01783166	0.01947641	0.03428094
0.005087146	0.004175874	0.02586703	0.007924174
0.03790454	0.003669573	0.01213861	0.01614442
0.002213052	0.004402761
0.007493137	0.1042644	0.01590573	0.02457037	0.03212973
0.007161741	0.01857413	0.004541859	0.01351993
0.09230748	0.01587382	0.001157553
0.01775478	0.002736803	0.01134733
0.000838624	0.02618935
0.005611956	0.01260592
0.001895206
0.001863944	0.005640105
0.002538676	0.004051788	0.001605781
0.004771039
0.002885546
0.05404558	0.01206497	0.005282025	0.002302937
0.01455341
0.0003945997	0.007919342	0.148692
0.01220813	0.007010311	0.01778845	0.0006188113
0.002177145	0.001089141	0.003808757
0.0128645	0.002498853	0.003902744	0.006730048
0.02503294	0.002109891
0.0003499422	0.005346692	0.0005803352	0.004940313	0.003951449	0.0003418817
0.06078724	0.004737302
0.006724885	0.02506467
0.01956386
0.01794534	0.01125167	0.01139184	0.002979154	0.04036242
0.0009743855	0.02583716	0.04504476
0.01809921	0.01085412	0.001483787
0.01111422	0.01320038
0.02531832	0.003953445
0.006060171
0.01563537	0.04915983	0.01973154	0.03241799
0.008899091
0.01552897	0.003683683	0.003990005	0.01567762
0.02550743	0.008733103	0.003699672
0.03785428	0.04294548	0.006635299	0.004941698	0.005100348
0.0677931	0.1777161	0.01186639
0.08433632	0.008226665	0.02874148
0.01385226	0.02047931
0.006166424	0.01865468	0.01865261	0.03153672	0.007176802	0.006742811
0.002981908	0.03150312	0.009284004	0.005820671	0.008858481
0.002124618	0.001189934	0.009401501	0.00156521	0.02472766	0.0616309
0.01170836	0.001774289	0.003260527	0.02073681	0.004500114
0.001102645
0.01210448	0.02149228
0.002838884	0.04837484	0.01308536	0.03030437	0.1878436
0.00497318	0.02287554
0.003314642	0.003234613
0.0129516	0.01689037	0.00333325	0.001943064
0.002013916	0.01897097	0.01375495
0.0009150252	0.02894127
0.01208153	0.0046663	0.04100643
0.03780675	0.001938127
0.005998967	0.0012546	0.00521166	0.003173939
0.00214235	0.0007753172
0.01734044	0.003749326	0.008657413	0.09643294	0.08624627
0.01739937	0.004229665	0.009410985	0.01756708
0.002234951
0.005141106	0.00300309	0.008581942	0.00832638	0.01495366
0.001076023	0.001635315	0.02629319
0.02126178	0.02306118	0.001587501	0.000200214
0.02388277	0.01156599
0.006936488	0.00267782
0.01380048	0.00302525
0.1328369	0.005650552	0.05494476	0.001631158	0.0316986	0.01302709
0.007307865	0.01153949	0.008417106	0.006285293
0.007228644	0.03084025	0.00221462
0.03794266	0.02628324	0.0008113788
0.02811612
0.06107544	0.002990312	0.004933044	0.01026742
0.009467155	0.004755216	0.0193063	0.008174589
0.004824788
0.006256259	0.001508458	0.004642707
0.01219167	0.01173097	0.003644865	0.007127354	0.01061594
0.006734603
0.06235005	0.002181963	0.0006278508
0.05998172	0.01781363
0.0278282	0.03105454	0.005675229	0.002316062
0.02202466	0.003132474	0.007243037
0.07144701	0.009133768	0.001618675	0.007308733
0.03689363	0.003122689	0.03979788
0.006264863
0.002227323	0.03717257
0.03374138	0.000396633	0.002025213
0.02203797
0.2888683	0.2687973	0.001876971	0.003736401	0.04371683	0.01092683
0.002694668
0.01741138	0.002195768	0.1753836	0.05745242
0.001800696
0.01199985	0.009772472	0.01558972	0.02205855	0.01415187
0.02065897	0.002471472	0.004918384	0.004189953	0.002449624	0.01524165
0.008597029	0.05764803	0.008274159
0.004947659	0.00399495	0.1086493
0.002558795	0.009901921
0.006262909	0.008720909	0.01427029	0.09488661	0.05220556
0.004358667	0.008125674	0.005797767
0.006940443	0.01813031	0.09711143
0.002362588	0.003917584	0.003100941
0.006968047	0.01017109	0.01381023
0.0116177	0.01987169	0.004082875	0.007348104
0.03055581	0.1402215
0.002866227	0.004107188	0.03383368
0.00320017	0.006955318	0.01421136	0.0005519176
0.02758982	0.01013925	0.004996316	0.02735039	0.006916095
0.005604547	0.009863751	0.01560758	0.003365329	0.03783618
0.01772843	0.01327791
0.03973698	0.02381651	0.005835687
0.0139678	0.002692327	0.004725708
0.004611308	0.008951272	0.006170354	0.0638381	0.06244061
0.02388476	0.019952	0.06433616	0.040896	0.002445926
0.01260479	0.001013432	0.00385666	0.005764442	0.03337499
0.01665188	0.0044471
0.2644057	0.01721528	0.0246342	0.02385575
0.0009605431	0.004248439
0.004949803	0.002542367	0.02118573	0.0005870272
0.006274048	0.004291203	0.09930916	0.00636868
0.01000144	0.0005381271	0.0443221
0.007266912	0.006729831	0.07869068	0.06847238
0.006633677	0.00128036	0.005576775	0.02089304	0.007715961
0.01054512	0.0036003
0.01237143	0.006167582	0.02224777	0.1226287	0.009311557
0.0189999	0.05546944	0.008117091	0.009216199
0.01049003	0.004203521	0.04543209	0.002427884	0.006585713
0.0007310172
0.05384979	0.01606042	0.005496486	0.03754156	0.02435335
0.0003629023	0.008003328
0.005422166	0.03034177
0.08590767	0.01862226	0.002281262	0.05009806	0.003327089	0.007127586
0.002657019	0.001821141
0.01897164	0.006033679
0.007344822	0.03417374	0.002492223	0.0007018589	0.0006688455	0.02338409	0.01281097	0.04149467
0.003001392	0.006816445	0.03911153
0.03782859	0.0004849121	0.04083802	0.0006295614	0.01120435
0.007484834
0.02085106	0.06623422	0.007536457
0.02299422	0.02383853	0.1152332
0.003371683
0.01697977	0.001531958
0.02480043	0.01926007	0.002604115	0.01042256	0.0002632183	0.01078494
0.05145441	0.04838012	0.006362596	0.0745779	0.02357621
0.04566154	0.00405549
0.002367517
0.02746138	0.0231241	0.003577941	0.007744526	0.001857304	0.002404603
0.1599136	0.05643626	0.009772673	0.02533774	0.03853287
0.1308046	0.02604298	0.02928299	0.01831534
0.03605326	0.004774275	0.006830846
0.004580013
0.006950356	0.002060927
0.008001945	0.008346771	0.08752176
0.009052399	0.004726653
0.008765152
0.0005420067	0.002527718	0.1023899	0.007561627
0.00491776	0.007758354	0.003871168
0.01862161	0.01573678
0.00721108	0.04169938
0.01536516	0.01102612
0.006914493	0.00980685	0.00252528
0.001618634	0.02126986
0.005615766	0.003556834	0.001281169
0.001433122
0.0365292	0.01236828	0.001229197
0.01342086	0.05241931	0.0008293072
0.004939922
0.01790336	0.00800584	0.1318082
0.001585605	0.01804997
0.01190292	0.006089478
0.1046658	0.005492369
0.001935858	0.005595317	0.002914109	0.01838313
0.002661193	0.008211518	0.01425885	0.00605407
0.01297677	0.01497176	0.01261137
0.003585573	0.0002249938	0.002423666
0.004311743	0.01086527	0.001023301	0.00319548
0.003006466	0.04868911
0.01040662	0.006380689	0.01746502	0.0186643	0.005012369
0.0104367	0.003328392	0.02493262	0.087859
0.01055892	0.02048305	0.00034208
0.004255442	0.04929376	0.01565366	0.135105
0.005080242
0.01129556	0.02973702
0.02147059	0.01571336	0.004067333
0.0658573	0.008033697
0.001730522
0.001425364	0.006545699	0.02750834	0.001630769
0.005783049	0.005055173	0.001659081	0.003683148
0.01324732	0.005716565	0.06961842	0.009230673
0.004877356
0.01785997	0.009931479
0.003770996	0.001554434	0.009814034
0.01215013	0.01203649
0.00704136	0.003245817	0.00144669
0.003533674	0.006807984
0.01307972	0.005242317	0.05103356	0.03003825
0.05756337	0.01074582	0.00516566
0.004704374	0.001927745	0.002186401
0.004132593	0.03410845
0.0004685897	0.188241
0.04451274	0.004638021	0.008788437	0.02176666
0.002926362	0.1076445	0.01267821
0.003143971
0.02816432	0.01534365	0.04206704	0.04798971	0.05713528	0.0446524
0.004862657	0.003643356
0.005412248	0.07647405	0.003019975
0.02089291	0.002423365	0.005843054
0.007063306	0.0044286	0.006080236	0.004592148
0.002499412	0.05774865
0.002415985	0.008437938
0.01029115	0.008634256	0.002531744	0.1387922	0.0008507009	0.01194462
0.004303564	0.001817905	0.007416823	0.002591239
0.001481678
0.01703809	0.006461456	0.008340201
0.1101892	0.02419383	0.007475735
0.0120921	0.01513206	0.111698
0.001069523
0.02477869	0.001877622
0.003463416	0.008955651
0.001395335
0.003499959	0.009615997	0.0136861	0.008119746
0.004723738	0.009249754	0.01625838	0.01029225
0.02133592	0.06551218	0.0006484011	0.02923445	0.02010749
0.02356296	0.007014853	0.01489548	0.004707812
0.004605529
0.05651743	0.006838211	0.006069616
0.01400499	0.002489311
0.01813927
0.01840314	0.0004322437	0.03981309	0.002496568
0.1615555	0.002919658	0.01691081
0.005628276	0.01134751	0.03960041
0.004817379	0.002015792
0.005467181	0.001828922	0.006532888	0.006784673	0.002152924	0.03398325
0.001651016	0.02743722
0.01185699	0.002085987
0.0005203136	0.007959684
0.05764777	0.002658411
0.01330604	0.0005600013	0.001450821	0.04298989
0.04253629	0.0154714	0.01184324	0.00467193
0.006521094
0.04270709	0.02699997	0.01396628
0.04951531	0.0221664	0.0271251	0.003363242	0.01800093
0.01015153	0.0033706	0.008804759
0.008616538
0.1326805	0.001975432	0.0003204262	0.0008057335	0.007236665
0.000614535	0.001957464	0.006151601
0.0002498571	0.01137386	0.008741398	0.008802051
0.006135236	0.001164105	0.003597239	0.06315028	0.02214479
0.02019971	0.001803777	0.01128477
0.02323219	0.05859281	0.007894947	0.04212632
0.007567602	0.007183077
0.008030412	0.02869543	0.01894631	0.01504832
0.01260938	0.01471369	0.007422629
0.004316715	0.02223141	0.004635516	0.006548433
0.01663353	0.00536116
0.00998856	0.005586402
0.01214511	0.003099573	0.00759188
0.02074165	0.005554639
0.002141567
0.006105651	0.02164713	0.00613216	0.02815658	0.002544684	0.01054137
0.001164361
0.07591034	0.0218852	0.1702638
0.06211867	0.01512889	0.01625749
0.003512382
0.01629118	0.01159039
0.01324536	0.01209277	0.01521777	0.01053512
7.759218e-05	0.01293117	0.002785661	0.009682557
0.0122525	0.01496229
0.001524712	0.01727806	0.02321804
0.001562691	0.08220455
0.001996347	0.0002342353
0.02175179	0.01714237	0.03023543
0.008160965
0.007453394	0.00490632	0.004809198	0.00735563	0.007656731
0.05120754	0.0002431451	0.04332592	0.01060383
0.01509549	0.004149838	0.01435266
0.005038398	0.04880828	0.02400639
0.009914005
0.03985426	0.001574649	0.004366538	0.03784664	0.007830661
0.01134605	0.005922843
0.006175705	0.03368481	0.01870335
0.002201974	0.03892667	0.008828498	0.0003741363
0.009170919	0.003197315
0.005557749	0.003843595	0.00952498	0.03603425	0.001650569
0.000981161	0.00227276	0.003864291	0.07847986	0.02763075	0.02146501	0.004295936
0.03501088	0.005029388	0.002152357	0.02080044
0.002510038	0.02145722	0.04154596
0.003389317	0.001977722	0.03273231
0.006275809	0.008839643	0.01698974	0.005600871
0.001499929	0.02301567	0.001172713	0.008417195	0.02666499
0.008968599	0.001934421	0.02012016
0.04344285	0.02411939	0.006147363
0.2325924	0.003172988	0.003054058
0.00388021	0.01976656	0.007986344
0.02344713	0.02078082
0.003874439
0.02840171	0.009519746
0.001466039	0.05240425	0.0156735	0.01451594
0.01273975	0.01828575
0.002185241	0.01850212	0.001736114
0.009165407	0.0003111843	0.0065714
0.03431484
0.02680096	0.001012007	0.3376846	0.001906111
0.01112979
0.008240899	0.002748207	0.06297989	0.004769519	0.001071439
0.00230203	0.03705146	0.0202587
0.005308353	0.01802529	0.004496606
0.002676838
0.02661771	0.04388215
0.04199426	0.004659704
0.06994152	0.009651384
0.008964432	0.005279198
0.004881935	0.006936763	0.01676674
0.002340988	0.1002178	0.01563517
0.003497233
0.003009654	0.01232351	0.0031969
0.03391976	0.01622156
0.002964563	0.01789616	0.01706701	0.01748528	0.04524985
0.006270647	0.002874354	0.002279464
0.009302692	0.02554961	0.001674877	0.00235347
0.01460625	0.02190937	0.0101173	0.05458366	0.03177688
0.001944386	0.001325251	0.006983343
0.1585439	0.03042431
0.01765528	0.05322966	0.0365696	0.02598916	0.001383527
0.02290105	0.001311358	0.001198617
0.01104256
0.003615699
0.1779014	0.003354337	0.001822085
0.08983978	0.01292837	0.01006609
0.01479685	0.002213915	0.1313486	0.07403919
0.05707201	0.01222329	0.1938581
0.002321561	0.02016735
0.008050648	0.0131263
0.1040576	0.002335135	0.02841529
0.006063696
0.004444914	0.01820323	0.01488032
0.0005289152	0.002559512	0.01806879
0.003900249	0.004623031	0.009246009
0.003438138	0.05260994	0.001096693	0.1895453	0.08155796	0.01144075
0.02292378	0.002303518	0.006650791
0.02841828	0.01072784	0.005253346
0.01863755	0.004724048
0.1756177	0.01223286	0.008248397
0.00918324	0.04396845
0.0009252168
0.01818592
0.01381933	0.07193858	0.00490159
0.01906461	0.02460755	0.02583659
0.004821489
0.02930184
0.002917964
0.02055264	0.00833334
0.002769806	0.009242905	0.03491799
0.07908079	0.003877524
0.05234196	0.002872683	0.0214896
0.03421693	0.0185045	0.01082049	0.007418203	0.01203559
0.04241309	0.0422408	0.03023522
0.05355048	0.001802022
0.009756456	0.003097105
0.0006718398	0.008714531	0.0008731262	0.007111667
0.006320914	0.008642739	0.002796524
0.003089819	0.005464192	0.004391419
0.008703667	0.01176377	0.3420537	0.00439234
0.02252441	0.01116434	0.005330406
0.07139287	0.0152547
0.002424416	0.02202749	0.002531879
0.01513144	0.006657724	0.001084144	0.03298073
0.05875463	0.07913951	0.002582065
0.03439324	0.005333128
0.003498401
0.07243702	0.00441795	0.01214635
0.04868739	0.01606164	0.01901037	0.00747555	0.01156519	0.01505774
0.0008004459	0.004602875	0.1232377
0.02354654	0.008852318
0.003135324	0.009914471	0.03132953
0.01721845	0.008550455	0.003992206	0.01869228	0.0002896485
0.002479923	0.003811795	0.007174465	0.007643347	0.004978978	0.05926579
0.0970606	0.02102372	0.00825672
0.03265991	0.001464973	0.00201829	0.001501848	0.02090352
0.01079107
0.03646383	0.003202917	0.002254636
0.00174728
0.02792895	0.01122688	0.0006948392
0.103064	0.01696261	0.001836152
0.04981385	0.002359956	0.007813544
0.007017479	0.01431361	0.005607263	0.02496302
0.003018075	0.1587878	0.004904889
0.01492192	0.01068819
0.06768382	0.02283182	0.02263923
0.01776969	0.01764773	0.01713728
0.01124578	0.001707382
0.005036643	0.0005399982	0.3266244
0.001903041	0.00746405
0.01175442	0.0039351
0.005012082	0.005781004	0.01462988
0.003534107	0.0002220959
0.01178539	0.001530811	0.006678312	0.004579437
0.0564542	0.006723261
0.004630609	0.001180111	0.00312058
0.0001748375	0.002430493	0.01931255
0.05449719	0.03055626	0.006004031	0.007769556	0.003682215
0.002655877	0.004127227	0.004162369
0.003293762	0.007733791
0.004370931	0.02313268	0.009483511	0.01622693	0.03751013
0.02958395
0.002148203
0.001315921	0.02561772	0.008912705	0.002333389	0.01801615
0.008448591	0.05383589
0.01397379	0.00667809	0.003434883
0.004651039	0.01161594	0.002350924	0.003617771
0.0182615	0.02405472	0.01308196	0.003937305
0.003557841	0.001714274	0.003730615	0.002161201
0.001630319	0.00858564	0.01102313
0.01167189	0.007424095
0.01397937	0.007256152	0.03860627	0.005561072	0.2213153
0.008501554	0.001289147	0.03803853	0.000198483
0.006914067	0.001971548	0.07137944
0.006502174	0.00539302
0.002517251	0.007508953	0.0443793	0.004920717	0.008286605	0.03292562
0.07936897	0.008631052	0.005794622	0.03224946	0.07487493
0.01516622	0.00222427	0.0035401
0.009719942	0.06748301	0.002111311	0.007926054	0.00250765
0.0006351461	0.005723377	0.03854312	0.2325564	0.0017495	0.01092621
0.001113496	0.01102516	0.01284376
0.002087622	0.03843173
0.09417941	0.002057088	0.006114007	0.03989696
0.02310925	0.00983087	0.03558831	0.01245838	0.003194009
0.01938946	0.0219793	0.001725304	0.001132229
0.007961949	0.007403464	0.03267388	0.004529653
0.0001321153	0.001954838	0.007703244
0.003864083	0.01487756
0.03677972	0.005212613
0.007685371
0.003315918
0.01139158
0.01785036	0.009809597
0.005910579	0.001315774
0.004538766	0.00568736	0.005476352
0.03803551
0.006949059	0.002264003
0.06228273	0.003887952	0.001241922	0.01320351
0.005904555	0.01690184	0.01613651
0.006416112	0.002171503	0.01471974	0.002668416	0.01676405
0.00368014	0.02096102	0.04227868
0.004654243	0.0007261562	0.008500106
0.003764751	0.02677636	0.05121551	0.00746004
0.002924175	0.003451986
0.005189598	0.0002053423	0.01295076	0.03763538	0.00275858
0.01046511	0.009802852	0.01284466
0.004823499	0.03425806	0.01996887	0.0153481	0.001769625
0.03766293	0.000223082	0.002142148	0.001096935
0.002103691	0.004129132
0.0007292842	0.0109155	0.001427589	0.0009310202
0.007414267
0.00142513	0.01639385	0.01947629
0.001846666	0.01854375	0.0270023
0.03866943	0.02755922	0.001365383	0.0007708995
0.005727857	0.03818965	0.005166502	0.1895024	0.007021115	0.006896124
0.005031981	0.0142738
0.03424342	0.01285444	0.007575013
0.006215876
0.005944562	0.002920161	0.02063384
0.0295072	0.03992581	0.01153671	0.0009218296
0.00414989	0.006439561
0.03491893	0.006006526	0.004359054
0.002595481	0.002477577	0.003427215
0.009037951	0.009160364	0.0009549085	0.02990811
0.006339225	0.004452372	0.07599157
0.01040944	0.004471706
0.009697488
0.002854959
0.008911149	0.009169064	0.01359273	0.003038878
0.001280394	0.001559322	0.002606876
0.0142518	0.0002829589
0.003020376	0.007761056	0.0005051383	0.02060324
0.01788848	0.007910367	0.05604651	0.001406858
0.0007797629	0.01679352	0.03105393
0.003426521
0.0009353191	0.005716748
0.0008909005	0.00765741	0.01599883
0.02534518	0.0119342	0.002516564
0.008516284	0.01009549	0.02055103	0.043855	0.04716632
0.02298808	0.001521861	0.01154536
0.03946154	0.01796408
0.003289861	0.007107516	0.002380634
0.003598512	0.004275804
0.01564468	0.0006407966	0.00917311
0.001317533	0.02772733	0.002882921	0.02484844
0.0009072093	0.01200545	0.01446819
0.04090295	0.01462714	0.003565954	0.05912274
0.002012304	0.005309502	0.009709381
0.009199321
0.02397263	0.001504719
0.003705657	0.003273559	0.01166017
0.006166747	0.003973096	0.07901336
0.001407754
0.01657273	0.008520664	0.00411801
0.02025443	0.00823969	0.004030041	0.001869105
0.06643933	0.002974747	0.001484577	0.1618844	0.002740906
0.006452238	0.0127452	0.001582061	0.005952766	0.03844535
0.02654864	0.004453072
0.04163625	0.002146758
0.0008845349
0.008885812	0.01555496	0.01292778
0.04605076	0.02225614
0.005069901	0.01097607
0.0008508675	0.001907026	0.0009396974	0.005920328
0.01998298	0.02729394	0.01568852	0.00256263
0.007474147	0.005067229
0.004323047	0.01268578	0.03829381	0.005030644	0.01796944	0.01175509
0.0003956295	0.0109197
0.005850434	0.00913819
0.05637551	0.0051143	0.007303335	0.01543042	0.001720718
0.03743222	0.004000036	0.008690855
0.004817592	0.002584247
0.001812178
0.001582358
0.01209372	0.02533675	0.01803297	0.004359053
0.002967552
0.02456191	0.01142874	0.05923227	0.01688222	0.02060883
0.01213147	0.008458225	0.01099058	0.03339372
0.0008460802	0.01986313
0.01661768	0.003770649	0.005418477	0.04086338	0.01105492
0.02800756	0.008038102	0.03813212	0.009782989	0.1979955
0.1410202	0.03860794	0.01124314
0.01773169	0.002085544
0.01162669	0.009919529
0.0332232	0.01262036	0.01544382
0.004515447
0.001842361	0.09754993	0.009266771	0.02090853	0.005466256	0.00132261	0.0003304004
0.03249836	0.008464378	0.005869627
0.02005538	0.01922055	0.005172821
0.002804136	0.004431726	0.08876899
0.005886986	0.005071043	0.05001113	0.006473942	0.004006593
0.02567153	0.004466128	0.01587029
0.01811159	0.009498448	0.01673277
0.007978058	0.004328583	0.003174364
0.008803058	0.02936408	0.008966476	0.02642766	0.02344156	0.00996061
0.05944799	0.009022438	0.0135406
0.06685298	0.002252551	0.002217114
0.001970846	0.01603913	0.01570985
0.01344904	0.005833849
0.007422543	0.04497566	0.00726064
0.002590955
0.02283366	0.01521641	0.01353755	0.06021239
0.003320795	0.01042166
0.06814593	0.0009884461
0.004762804	0.02648007	0.001476372
0.006290726	0.006591626	0.008062787
0.03113498	0.01497957
0.004548695	0.01701199	0.004451604	0.08237046	0.008579914
0.01922656	0.00623567	0.009269113	0.005480237
0.004610099	0.02412967	0.02312324
0.0182266	0.01059223	0.00681508	0.03689159
0.001110065	0.003585355	0.01085145
0.007149057	0.0005887097	0.008267243
0.00595874	0.004504662	0.01665159	0.01966503	0.002962109
0.0005620348
0.0044818	0.002419368	0.001725562
0.05309857	0.0142128	0.02489242
0.008297091	0.005353797	0.0303768
0.01540556	0.01135642
0.008864334	0.02008474	0.002715362
0.002723877	0.002048164	0.003150712	0.008141109
0.009085962
0.05992128	0.004869661	0.003402752
0.004353544	0.008858293	0.005300196	0.0007321873	0.02923286
0.01926744	0.03107472
0.003775009	0.02109179
0.005036126	0.01576502	0.001178584	0.02284696
0.003441026
0.00703232
0.01331752	0.00433705	0.05304452
0.009192817	0.04249972	0.02192276	0.002911714
0.01303377	0.02855516	0.001609792
0.003275148	0.005133858	0.01516472	0.05165933	0.003949338
0.02749793	0.006575976	0.002779043	0.007786563	0.03655462
0.04361552	0.001197013
0.007052549	0.01401961	0.03107492	0.01074732	0.01283384	0.006096304
0.009786126
0.03091521
0.01561204	0.01716898
0.001738106
0.02331253	0.0208699	0.02651239	0.01114985	0.009081786
0.004128557	0.0008166579	0.004880325	0.03967533	0.01880563
0.00304862	0.0007451363	0.003259633	0.004418948	0.01619651
0.06107631	0.004473428	0.01127668	0.2028066	0.006525127
0.002783365	0.002749002
0.03333515	0.003027254
0.07735146	0.0008264607	0.009415665
0.01591655	0.005869462	0.006271617	0.03797637
0.0001430241	0.01661764	0.00192011	0.01026952
0.02647342	0.003606994	0.004242012
0.003030248	0.003062149	0.006452902	0.002804482
0.01326966	0.007794251	0.005852389
0.004566184	0.006905983	0.02392216
0.004202337	0.01071642
0.01162951	0.004615343	0.05664117	0.006098679
0.002178928	0.007565308	0.02871813	0.01769071
0.04417684	0.010568	0.03303564
0.009316807	0.00533454	0.02033317	0.00182543
0.00238252	0.01383061	0.01605679	0.005368609
0.009083148	0.007411056
0.002897461
0.02290519	0.005668769	0.003328591
0.01249759	0.0004084353	0.001065064	0.01535026
0.001030561	0.01222232
0.0207382	0.005881267
0.003659941
0.007147549	0.008545599
0.05868889	0.02045386
0.0103507	0.005896996	0.03705967	0.01190811	0.001797846	0.01474363
0.002860231	0.004764383
0.02198636	0.0004154279	0.09907086
0.002621215	0.007424856
0.009302183	0.05364173	0.004211053	0.0158445
0.02090767	0.004537319	0.01086468	0.001746004
0.05154235	0.03155625	0.006037927	0.04430041
0.006019741	0.02195549	0.01667767
0.003881609	0.007986775	0.05994242
0.03114338	0.02971729	0.004013584	0.009068155	0.02629211
0.004700112
0.02061554	0.01124647
0.02114334	0.001753336
0.0340649
0.001273965	0.002311535	0.00590632
0.017888
0.02146386
0.002183805	0.009993362	0.005285333	0.003955663	0.002629063
0.1029658	0.0192766	0.0166153
0.004851453	0.004400901
0.005317353	0.00281201
0.008460106	0.002394492
0.01305064	0.002143987
0.02382977	0.002974822
0.008113213	0.01633586
0.006545358	0.01054805	0.09634708	0.006749696
0.008892342	0.01547033
0.08689151	0.004378027	0.01692589	0.004788022	0.000767075
0.005172683	0.01814892	0.02413418	0.007158052
0.1869077	0.006989645	0.01956864
0.01264663	0.006942991	0.05656844	0.008897844
0.002380625
0.009008263	0.0008101546	0.01186589	0.0115861	0.005346399	0.01152907
0.001092495	0.005114134
0.01279269	0.01594193	0.00490323	0.01965729	0.01034938	0.00486082
0.001923593
0.001420833	0.004910788	0.04955793
0.001687474	0.001462352
0.007539438	0.02304614	0.003938941
0.001703028
0.008405144	0.05335224	0.01510827	0.07858964	0.005130555	0.006621177
0.04388694	0.008341499
0.004274504	0.004734454
0.02277607	0.004227145	0.005203361	0.01550709
0.02647374	0.008324474
0.01086832
0.001050383	0.002632543	0.02654995
0.01241312	0.01453326
0.006010513
0.01565762
0.01405694	0.008305397	0.009476652
0.01144327	0.01029776
0.001568071	0.006600355	0.002565237	0.01096764
0.0009234817	0.01626849
0.003373796	0.01326548
0.0008507126	0.03977215	0.009715842
0.05391462	0.006057874	0.001923617
0.01162444	0.006829138	0.04438551	0.01956734	0.008777676
0.02270853	0.0378789	0.02409403	0.00117149
0.02197575	0.005964694	0.00190947
0.06386592	0.02323455
0.01284941	0.00374832
0.001295989
0.01791608	0.01631016	0.001433012	0.01479416	0.05523446	0.1645769
0.003508603	0.01030472	0.03212769	0.00324997
0.00775329	0.02768052	0.002166593
0.01525646	0.001873097
0.002604568	0.00430958	0.003943907	0.1749702	0.01614894
0.02110902	0.02085907	0.001002458
0.00475409	0.0006146736	0.005108421	0.07839266	0.01329365
0.00133163	0.01666061
0.0002898955
0.005342747	0.02883275	0.007108992
0.008324931
0.01708471	0.1735638	0.003190787
0.0101879	0.003718964
0.03452332
0.004975761	0.03030014	0.003329162	0.0302448	0.03618212
0.009741189	0.03056802	0.02701012	0.009594666	0.001842067
0.007965949
0.01966826	0.00846406
0.005784766	0.03910233
0.01417073	0.03382741
0.03139977	0.008636423
0.01113255	0.00232014	0.0149603	0.01255006	0.02652186	0.02863664	0.003551514
0.003424754
0.01386916	0.006873134	0.02972937	0.04748606
0.002710255	0.09979097	0.003665954
0.04297109	0.005420809
0.0009752773	0.01057827
0.00361725	0.02209944	0.004368929	0.008025425
0.0107579	0.004048619	0.03764442
0.04375855	0.00504618	0.01696728	0.01526761
0.03659945	0.007162677
0.01107985	0.01146911	0.07389567
0.001173973
0.00234442	0.002097304
0.01339839
0.002766298
0.005427196	0.009819147	0.002796805	0.003769287
0.0003562528	0.009334309
0.02796864	0.003736338
0.008601059
0.002103489	0.007823425	0.005029529
0.003332911	0.004186508
0.01570532	0.01015846	0.05415775
0.0204797	0.01572872	0.03516074	0.07093457	0.006114883	0.01468117	0.00216947
0.03227505	0.001317589	0.02057986
0.005140169	0.003053378	0.00683964	0.01105994
0.0682692	0.0168968	0.01445568
0.02908676	0.01501393
0.002898461	0.01747888	0.006620851
0.002281519	0.005698294	0.01353834	0.005993457	0.008335494
0.002583505
0.04560404	0.03500995	0.0824418	0.004453181	0.009893028	0.009996058	0.294704	0.003534951
0.01368676	0.009731186	0.01937588	0.01515362
0.004437632
0.03373899	0.01277908	0.03863013	0.003682831	0.02475867
0.007081071	0.0421723	0.0005782041	0.00145898	0.03042628	0.004527481	0.02146031
0.007180949	0.004995699	0.03692942	0.0181083
0.01034251	0.02306102	0.0193065
0.002844245	0.002398054
0.03432636	0.04640816	0.01435675	0.007870224
0.01896918	0.01709229	0.01042653
0.06687322	0.07712647	0.01853589	0.001758989
0.01070565	0.01203967
0.003943232	0.004314583	0.001605031
0.04504389	0.001701648
0.001658358	0.004071757
0.001496499	0.004159303	0.006216788
0.006157961
0.001589118	0.04785548	0.003568299
0.09889671	0.004167625	0.0132415
0.03242026	0.0485037	0.005948129	0.001463603	0.05311012	0.00387329	0.009688318
0.01895925	0.04009653
0.3035704	0.00198214	0.01835574	0.03176756
0.006814012	0.005185609	0.08893543
0.02305189	0.005504727	0.06449653	0.00277672	0.004149752
0.01824537
0.1288416	0.008427781	0.004527615	0.01250632
0.01566555	0.03710366
0.004432413	0.01456226	0.001514704	0.01834951
0.003868355	0.01901036	0.01877411	0.04135413
0.008701415	0.008236686	0.003790299	0.01101603	0.002721776	0.03248954
0.003721039	0.00306499
0.002905336	0.003810637	0.004740965	0.04072186	0.0004704137
0.006247805
0.01704219	0.0121843
0.0008088186	0.004035018
0.002163504
0.02515691
0.004435996	0.04576598
0.005883843	0.02190305	0.001766173
0.01084035	0.001558329	0.005867613	0.01089692
0.002866488	0.009670141
0.01792353
0.009355609	0.8530916	0.001604682	0.01737814	0.1849515
0.01512532	0.002711265
0.003572605	0.009462145
0.002622926	0.01149516	0.0154137
0.01330255	0.01550014	0.01487716	0.007355104
0.009423679	0.002260433	0.1029445	0.06939341
0.03796562	0.01300311	0.003036776	0.02276198
0.009479508	0.01114708	0.04768529
0.0180894
0.038586	0.02018506	0.0761145	0.03288639
0.01778682	0.006022588
0.002187694
0.03467879	0.0188043	0.00220393	0.01225294	0.004381159	0.01241548
0.006939137	0.02999611	0.0006976686
0.003020877	0.001518184	0.02946542	0.004666399	0.01047167	0.07744791
0.04417944	0.00342485	0.01441301	0.01494603	0.01157665
0.03137064	0.05857267
0.002011609	0.005513519
0.0890295
0.002931843
0.006688349	0.01544198
0.01684961	0.005724214	0.0071313
0.1147075	0.0139009	0.01419859	0.002578009
0.0104252
0.003849073	0.009936497	0.001965175
0.0294618	0.002565117
0.002421662	0.007667325
0.0573918	0.01800334
0.005603616	0.001862384
0.01274604	0.009434516	0.002613901	0.01058788	0.02814705
0.04896218	0.00595937	0.01144902	0.007583238
0.01875048
0.08498643	0.009436676
0.007755167	0.002444489	0.03738109
0.005366832	0.002937806
0.01074598	0.05033383	0.0224579
0.01641687	0.0007244673
0.001070835	0.001081854
0.001353534
0.02429017	0.004777844	0.001389265	0.001890508	0.01311092	0.01429792	0.001083878	0.05066831
0.009268427	0.002244127	0.008693063
0.008475641
0.02004911	0.0009771881	0.00115429
0.004043823	0.01936743	0.01962924	0.006425875	0.005933164	0.01039971
0.01650814	0.005277656	0.003023202	0.0163581	0.00417676
0.00890202	0.03401733	0.009939301
0.003290746	0.01170897	0.0113761
0.0258665	0.012085	0.06380875
0.02068126	0.002325183	0.003751066
0.03122178	0.00650967	0.03701013
0.1024199	0.01314813
0.004650057	0.008190018	0.01761583
0.001373774
0.01031273	0.007115568	0.006999008
0.004761174
0.001154093
0.0104838	0.004660387	0.1186291
0.05865485	0.02171341	0.009282278
0.01575698	0.02251734	0.0408017
0.0004973279	0.002898945	0.03531979
0.00457097
0.02125944	0.01077281	0.02734671	0.02750255
0.0009236188	0.004079155	0.01733866
0.002317949	0.007066516	0.02084115	0.03168982	0.006895974
0.005877642	0.02150012	0.003488014
0.01114797	0.006094558	0.02215497
0.003778324	0.0007374974	0.004428705	0.002528514	0.0281274
0.0008079668	0.0249811
0.05252445	0.006342259	0.8346793
0.003203818	0.0014171	0.01595313
0.001117087	0.0008032876	0.02664733	0.003233454	0.001512304
0.003720418	0.01160315	0.001757896
0.02478413	0.01540893	0.02402389
0.006882553	0.03373175	0.005964595
0.003948817	0.0304995	0.0009625606
0.01875675	0.001520805
0.008942043	0.007099219	0.002984927
0.001266931	0.02228899	0.006551411	0.05782932
0.001932507	0.00718144	0.01040547	0.08664933
0.02671991	0.0004972967	0.001562462	0.0006315026
0.01856808	0.002180446	0.01471157
0.003463743	0.02509283
0.001310308	0.01095696	0.005897504	0.1353478
0.0325618	0.02421988	0.04670995	0.004758551
0.002453031	0.002124873	0.02445937	0.01344732
0.003710255	0.0006971941	0.006094129
0.001797192	0.001731198
0.01363777	0.0069902	0.02399522	0.02599371
0.001886051	0.001134281
0.001833898
0.03938058	0.001562482
0.06049628	0.005298507
0.003593104
0.300637	0.01325541
0.02131558	0.002032577	0.009422149
0.002989993	0.01487993	0.015265	0.006532545
0.07352175	0.003468273
0.02430058	0.005939707	0.02624957
0.002283357	0.001705719	0.009828409
0.01585594	0.004253089	0.007452331
0.006640789	0.008553579	0.02488681
0.02123672	0.06608472	0.005173521	0.01059222
0.01972697
0.01300889	0.000487946
0.01077014
0.03462886	0.007451938
0.001200991	0.01143077
0.004631512	0.02738309	0.007720652	0.0008768518
0.002108015
0.03877642	0.04012165	0.0109463
0.005048233	0.003598794	0.0002673361
0.04710624	0.00889465
0.01713543	0.001034874	0.007235723
0.00368416
0.01067911	0.002980181	0.005821582	0.007571635	0.003756737
0.05900673	0.003089973	0.1721174	0.003735719
0.008543239	0.01349228	0.01036259
0.004254623	0.006790905	0.005186222	0.004485394
0.01420537	0.008579269	0.01084503
0.0545289	0.008984137
0.02042575	0.001608584	0.006995603	0.008706142
0.004126924	0.02663938	0.007870519	0.0003238574	0.002702833	0.03317157
0.008051603
0.01500256
0.003941318	0.04218732	0.02209096
0.005224851	0.002898452
0.004108481	0.1395335	0.00474527	0.002374649	0.003436577	0.009148054
0.005251249	0.002101559	0.007008926
0.06108033	0.002598808	0.009877943
0.01886502	0.004481234
0.04281794	0.003431439
0.001827556	0.02513944	0.1596937	0.001351866	0.003731054	0.003995654	0.002404497
0.05713419	0.02718014
0.01422322	0.004036588
0.00807485	0.003634196	0.002313859	0.001915095
0.1925332	0.006108715
0.0004811639	0.01037817	0.01572073
0.0305067	0.007262185	0.002361975	0.01014479
0.007241539	0.01156591
0.00431062	0.005842166	0.02595928
0.0225291	0.03224085	0.05580347
0.0148036	0.01120349	0.01300256	0.01719189
0.002413632	0.005372292
0.01790085	0.007717616	0.001113904
0.006750501	0.06760641	0.01060238
0.003415426	0.001430973	0.01545577	0.0151337
0.01539328	0.0109331	0.01157553
0.01012301	0.01159204	0.02239157
0.004039701
0.00384401	0.009320888	0.006804116	0.003895642
0.005468311	0.01028842
0.0160022
0.04213572	0.007749884	0.00576897	0.003788473	0.0005666381
0.01870173	0.0147593	0.01069385	0.0898938	0.002716704
0.01632506	0.003534203	0.01058148	0.02713801	0.006232236	0.04509681
0.005269725	0.02533804	0.0370321	0.01192038	0.01428398
0.002176527
0.004453164	0.003700123	0.01912491	0.003434802	0.002549682	0.002590159
0.01385845	0.00888279	0.02498994	0.01043293	0.005026383
0.006316434	0.007375071
0.0281234
0.01990157	0.004001419
0.01859433
0.01700321	0.004305175	0.01992754
0.01095095	0.001224446
0.001287198	0.001385853	0.008268253	0.01549275	0.1468108	0.009115243
0.03020479	0.001522794	0.007912908	0.01395995
0.01875257	0.02441468	0.01240312
0.005071185	0.03972998	0.003472504	0.05310349	0.01311688	0.007067332	0.005101353
0.0210522	0.000649388
0.01209796	0.01656585	0.004970753	0.01477803
0.0181623	0.006336746
0.006517628	0.01638629	0.1118041
0.0466651	0.003357829	0.0006512705	0.008773984
0.009737165	0.005729332
0.03483836	0.02502185	0.0258459	0.01191162	0.007347816
0.02266992	0.01979312	0.01158458
0.0005966064	0.004982821
0.01150821	0.1021923	0.001103086	0.01581862	0.07776281
0.004526992	0.003728443	0.02814893	0.002358696	0.004604068	0.002156793
0.009659927
0.004178222	0.02505728
0.03013808	0.003226047	0.006225062
0.006998115	0.0007410705	0.001374987	0.01546829	0.004354435
0.003848677	0.007322736
0.004960694	0.006743121	0.008058109	0.001261226
0.004596658	0.002612073	0.02156091	0.002672731	0.007042215	0.1914094
0.002080196
0.001596802	0.002649244	0.03877259
0.05449771	0.003523452
0.00291049	0.009969825
0.002986218	0.2070472	0.009300197	0.004545983
0.006410148	0.01098578
0.01876236	0.01261167	0.001310621
0.001248564	0.002971968
0.02038694	0.004359681
0.01199922	0.0159003	0.00859793	0.001220439	0.004262728
0.002630054
0.1072154	0.0007677665
0.02512645	0.01727842	0.006317414
0.0411276	0.004827428	0.01013449	0.001536695
0.02028121	0.004663958	0.002791071
0.0242807	0.003002648
0.005437076	0.001140313
0.009755384
0.04131087	0.002662075
0.00305767	0.002554783
0.03577069	0.01482163	0.002608911
0.009344909	0.01165592	0.005607609
0.0008765799
0.02562083	0.002830118
0.04345659	0.001818293	0.002352659
0.01523059
0.1871965	0.002845169
0.001766194
0.03184149	0.01583512
0.08365924	0.0003685131
0.001509649
0.03074299	0.007316029	0.02137044
0.007239157	0.006091256	0.003177763
0.01553381	0.003319102
0.001822803	0.02230498	0.009152068	0.01082652	0.02635569
0.0177327	0.01676386	0.002278049	0.03097652	0.008932339
0.03228218	0.0008139444	0.0009018639	0.07732258	0.02024073	0.02065358
0.00180068
0.0372482	0.008742476	0.0280695	0.04052506	0.00122893
0.01342294	0.006101935	0.05004751
0.04789768	0.003820348	0.03571779
0.005800951	0.03250859	0.001949038
0.03334307	0.005005554	0.01562552	0.002316362
0.01136447	0.0006511794	0.003935316
0.0653291	0.03363467	0.06957556
0.002859948	0.003058945	0.0104829	0.008169855
0.02163361	0.00728834	0.006165223
0.00268324	0.02175687	0.005925339
0.01648122	0.004961624
0.006275402
0.0593601	0.005300769	0.005026617
0.003350715	0.009384819	0.00377794
0.004981415	0.01621868
0.00130345	0.01902351	0.02295019	0.00812228
0.03203407	0.02426425	0.0258339	0.00403703
0.004977254
0.000987554
0.01213927	0.07579755	0.01356059	0.009819584
0.06962927	0.00782268
0.006966278
0.0009473203	0.03873955
0.02972804	0.01890472	0.004066003
0.03267452	0.002619907	0.04515971
0.001450778	0.0235083	0.02980135	0.6180011	0.00805459
0.0004607291
0.01518664	0.05746643
0.001505156	0.006598487	0.00514184	0.01282383
0.01095796	0.002098846	0.0564231	0.01280318
0.004064547	0.003209212	0.0129802
0.006992985	0.0005762845	0.03602844	0.007650933
0.001662709	0.0411972	0.006007717
0.03182232	0.0143205	0.001835281
0.0004827633	0.4988048	0.001375363	0.01735955	0.0568522
0.00951028	0.002483284	0.06709265	0.06154693
0.01381399	0.01556461	0.005082433
0.0115825	0.00339653	0.0602549	0.001383644	0.05757024	0.001746882
0.01764179
0.002262011	0.0006487204	0.009629803	0.01460654
0.002200633	0.01393743	0.03016644
0.02442327
0.01431001	0.01445642	0.00309475
0.03896058	0.04216832	0.02262679
0.02971406	0.002592122	0.001952856
0.0118658	0.001756069
0.03429076	0.09021014	0.01680307
0.006595761	0.0111879	0.006427779	0.01564978
0.08450695	0.03947389
0.003440753	0.01452406
0.01837487
0.02368212	0.05266096	0.004984044	0.02339356
0.006339677	0.01023522
0.01333064
0.01615698	0.01122161	0.03583145
0.006794858	0.01693763	0.05017134
0.1009135	0.01361151	0.001215958
0.02714341	0.001203944	0.01132025
0.001760607
0.0006142977
0.01983271
0.02115914	0.03381391
0.003560551	0.03438772	0.008013723	0.006479467	0.0007597805
0.001122854
0.0137296	0.03863236	0.006270204
0.0187607	0.01945017	0.00569512
0.01072614	0.01075406	0.04120758	0.04012288
0.001649882	0.01301771	0.09862864	0.02927174
0.008842636	0.0005132358	0.005154568
0.0437816	0.00409356	0.009735864	0.01442502	0.01205752	0.1103666	0.03281389	0.00550725
0.03156526	0.02950462	0.01033551	0.002444643	0.01186714	0.008380707
0.004505175	0.001524093
0.002470417	0.006556088	0.008928325	0.1389828
0.006592626	0.01121616
0.003682521	0.005029636
0.01143466
0.007475888	0.01069187
0.01904942	0.01638136	0.002914167	0.002235733
0.035318	0.009184275	0.0203041	0.002045697
0.006383737	0.004336733
0.002618661	0.001374696	0.008429698	0.02243377
0.01542629	0.01369768	0.001772712	0.05644754	0.008443787
0.0008644924
0.006272865	0.008131809	0.01704872	0.003846325
0.02544629	0.002363927	0.01562581	0.002893431
0.01789267	0.03110388
0.01576687	0.01552611
0.02880385	0.001976899
0.007426429	0.063028	0.003847072
0.006279011	0.005645312
0.01511987	0.06874512	0.00210199
0.03462898	0.00678521
0.0057191	0.2650592	0.001902239	0.006301398	0.006527897
0.0001681647	0.001258542
0.004533668	0.002534858
0.0046362
0.02628519	0.02194254	0.00129126
0.003528271	0.04448475	0.003853641	0.00697596	0.01591694
0.2658021	0.006184198	0.000696464	0.004952962	0.002184326	0.002841861
0.01908061	0.01407099	0.01210699	0.02251247
0.006059599	0.08328704	0.01197732	0.0004707481
0.0322762	0.01302262
0.00583094	0.008626782
0.005792862	0.002256133	0.004259237	0.002852781	0.003033526
0.03060934	0.01701411	0.005907862
0.01007271	0.002490496
0.04287479	0.007172813
0.009711915	0.02722564	0.01521146
0.01075234
0.003600725	0.02743791
0.006272815	0.008853467	0.001782974
0.003435268	0.01071754	0.007464963	0.005688888
0.004128584	0.004567377	0.008612156	0.01902871	0.002397839
0.004454004	0.0005360014
0.04712999	0.01037235	0.02034487
0.009978936	0.0179337	0.04073362	0.00261058
0.1270938	0.003568303	0.003882489
0.05522026	0.01359492
0.02120787	0.04720055	0.3052278	0.02468649	0.0264578
0.003850364	0.01610988	0.008737385
0.004495427	0.007581097
0.01691019	0.01251328
0.005735435	0.01714265
0.003849728	0.01443571	0.009347526
0.05905719	0.02226048
0.0004925226	0.0314426	0.001469457	0.005321024
0.001188117	0.01340297	0.005227706	0.001043941	0.08559931
0.006992868	0.006271315	0.06642961	0.0004154438	0.01595635
0.01863197	0.002051757	0.005767432
0.001522553	0.0382012
0.003200679	0.02313115	0.002852971
0.003624771	0.03363491	0.004884304
0.009097936	0.0277972	0.05522648
0.02204155	0.003578559
0.01059422	0.04182627	0.05132266
0.008040985	0.01710705	0.01112278	0.1264414	0.002173724
0.00297561	0.01243465	0.01760217
0.03958908	0.01694274	0.02847694	0.01772425	0.0864031
0.004633607	0.02998059	0.06535113
0.007940109	0.0003633346	0.1005081	0.0102098	0.002122847
0.007669943	0.02018684
0.001268259	0.009930574	0.00408487
0.002385265	0.01216865
0.06423758	0.003445171
0.005053958	0.00455608	0.02335599
0.003879308	0.003595519	0.005105223
0.03886167	0.06437308	0.009492016
0.01383351	0.01025378	0.02567924	0.003417873	0.008427191	0.01608803
0.00229399	0.002619924	0.02414062
0.01617167	0.00380869
0.02413555	0.004902171	0.00266713	0.002997022
0.01262698	0.006077759	0.002428386	0.00306818
0.007345158	0.008414632
0.005189433	0.001191863	0.0001806723	0.04684752
0.03261709	0.001089783	0.02023971	0.03445948	0.003829044	0.001934795
0.006853008	0.02362609	0.002548802	0.009544925
0.009391188	0.02505244
0.006343478	0.004875287	0.00414334	0.01222699
0.0006429332	0.002549825	0.02605436	0.02023912	0.009721969
0.001495474	0.001669
0.01274411	0.002929803	0.01361175	0.009143973	0.003521035	0.003201262
0.07955111	0.00308508	0.009574266
0.01942636	0.0001873158	0.002429263	0.002563434
0.03400643	0.002895653
0.004752099	0.001942001	0.001804055	0.00713235
0.003716266	0.002411571	0.003196471
0.02023818	0.01700831	0.1380211
0.02508597	0.03952946
0.01103274	0.008420587	0.0371257	0.003637622
0.03891189	0.004009403	0.003833307	0.02373222
0.0140346	0.005650084	0.05269545
0.01725802	0.02119832	0.006073795
0.001915971
0.01466323	0.01148456
0.01958176	0.02469499
0.00256622	0.005672625	0.0003695379
0.01483667	0.001682408	0.005426531
0.002051091	0.008815209	0.04790988
0.04751235	0.01291547
0.00315594	0.01096678
0.2293803	0.1350776	0.02323205	0.04282261	0.007583275
0.008550763	0.07301466	0.1802878	0.0009262855	0.0148024
0.008954298	0.004094941	0.002517734	0.004917478	0.08061046	0.006422398	0.04474162
0.002954331	0.003622577	0.01525052
0.008683783	0.01682525	0.02361673
0.01401947	0.007804953	0.01053273
0.01229145	0.004442315	0.001351847
0.0009555952
0.0169784
0.001210531	0.004299052	0.007066262	0.00404196
0.1447339	0.01135336	0.002790918
0.03893855	0.03147188
0.002440706	0.001211849	0.1005362
0.003611782	0.0008094539
0.007702243	0.02718554	0.001004442
0.004244249	0.08604325	0.002687869	0.0102573
0.06758125	0.004987095	0.001400162	0.004239967
0.01003654	0.2108433	0.009715861	0.02051774	0.004817626
0.00689934	0.0273894	0.008999633	0.01149012	0.009835115	0.007312491
0.003636433	0.003786744	0.01139999
0.00922378	0.05060291
0.01846959	0.005022649	0.004496128	0.05674163
0.03408608	0.001205651	0.2696081	0.003525497
0.003308065	0.01064477
0.003680933	0.02352615	0.003072115
0.004950548	0.005571067	0.02094003
0.0052022
0.02468206	0.00154644	0.04830245
0.001919852	0.005506383	0.006635789
0.0006739848
0.02942998	0.006375722	0.0217417	0.0008075881	0.01705598
0.005005428	0.002677474	0.07807327	0.008929128	0.006213292
0.00740966	0.0008221837
0.02480562	0.004730111
0.003369473	0.01365462
0.006986818	0.008260503
0.008491706	0.0004985898	0.009756552
0.00664646	0.004773236
0.0145221	0.01783397	0.0100348
0.009456508	0.02430509	0.008170308	0.001906057	0.006591667
0.01141503
0.003748076	0.01224784	0.01347312	0.006687713
0.01336448
0.02560977	0.02260575	0.03937346	0.008832027
0.1981666	0.05712314	0.004947298
0.02425318	0.003045747
0.02804354
0.009501864	0.02828923	0.03887394
0.003443644
0.006692905
0.001174885	0.001591209
0.01082966	0.04360936	0.007750086	0.001794926
0.006323029	0.01701639
0.007775633	0.01209005	0.004086194
0.009345012	0.001851388	0.002359497	0.006259817	0.007451962	0.1030455
0.0003142594	0.004933932	0.0009602497	0.01332866	0.0252568
0.0003496999	0.01266445	0.0005757013	0.005852011	0.008582276
0.01119948
0.006058952	0.01418591	0.01279563	0.001573957	0.04443169
0.001815434	0.003903344	0.009727887
0.001673483	0.004306907	0.007641301
0.01407815	0.02413866	0.01806686	0.01231487	0.04525762
0.01125944
0.01956182	0.009879437	0.01323989
0.00441755	0.003224348
0.01475545	0.008466852	0.004366903
0.008771158	0.03242473	0.01089398	0.007791298	0.002292983
0.00308169	0.02024223	0.008265117	0.0006425422	0.02517469	0.004255805
0.005827245	0.001054027	0.008011428	0.003814194	0.001512783	0.0007077855
0.006512243
0.01469464	0.03733918	0.001312362
0.05303623	0.03823599	0.005635876
0.03849712	0.0009214072
0.08470562	0.01938295	0.004530449	0.01143518
0.01611973	0.0007963677
0.004379647	0.003655326	0.00891122	0.009293327
0.003739245
0.0006075637
0.01869913
0.001464474	0.008858204
0.04754927	0.002978664
0.001699793	0.03196728	0.005162265	0.002967856
0.01424992
0.01587513	0.02026053	0.001745989
0.005699775	0.04078633	0.01481087
0.01050807	0.001894854
0.002260449
0.00151033	0.003200501
0.0005542996
0.004650254	0.005586028
0.01880766	0.008948409	0.006529036
0.001618795	0.006476629
0.04578362	0.0005398971	0.01127769	0.02224556
0.05784821	0.003347423	0.002586164	0.01333393
0.01277643	0.03214819
0.2516745	0.0007371841	0.008794053	0.001820179
0.01146527
0.009958457	0.01760068	0.02605305
0.003182424	0.04026926	0.009397696	0.004316513
0.002963833	0.005337815
0.002373772	0.01118091
0.008801888	0.008646222	0.01097884	0.0009537985	0.07553098
0.02231119	0.00178862
0.00436623	0.02298649	0.005735904
0.00226045
0.09229653	0.005781433	0.005024971	0.05752717	0.01581206
0.02567967	0.0006812728
0.006036091
0.0101601	0.01000045
0.03333796	0.05196878	0.009622557	0.005666742
0.01626337	0.01328216	0.01265805	0.01213096
0.001778253	0.002659055
0.001899645
0.008918212
0.003822928	0.0003252195
0.02302568	0.003873761	0.1735987
0.1066049	0.009653759	0.009544283	0.005692199	0.009667386
0.02031551	0.01273781
0.00926224	0.002133668	0.003791822
0.00301504
0.00682224	0.006644772
0.002511185	0.01465435	0.003653267
0.03180814	0.003923156
0.005137878	0.01741493
0.006801876	0.003379652	0.01089162
0.007405286	0.01608046	0.01159037	0.03911617
0.03239268	0.1768645	0.02582783	0.004241716
0.004808951	0.004270493	0.01927321	0.006142864	0.01125107	0.0004223206
0.002639332	0.01409404	0.0025891	0.1226821
0.01203062	0.009230579
0.002026619	0.002128697
0.001147456	0.0009456191	0.006709235	0.02136585
0.008568148	0.003602615	0.001167575
0.005777505	0.001747437
0.0008557962	0.01966874	0.006267011
0.013319	0.009356741	0.02413907
0.003626564	0.001435376
0.001213292
0.005167147	0.03759013	0.1071584	0.01284617
0.003499685	0.03513822	0.003567251	0.299998
0.0298439	0.007136121
0.146345	0.006379853
0.005747478	0.02978029	0.05687637	0.02036138	0.007650964
0.0003795885	0.01526365	0.009059067	0.003307641
0.002508277	0.002391274	0.004327766	0.01596626
0.007845896	0.001198094	0.004970261
0.01272726
0.02122652	0.02725716
0.01441831	0.006873129
0.01232581	0.003655338	0.001268571	0.01041198
0.0136795	0.002987719	0.02772145	0.01340144
0.05564672	0.002497173
0.01300838	0.003062353	0.02433618	0.0005870222
0.005673627	0.003211249	0.0203651	0.03173267	0.03043672
0.03806014	0.003730918
0.01387738	0.02142637	0.01183264	0.07426989	0.00104579
0.003087568
0.0329153	0.001001709
0.002887276
0.03553238	0.004223361
0.008677556	0.02012611	0.007328873
0.01640951	0.006801507	0.4198859	0.03868086	0.03220893	0.00718597
0.05954145	0.004077135
0.006859161	0.01966484	0.01831565
0.002497692	0.002082762	0.01760567	0.001394669	0.02511948
0.002446148
0.01500288	0.06514083	0.003425733
0.003468476	0.06889801	0.02317074	0.02184379	0.006824003	0.005439695	0.01660364	0.007897537
0.02819086	0.001137925
0.001796642
0.003107248	0.007598506	0.01944575
0.006593533	0.001952353
0.008154587	0.08201935	0.059463	0.009740154	0.06928207
0.007944548	0.006202293	0.004780248
0.09964273	0.02649106	0.04172984	0.03829505
0.006215164	0.01250105
0.007585426	0.004082706	0.01576476	0.001520174
0.007152534	0.003788271	0.006183167
0.002004906	0.05026119	0.009678943
0.05548963	0.01585871
0.0005079426	0.01274783	0.01612207	0.009472025	0.0002954053	0.02169818
0.002489151	0.05476098	0.02978299
0.01025657	0.00995709	0.01093436
0.0001671655	0.003708843	0.003259147
0.003816682	0.002203788	0.01279348
0.01379796	0.006000028	0.001334082
0.004876895	0.01148219
0.03160156	0.005670611
0.01088071	0.009517073
0.07420512	0.002772015	0.03604381	0.07104468	0.00296772	0.002669678	0.008941545	0.008689975	0.02996652
0.002838334	0.004399481	0.07434733
0.01414779	0.1084776	0.004322016	0.02571582
0.07796562	0.005707553	0.01158855
0.0481483	0.00215405	0.003099934	0.00772684
0.02612949	0.005558076	0.00174066	0.04570157	0.01346476	0.01289517
0.004540483	0.005298077	0.001633155
0.02663555	0.001037422
0.001464431	0.002884092
0.0004407175	0.002323666	0.01450232	0.004943709
0.001173301	0.003636367	0.01274735	0.01544354
0.001175681	0.2166463	0.01169776
0.1320879	0.002338679	0.005853231
0.01087273
0.003179651	0.01865995	0.002601923
0.009287412	0.05734523	0.007175199	0.005129019	0.02077787	0.002009149
0.01987196	0.04166517	0.03901437
0.006323745	0.01642784
0.00208108
0.002427329	0.003915644
0.004468422	0.01410503	0.006732831
0.005465611	0.0007699104	0.003140165
0.005942498	0.006575591
0.02263621	0.02417079	0.01503323
0.02295307	0.01027705	0.0008925424	0.04808414	0.006926523
0.03644163	0.0012979	0.004616899	0.00554741
0.01713514	0.004661716
0.007121164	0.001955565	0.004530673
0.01036765	0.04634043	0.001331448
0.02284829	0.007596349	0.005289003	0.05100024
0.0007839912	0.006257239	0.009975746
0.0009584643	0.007254932
0.008812605	0.01390017	0.02214942
0.002685384
0.02118722	0.02025626	0.03994186	0.01517425
0.01728801	0.04207713	0.002425206
0.005933261	0.03133848	0.002486557
0.04401062	0.006218162
0.00466194	0.02502322
0.005053918	0.001752671	0.04171591	0.01910879
0.000808585	0.003422166
0.05616139	0.000100473	0.02077425
0.05489057	0.01066028	0.006615778
0.003398044	0.01521208	0.008089646
0.004966119	0.01389872	0.003453802
0.01050004	0.05865569	0.009757405	0.003415646
0.005810863	0.03010114	0.01413952	0.001834566
0.1759136	0.005586219	0.01536171	0.0178078
0.0005717429
0.01515421	0.0239351
0.01147199	0.04414624	0.01473779	0.006394246	0.004226721
0.01149597	0.001224984	0.01790706	0.007943879	0.00651526
0.01703554	0.02896499	0.003250768
0.0464451	0.001998291
0.01206766	0.0394888	0.08735653	0.02447532	0.1377369	0.08169845
0.05176441	0.03110395
0.002156291	0.02233917
0.002704741	0.00399773	0.002350574
0.09360125	0.0012515	0.01385429
0.0363345	0.004860003	0.007968565	0.002303043
0.003778827
0.01661406	0.03544179
0.002058979	0.002363473	0.009358181
0.01363825
0.1494976	0.04372836	0.02205499	0.0202864
0.02128654	0.009853839
0.003740514	0.02830343
0.003610781	0.007969131	0.01315088	0.02026881	0.05965508
0.07652008	0.0006952363	0.0156159	0.01023677	0.001052886	0.0006418707
0.03472418	0.01269293	0.1540193	0.006803371	0.005687402
0.01025033	0.05837943
0.0002728303	0.01045143	0.0006438121	0.02602293	0.01781088
0.07375984	0.01106705	0.03192733	0.001956397	0.01129447	0.002626228
0.002186729	0.004157032
0.01626626	0.008477845
0.006522618	0.006152686
0.005253073
0.03220891
0.005188464
0.007611277	0.006254687
0.2876832	0.01969449	0.002621774
0.0005779048	0.01226339	0.03125219
0.002708386	0.003735535
0.08190058	0.002886045	0.004610221	0.009621246	0.01708935	0.008335368
0.01097843	0.01404834
0.005299822	0.001731668	0.01477926	0.02735917	0.01889372
0.03108516	0.007914562	0.06487299
0.04265963	0.004755458
0.008028185	0.01596711	0.01133996
0.01111919	0.01471659
0.002174096	0.01668114	0.01428504	0.007720684	0.03372593
0.009237025	0.01946546	0.06168138
0.001868455	0.02161497
0.007476674	0.003848009
0.002634072	0.02543821
0.01921148	0.3106681	0.001866896	0.003344888	0.03751882	0.01488453	0.07275362
0.004013123	0.02326526
0.04730106	0.009416801	0.05073525
0.03628644	0.01186925
0.01790768	0.002494833	0.003517909	0.001207476	0.01614026	0.03191941	0.008726315
0.01991769	0.009607138
0.00557732
0.02824252	0.008007266	0.004380453
0.01592004	0.003445251
0.03304385	0.05837662	0.003507118
0.05477585	0.01516281	0.001770935	0.0006500555	0.004303293	0.1200474
0.006236078	0.005210665
0.003873905	0.003158355	0.06032671	0.01874075	0.01451088
0.03261059	0.06867936	0.009086387	0.006152437	0.01079582
0.02104616	0.004912207	0.003850356	0.01150301
0.1377751	0.001433256	0.03517999	0.007202262
0.01797379	0.004504087	0.4355358	0.001333535	0.009929816	0.0229865
0.03640265	0.01668084	0.003207832	0.144048	0.003863638	0.02552158
0.04519613	0.01775974	0.01571425	0.001442923
0.04173966	0.002179285
0.01844956	0.006806938
0.002018905	0.01009234	0.005547101	0.006772981	0.02318783
0.01240045	0.09524867	0.002544325	0.01583519
0.01526295	0.02411239	0.000835107	0.007198415
0.08901755	0.0107057
0.001078823	0.01012738
0.02351879	0.05365215
0.002549831
0.00278476	0.02837065
0.05518967	0.0006867321	0.01418671
0.03277347	0.009707897
0.01340292	0.0003486893	0.002692509
0.01270977	0.02460435	0.006112049	0.01497548	0.01847595	0.01273449
0.01077504	0.006146545	0.009370037
0.04213292	0.009238068	0.01576063	0.006689011	0.009845581	0.007212	0.040682	0.008575941	0.02787363
0.02291463	0.007988107	0.0001386186
0.004345158	0.002348819	0.00228033	0.08258024	0.007555519
0.006447154	0.04063112	0.002669525	0.005850977	0.01039057	0.001732667
0.0009064283	0.0006242493
0.01447966
0.016222	0.004540064	0.01183668
0.01055366	0.002066111
0.00292806	0.01315063	0.008647727
0.01357494	0.003103626
0.006703456	0.003087243	0.01727857
0.0006144984	0.003096731	0.006318487	0.0007430649	0.007562783	0.03042647
0.001580877	0.004779991	0.05603284
0.007007472	0.00773029	0.006241032	0.1201309	0.0006426087	0.0422924
0.006314557	0.004310597
0.03067831	0.005435181	0.01163931	0.007336134
0.01299426	0.001879393	0.00507674
0.003242859	0.005309143	0.004362094
0.01283409
0.001410348	0.008583259	0.007110921	0.04767446	0.01432328
0.009341427	0.0002317688
0.003576557	0.02575133	0.01711569
0.01218971	0.005891206	0.01050485
0.02290546	0.005096526	0.01476781
0.0005952105
0.00542284	0.004605447	0.01312084
0.009927209	0.003573726
0.02131254	0.006237135
0.002406002	0.002424282	0.007139806
0.002462881	0.0008773059
0.01957311	0.04577175
0.0008630506	0.01286789	0.01001674
0.0008769033
0.005630599
0.0008633848	0.002247984	0.00597026	0.001598014	0.004843807
0.004793659	0.0009092053	0.00178039
0.003610071	0.001210743	0.01094695	0.01747081
0.02129929	0.006501533
0.05804876
0.003165169	0.0007413992
0.01282898	0.01348707	0.01764899	0.01940744	0.02229643
0.05657805	0.03334928
0.002382131	0.01168314
0.0009932443
0.001903094	0.002921682
0.003941438	0.01607805	0.002137481	0.2771484	0.008848424	0.01128794	0.03415161
0.002193593	0.004823207	0.05853282	0.0192022	0.02878304	0.001093433
0.0009668695	0.09496331	0.001564614	0.1523254
0.04036415	0.002489189	0.002932257	0.01686123
0.003752912	0.009733392	0.1797577	0.0008263934
0.003388131	0.0003814047	0.03803356	0.02012186	0.04197148
0.005836856	0.02326501	0.009233746
0.00631377	0.004429076	0.09461487
0.009801831	0.0104887
0.008182837	0.009282386	0.005786718
0.003723785
0.004227128	0.007092498
0.01451364	0.003920869	0.0170159	0.05809662	0.002761706
0.0009628163
0.01529373	0.04882968	0.01112917
0.00818022	0.007400075	0.02230518
0.003794663	0.02450948
0.003376492	0.002215037
0.02053556	0.0006470894	0.001123819	0.004069748	0.02258897
0.004577631
0.003494878	0.01141628	0.007146672
0.03776507	0.002793306
0.00211448	0.006789735	0.01264012
0.002631511	0.006630407	0.002784446
0.01137366	0.0007445178	0.001532807
0.02738925
0.00232169	0.004276003	0.008914577
0.00854188	0.004046008	0.003669779	0.08764046
0.003547076
0.003064559	0.002033825	0.003928068	0.01776078
0.003942169	0.01495607	0.002095073
0.03600066	0.005345976	0.01034255
0.0181754	0.0007577325	0.009359635	0.0206281	0.003618784
0.005761179	0.001541798	0.005913939	0.005412448
0.04981247	0.0286948
0.000536898	0.0107259	0.015033
0.001476179	0.01305783	0.07938252	0.07656415	0.004329477
0.003842706
0.002802757	0.003856356
0.001286802	0.007162852
0.01380881	0.003118127	0.07038057
0.02533981	0.01409058
0.007164229	0.0044999
0.002274464
0.01258901	0.001915798	0.008168881	0.05999579
0.02884284	0.004301137	0.006427119
0.001279299	0.03696734	0.001218012
0.03171246	0.02847598	0.04452068	0.004538839
0.02203749	0.003060426	0.002008956
0.01207367	0.000828084	0.03899366
0.009819919	0.01524304	0.06672121	0.000832912
0.02873929	0.009729257
0.005723669	0.01193699
0.00111148	0.004786646	0.1286371	0.0494981	0.03077353	0.03144587	0.01857752
0.000488314
0.001851377	0.0006222288	0.004837589	0.007889405
0.007640868	0.01841433	0.00923265	0.03731412
0.006462025	0.01919168	0.02431087	0.03499078	0.009380625	0.005277149
0.05878586	0.03731417
0.03487469	0.1875159	0.01000169	0.5964704
0.008045749	0.002657988
0.01827415	0.005823443	0.00719452	0.009888988
0.0009762819	0.006476182
0.003104466	0.002292186	0.00431948
0.003626074	0.00146664
0.04714446	0.02153759	0.01004463
0.04094098	0.05205667	0.1373597
0.03202946	0.04300941	0.03526033	0.004618271
0.04080456	0.004640512
0.02736232	0.007092826
0.003601128	0.01692317	0.005678989	0.01834397
0.0009494672
0.003932673	0.04502638
0.008684006
0.01094673	0.0337435	0.005151116	0.01220508	0.0006535493
0.002397876	0.007367956	0.00775087	0.0133986	0.006688409	0.04849135
0.1729205	0.05264642
0.01848596	0.07888439	0.003374255	0.00301318
0.01104863	0.008676391
0.009432282	0.0009392251	0.004778753	0.01302768
0.005076923	0.01010623
0.006537128	0.004234878	0.001147291	0.01583381	0.003687746	0.04060832
0.03694581	0.012109
0.03076677	0.09842012	0.004053418	0.02266079
0.02666731	0.007496338
0.01664928	0.01510067	0.09082023	0.004112161
0.00547512
0.009950445	0.001900978	0.02220539	0.030935
0.003606413	0.004062771	0.02099061
0.25156	0.01680501	0.005982591	0.01897282	0.0009990033	0.0007194683
0.003063082	0.004664369
0.00841663	0.004653688	0.01026307
0.01918258	0.01102589	0.009238588
0.01623779	0.003467941	0.003070553	0.05963175	0.007233913
0.02988799	0.01116993
0.003358587	0.004863424
0.00130032	0.004997444	0.008254081	0.01026551	0.003563386	0.009930981
0.02530422	0.01028223	0.00740754
0.00644294	0.01520035
0.01659627	0.005672964	0.01263532
0.01063522	0.03112908
0.007237007	0.006733618	0.0530907	0.002045885
0.000555106
0.002601753
0.01171592	0.005937588
0.001757997	0.001681921	0.05618233	0.02600443	0.02631542
0.01933331	0.005782061
0.06294268	0.005098433
0.00726024	0.02688805	0.06105333	0.03109432	0.006016983	0.003639375
0.03880426	0.001492531
0.03436905	0.0009499728	0.0173886	0.003527343	0.02761344
0.03347298	0.007609251
0.00307772	0.02417502
0.001593045	0.006592371	0.007054141	0.007607588	0.01345508	0.009401022	0.02852794
0.02701574	0.01364059
0.01730484	0.002092447
0.03197213	0.001237471	0.008888734	0.006138845
0.002019373	0.001932657	0.06259063
0.002726486	0.0365377
0.0165181	0.01663309	0.02111517	0.006533481	0.003535645
0.03625198	0.04441081
0.008234468	0.01107353	0.02105056	0.004537331	0.002079616
0.02573476	0.005065895	0.001007427
0.001733672
0.0009084076	0.002461947
0.0184669	0.006341744
0.01544463	0.03506905	0.005174721
0.001800891
0.001974746
0.00979758	0.002092139	0.001324425	0.01178575
0.0123761	0.005713108
0.005326121	0.01840194	0.00559798	0.001457952	0.002678381	0.00674929
0.001830786
0.003818698
0.02601669	0.004875029
0.001108491	0.0006808331
0.001677335
0.04109024	0.001396144	0.007019423	0.007046506
0.009913225
0.02526354	0.01327216
0.004837816
0.004753845	0.01368969	0.0008126244
0.0005450219	0.007140553	0.002537852	0.008615643
0.004496668	0.01491732	0.001734163
0.005776588	0.01466232	0.0157044
0.07311368	0.01051447
0.0147446
0.04632488	0.01473992	0.009351512
0.002378904
0.0344165	0.01073787	0.02576545	0.009420652
0.001506799
0.0238327	0.004882369	0.003401623	0.0109773
0.01947759	0.00903088	0.006362795
0.0223207
0.004593133
0.01026138	0.001681833
0.01369351	0.009300327	0.02281137
0.000547321	0.01149314	0.009908043	0.004450799
0.01973899	0.003996548	0.02931272
0.006730918
0.05743495	0.01165185
0.01724695
0.000543838	0.0009361053
0.0101197	0.0005502207	0.01390308	0.004637707	0.02213348
0.002495421	0.02829307	0.01397672
0.00219766	0.0006591802	0.2726694	0.006052919
0.001405454	0.01058661	0.002764984
0.002307836	0.002831955
0.00232027	0.01206132	0.01740275
0.005127957
0.01024416	0.002782835
0.0199122	0.002211763
0.141132	0.02077904	0.003266453
0.003264114	0.01104841
0.0006123977
0.003854475	0.00832577
0.009832205	0.05614783
0.01137353	0.009947033
0.02763192
0.003783885	0.01193276
0.02014157	0.0255653	0.002889392	0.01177696
0.02360746	0.002403135
0.01050202	0.1139571	0.01614368
0.02494637	0.00381046	0.01083605	0.05290057	0.01477148
0.01350875	0.006098223	0.1209072	0.2188673
0.001971027	0.01669207	0.01007909
0.005456791	0.01454866
0.00580899	0.03309914	0.007900741	0.002280337
0.03484872	0.008580337	0.0546057	0.03025573
0.008564389	0.002580458	0.01304553	0.06746218	0.00553067	0.1157308
0.006755839	0.000540318
0.003570087	0.01637917
0.01394739	0.01120546	0.005530939	0.02759752
0.03882744	0.004661145	0.004584458	0.001810342
0.002460236	0.003771449	0.0363245	0.00400061
0.0252152	0.02181743	0.0009892774
0.02642509	0.01802908
0.006213734	0.05948857	0.01248583
0.01179664	0.0355629	0.1002617	0.001862105
0.003683788	0.0008680871
0.01673793	0.007630705	0.001766905	0.004319635
0.00344182	0.004863723	0.005012475	0.01540346	0.004065947	0.008564296	0.02022349	0.005787155
0.005276868	0.001492208
0.003714665	0.005746912	0.006400713	0.01858973
0.01240028	0.002949667
0.001467601	0.02228504	0.05805205
0.003247866	0.05601104	0.03088121	0.01123177	0.0008840198	0.01099736
0.00011375
0.04497312	0.005755967	0.004048678
0.0141422
0.05247257	0.01088297
0.02031873	0.04210303	0.02175083	0.01787121	0.01006869
0.01228805	0.00202599	0.001110296
0.07008238	0.03036316	0.03661884
0.003549626	0.0003349726	0.01182973
0.02076429	0.008230358	0.008456657	0.006268769
0.002250931	0.03614504
0.005746383	0.006516848
0.03726068	0.004919093	0.004590528	0.007452051	0.1705864	0.02068139
0.008434911	0.01200365	0.00639418
0.005254671	0.02947481
0.02079974	0.003398183	0.03892256
0.004274286
0.001761321	0.001053157	0.01198657
0.02515598
0.01651826	0.04845343	0.05363673	0.08607856	0.0004894275	0.007504652
0.02356391	0.03463257	0.05097492	0.01931857	0.001266153	0.007727498	0.007951363	0.02263617
0.0168713	0.002020097
0.002987931	0.06974045	0.002292867	0.04682682
0.001908524	0.01846827	0.01039144
0.01158495
0.003272646	0.01029165
0.01439067	0.02325301	0.006456237	0.01077115
0.05701459	0.00617525	0.004106945	0.003258607
0.004211027	0.00867226
0.008965319	0.04945922	0.01052176
0.005649291
0.0133866	0.004123335
0.001404714
0.1502494	0.002022918	0.01871896	0.01137364
0.0127516	0.0194052	0.01446112
0.02735805	0.0187119	0.005511025	0.001493253	0.008277109	0.02917277
0.01423725	0.0006641614
0.009367643	0.001517519	0.01060039
0.002149689	0.05251001	0.0004113133	0.01071046
0.05378285	0.004299106	0.1687843
0.007391978	0.01262988	0.004337386	0.02169307	0.02519517
0.004415836	0.01320306
0.07223185	0.003262112	0.005492209
0.01342997	0.01131757
0.08829652	0.008913283	0.006541029
0.0400645	0.008564566
0.01689427	0.00701381	0.01480504	0.003868886
0.01003553	0.003714265	0.004215343	0.001043821
