MassExtinctionTimes
18.17697
17.95577
17.3583
18.18198
18.28193
17.60285
17.04795
18.42004	9.343485
18.22674	9.898998
18.13657	11.4939
18.2561







18.37453
18.43582
18.14166
17.33728
18.13105	14.74827
17.8517	9.657254
18.42148
17.62456
17.05264
13.9663
18.30793
18.42271
18.07142


18.24019
17.91765
17.72557
18.32689	9.724895
18.41514	16.92921	0.3857365
16.17688	18.48647
18.33066
16.99241
18.3108
18.45586	0.5600023
18.2324
17.40023	17.13258
18.19792
17.10755
16.57565
18.23301
17.48937
18.47582	1.092147
18.12132	9.044571
18.45919
18.4343
15.70145




17.26445



0.1530848

17.14504
18.33547
18.36888
18.33456
18.38969	11.56848
17.98327	9.502989
18.45238	10.773
18.02461	11.56362
18.21174	7.251331
17.34401	8.677272
18.30685	9.916611
17.26643	0.1504419
18.31008
18.00444
18.39962
18.39694
18.03998
18.46551
16.7717	0.2336278
17.32148
18.32829
17.40406
18.30064
17.77474
16.99155	9.06718
17.232
18.45665
18.24264
18.32486
18.3886	10.83486
18.41477	9.204788	0.1906558
18.67032





17.75759	10.08788	1.148378
18.41918
18.35042
18.19059
18.28227





18.26869
17.95278	0.3546356










18.13952
16.96631	0.4617035
18.48805
17.00521
18.45989
18.30076	0.4214037
17.26473
18.34956
18.36861	0.07683587
17.73629
18.22988
18.03881
16.64144	0.1881616
17.00667
18.00069
17.28134	0.3761943
15.08613
16.86775
18.1546
17.91732
17.76682

18.19911
17.29573
18.42015
17.86421	8.618042
18.28277
18.28809
17.91697
16.95293
18.01356
18.37
15.20183
18.2362	8.154969
15.65977	9.575032
18.13527	9.037682
17.76731
18.12295
15.54534
0.1683603
9.217015
1.776116	8.074963


17.81076	3.357663
17.79163
18.19508
18.45849	10.37989
17.90555	11.76003
18.12197
17.11146
18.20756	10.83846
17.14996	9.718683
17.75746
15.4841



0.5441512	0.4303982


17.98582
18.43368
18.45409
18.29735
18.19469	9.021275
18.36	11.54297
17.05379
18.23014
18.32028
18.08464



18.33517
18.07546
18.32095	0.4610645
18.07809
17.11134	0.6143059
18.25912
18.37191
17.28224
17.30455
18.48523
18.46274	9.456651
18.26721	12.57202
17.97059	9.170133
18.50425
18.26144	0.295086
18.37096	9.835306
18.45813
17.35239	8.734029
17.76283	8.860355
18.43001
16.4096
18.13231	9.716108
18.12214	9.90256
18.35694	11.57489
18.12911
18.48252
18.21773	11.27383
16.99733
18.21677
18.40455
17.34976	0.6266583
18.32616
17.94671
18.06639
18.11715	9.86641
18.3369	10.07465
17.83624	11.38992
18.27012	11.70006
18.42064
18.19533
17.98353
18.42565
17.27109
17.00041
18.38019	8.925062
18.41629	15.52233
18.28343	12.45763
18.10825	9.802462
18.50003	9.085336
18.33105












18.42305	0.3991869
18.25076
18.15135
18.38373
18.48084
18.29024
18.3846
18.07895
15.24336
15.63001	0.2563229
17.0972



18.41952
14.33682
0.1337128

18.3857




17.51022

18.40217
16.98973
17.24529
18.39879	0.4767668
18.11758
18.44132
18.24495	11.02527
17.34006
18.0578
16.20939
18.22095
15.69245
18.42917
17.02999
18.45266	0.5594741
18.39056
18.39507
18.18909	9.215842
16.91616	11.41399
16.97494
16.82368
18.37933
18.39367
17.09206
17.92323
18.48285
18.46546
18.4666
17.43787
17.7142
17.24227
16.64513	0.4088717	1.283723
17.03806
17.85933
18.48924
18.16975
18.40563
18.31951

18.27913
17.35132
16.5863
18.18968
2.798326

18.19638
17.26491	7.719606
18.17694
16.35166
18.32423
18.39264	15.29718
18.17386	8.743948
16.51131	0.072664
18.46913
18.1785	0.1095198
18.42419
18.41733
16.9949	4.188326

15.80727
18.18425
11.53544
17.8845
18.37715
17.35484
18.44509
17.35008	10.86355	6.624268
17.17464
17.20606
18.37867




14.64279
18.60888

17.68686	9.566829
18.27525	11.47243
18.34098	11.25103
17.12755
18.24282
18.3505
18.33857
17.19409	11.78126
17.34509




17.2393
18.02772
16.71203	8.433115
18.42578
18.1895
18.41608	9.784078
16.95373	9.395463
17.08717
18.48603	9.178644
18.43462	10.92112
18.20322	9.942036
18.1965	10.90736
18.36981	11.53208
17.30995	9.512738
18.39801	9.124539
17.6346	9.812604
18.42612	8.948877
17.14133
17.25346
18.19964
18.23045
16.58685
18.30541
18.06816
16.8584
18.41124
18.3039
18.39565
18.21355
18.40128

18.1044
17.82486
17.81202	0.2931705
18.34179
18.48356
15.60596
12.61659
18.31494	9.947767	0.3006757
15.7043	18.33204
18.21583	10.18794
18.39643	9.490101
18.45417	11.28548
18.4513	11.73163	0.2870013
16.86014	11.11981
15.36946	18.68025
17.29344
17.61799
16.88955
14.96147
18.21845
17.34188
18.38301
18.46782
18.30379	0.2068919	8.131478
18.36598	7.248371
17.52724
18.4844	8.907725	0.6238832
17.32485	9.263313
18.26204
18.45774	9.692092
18.02947
15.33431
18.34898
18.27
18.35424
18.36497
18.36963
18.24723
17.09839
15.60493
17.98029
18.29693
18.42617
18.20631
18.66875
16.56884
18.28864
18.3665
17.15065	9.582617
17.12244
15.33718
17.93186
17.99279
15.68603
18.46874
18.39814	9.374711

18.38933
18.19048
11.74152


1.261718
18.41314

16.74606
18.44856	0.5733469
15.38565	0.5712593
17.26715

17.85933
18.39774
18.40251
18.3358
18.43577
18.16403
17.78382
18.36755
18.4534
18.36282
18.253
18.45872
18.33158
18.31531	7.617901
17.96299	9.038267	0.5632085
18.25489	11.26485
18.37622	9.934323
17.0761	11.62236
18.32766	9.035103
18.48592	12.56744
18.3821

18.4202
15.50374
18.01051	9.873944
16.72679	12.09494
17.06158	9.237822
15.48635
17.11146








17.25859
18.30497
18.36234
18.44621
18.38525
18.45497
18.03905
17.16793
18.47706


0.1150522


18.41822

18.42367
16.64915
17.19499
18.44164
17.94079
17.27452
18.27592
18.31742	9.34551
18.39122
16.88109	8.73312
18.36777	9.90369
17.26369	0.9434512
18.37424	11.70109	0.2554177
17.34146
18.46227	11.31366
15.73477
16.07034
18.39423
18.01707
18.41879
18.4441
18.23426
17.98543	9.451819
17.22067
18.41435
18.46402	15.25409
18.27955	14.49188
18.48706	15.58789
18.45607	9.264412
18.00987	8.228995
16.98661	11.53012
18.36444




18.3281	9.658452
18.26609
18.37828
18.1294

17.24357
18.43977	11.65429
18.47469





18.29656



16.62574




18.44811	0.2885951
17.30098
17.71494	9.969642
17.2448
18.3923
18.42116
17.2596
18.45503
15.48343
18.43369
17.3304
17.27152	11.69924
18.4893	8.303138
18.24144	10.34461
18.24222	11.48589
17.91613	9.812112
17.95845	10.79469
17.32974
18.0644	11.77051
15.42274	8.731536
18.45169	9.571775
18.417
18.42063
17.19873
18.23502
18.2716
15.79289
17.07841
16.97941
18.3548
18.23677
15.5849
18.07683
18.23725
17.24645
16.51496

11.73944




17.34959
18.23843
18.02054
17.32868
18.47825
18.22765	10.4636
18.36576
15.54246
17.31337	10.55552
18.28704
18.14899	9.084306
11.85634
18.34084
18.02428
18.20641
15.80626
17.67905
18.29867	0.7958714
18.39175
18.16807
18.19608
17.04583
18.44945	8.588884
18.38191	9.906269
18.41995	11.72909
18.41684
18.01742	1.494199
18.41392
18.48085
18.38758	9.889022
18.37958
18.40282
17.71139




17.20997
18.2457
18.12803
17.17946
18.3165
18.20913
18.46363
18.48348
18.02036
18.28001
16.90362
17.74448
17.86243
18.3117
17.58649

18.40709
18.41823
0.2719976
17.83571
17.25603
18.38308
18.41173
17.19816
17.27633
17.20625
17.47376
18.43646
18.37479	3.784687
18.37362
18.48419	9.554762
17.92661	9.845587
18.10583
18.41275
18.02694	9.01762
17.55355
17.31831	0.2239474
18.37673

15.17704
17.32665
18.34324
18.46657
18.41065
18.18061
18.4502
17.88383




13.84125
17.83268	1.207336
17.75571
16.80925
17.2987
18.25084
15.74063
18.46351	11.29383
18.09329	11.54219
18.28772	10.13077
18.21636
15.65426
18.47687	0.07528286
17.32817	0.5498977
16.98242
18.3072
18.2575	14.15036
18.34045
18.01118
18.23688


11.27052	17.28973
18.38046




11.44141


18.24857
15.62587
18.47717	0.5795441
16.8208
18.30925	0.1826493
18.21812
18.15804
18.4028
15.68266
18.38423
9.611669


17.3287
17.33669
18.1216
17.18933
18.3411
18.30182
18.33071
17.94974
18.30201
18.3484
17.69359
17.93779
18.50047
17.98556
18.4583
18.39344
17.99014
16.93454
18.38538
18.38027
18.43973
9.078917
9.80851
9.621732	17.6429


10.79657
0.6193738
16.40214	8.257496
18.26162	10.83151
17.21535	8.437924




17.48062
17.33472
18.33459
18.36768
18.40423
18.38812
15.17253







0.330354

0.3030254

18.47289
17.31127
18.04948
18.2208
18.10043
18.30015
17.86453
16.95384
16.91342
17.2797
18.02058
18.36915
17.2843
18.28911	9.417952
18.37464	9.424522
18.44414	11.10495
18.486	7.898003
18.39908	11.64505
17.92054	14.80691	0.01727724
18.48836	11.35232
17.81326
18.35626
17.98713

15.60955
18.33193	14.43719
18.39823	9.542738
17.25123

15.42136
18.02654
18.03049
18.12006
18.17272
18.08865
18.25789
18.37263




18.45146
17.11136
18.47089
18.37092
18.07957
18.11309
18.41637
18.43449
16.71552
17.18819
18.47969






18.37643
18.42537	0.3299275
18.22285
9.48919

15.75062	0.02672541
17.29763
18.1005
18.38772
18.46411	11.67826	0.2546
18.39783
15.49332
0.4887281

0.5718048
17.30638	0.437339	0.5048584


0.1778899
17.33228
17.97529
16.47142
15.74533
18.22572
18.452	14.23936
17.07367	8.811473
18.48588	11.62066
17.69171
18.40483
17.46357
17.24942
18.23145
16.85774	9.349259
18.24685
17.03879
15.62259
17.07608
16.62605
17.32193
17.28578	8.679551



16.24757
18.15012
18.41272	15.46679	0.3492342
18.41663	14.20487
17.25506


18.48355	9.120471
17.31695
18.48286
16.83583	9.899158
18.0145	11.94099
18.14681	11.29991
17.29369	8.633892
18.23457	9.172321
18.34208
18.47474	14.63935
18.00434
16.92336	9.406152
16.68098
18.38782	9.849216
18.43996	11.6839
18.19474	10.69267
17.18414	10.83034
17.23209	10.57658
16.8791
18.42776
17.84841
18.47591
18.23025
18.34265
18.4638
18.47923
18.37476
17.28979	9.657485
18.37573
18.44768
16.97997
18.41637	1.508978
18.47706	7.128771
18.31124
15.45873
18.45987
16.11843
18.41747
17.32349

17.99908	2.950674
18.1882
17.34757
17.12464
18.14719
17.81185
18.3162
18.2987
17.73966
17.9324
15.71216
18.39143
17.34797
15.1698
17.77627
17.67419
17.95016	1.571193
18.1954	11.58089	0.1159396
18.1849	8.506943
17.81767
18.38702
18.46394	0.3366496
9.773096
18.23065
18.2898
15.15903
16.90683
18.40221
18.28563
18.35371
18.41668
18.47453
18.0058
17.1752
17.31091
18.39161
18.50582
18.31351
18.45847
0.5724045
17.56906
18.46116
17.03112
18.41196
18.48019
17.16786
18.45166
17.96708
18.37193	14.06895
18.32026	11.25564
18.43996	9.899922
18.28047	17.22492
18.21767	9.690995
18.09427
17.31558	11.02552
18.38541
18.30778
17.06481
18.42493




12.09149
17.24975
18.45747	0.9627672
17.20387
18.16247
18.4745
18.26049	11.58868
18.13139	9.112437	0.3909896
16.62455
16.97123
18.25744	11.04827
17.81853	6.351964
18.43247	15.21768
16.43592	0.5169064
18.4329	0.5419323
18.2065
18.10443

10.79444



14.93133



9.950079

18.06617
18.48289
18.02788
18.38177





18.00034

18.38607
17.14962
15.90755
18.14437	9.262607
17.51802	10.82077
17.95636	10.5398
17.11732	14.14426
18.15916
16.90774
18.46803
18.05454
18.39255	0.6417029
18.41748
18.35398
18.10126
18.0589	9.966924
18.4037
17.18384
18.45595	9.703893
18.14801	8.637381
18.26281
17.64788
16.95785
18.30611
18.48354
16.84045
18.26891	0.3292517
18.40541
16.98083
18.44317
18.30008
16.43396
18.41348
17.33137
18.45502
18.45914
17.19172
18.46317
18.23863
18.46195
18.1041



17.20833


18.46307	0.3105418
17.02529
18.17886	12.42679
18.29983	11.48645
18.26237	11.69184
17.97273	12.61033
16.98329
18.0462
16.26827
18.19229
18.44999
17.33384
8.761187
0.03102502


17.32349
19.02841	9.053515
17.32082	9.175387
18.22615
17.28006
17.06184
14.99317
18.4446
16.80866



18.48942
15.77312

14.98412
18.36258
18.35273	0.3128592
18.36893
18.35802
17.71759

15.41915
18.46378

17.06869
18.80913
17.22168
17.99251	0.2883391
18.37329
17.72706	0.5836195	10.75316
18.05485	15.75084
16.75531
18.43141	9.101928
18.26093	8.844382
18.38169	1.946905
18.33375
18.17538	9.773914
16.97781	18.36609
18.45368	10.79457
18.05064
18.25669	8.574393
18.39439	11.43359
17.14267	0.1284465
18.17599
18.31965	11.34862
17.4496

16.90293
18.16969
18.43987


18.16947	8.853331
18.38761	8.702304
18.33874
17.24807
18.16045
18.45421



18.09045
18.4332
18.45069
18.23844	10.39909
18.12474
17.48831
15.80747
17.87794





17.1896
18.44472
18.00187
18.19634	9.271228
18.10581
18.45342
17.53074	9.856557
18.39291	9.425945
18.46157
18.41676	9.76257
18.44097	14.87805
17.33661	8.676089
18.15581
18.12774	12.12566
17.22424
18.29726	10.48933
17.66416	9.822708	0.1103923	0.3350492
17.29976
18.21885
18.18839
17.34898
18.33215
18.48105
18.20533

18.2286
18.24214
18.44578	9.664721
18.47033	8.34608
17.27037
18.46222
17.63558
18.2943
17.352
17.90141
18.0247
18.06715	15.41608
18.10245
17.10696
18.40053
18.4726
18.4581
18.10061	10.06351
18.39235	9.769052
15.22186
16.35771
17.03173
17.7162	0.1807904
17.80769
18.15296
18.51064	12.52629
18.3695
17.86488	11.33091
18.34676
17.93784	15.47765
17.96154	9.773685
18.24687
18.16966
18.00628
18.30733
18.12471
18.46229
17.76588
18.27136
18.24617	0.2644293
18.14266
18.41396
17.20465
16.99799	0.2977818
18.42508
16.61159
18.40113
15.42759
15.15168
18.26094	0.3958296
18.33651	8.497494
17.00507
18.38462	8.883934
16.98174
17.32868
18.48867





17.65148
18.29567
18.331
17.54025
16.90926
18.37847

17.92194	9.940236
18.30972	0.2932193
18.39513	0.2692051
18.2419
18.3632
18.10296
18.44001


0.4934993

18.35674
18.48057
18.16239
18.45884
17.25033
18.36254
18.1675


11.7427
17.64966
18.02265
18.1397	0.4091333
18.44829
18.18212
17.95808
18.1372
17.97498
18.18827
18.45988	0.5553077
18.15742
17.01544	11.69224
17.61517
15.78467
18.15377
18.26821	9.384191
18.30921	0.384568
17.12783	8.476602
14.87842	18.4198	0.1426679
15.71688
17.77902	0.8068213	8.875274
17.1987
18.20808
18.34304
17.11612
17.59088
18.47673
18.44756	12.23788
18.27314	9.58769
18.35821
18.45065	15.73766	0.2995194
18.35112	15.7498
18.27577

18.48178
14.5949
17.29116
18.48103
17.34335
18.32371
17.94951
17.70647
17.2309
16.94558	11.61949
18.27729	11.55014
16.98236	9.909162	0.008313173
18.4681	11.56508
18.32652	11.19888
18.0711
18.17651	9.895757
18.39756	7.943121
17.32784	8.848576
18.44467
16.38454
17.44472	9.520909
18.45977
17.23584	9.905857
18.45731	11.7375
18.33598
18.46962
18.48182
18.48637
18.45566	9.903585
16.93722	11.22287
17.54391	11.74819
18.34974	9.522475	0.05398481
18.33101	9.138071
17.24364

18.42575
18.44107	15.60871
18.4081
18.46612
15.3041
18.20878
17.25198
17.98506
17.04912	0.3383405
18.47993
18.28152	9.087766
17.20641
17.32436
18.26437
18.31726	0.06966322
18.41797
15.08845

18.10004
18.21286	0.1788947

17.97376
17.31781
16.80792
18.40827
18.4369
17.81513
18.44582
17.34757
18.35951
17.18993
18.40405	9.355167
18.12328	9.177498
18.23936	10.51831
18.43697
18.37894	14.22457
18.50722	7.102051
18.17488	11.25031
17.15864
16.80936	0.02018039
17.33913
18.42302
17.94202
17.99902
18.15267	9.624657
18.46746
18.44696
17.60982


18.36272
18.47099
18.14189
18.2746
18.2767
18.48579
17.34933
18.13664
18.07218
18.42161
18.2835
18.29723
17.21122
17.91763	15.20638
17.23737
18.20076
15.21625


0.481174





18.33479
18.29489
17.30042
16.63428
18.0731
17.71041

16.42724



18.28305
18.22754
16.99713
18.3815
17.25724
18.41401
18.28747
17.09668
18.01665
18.14577
15.64486	0.07523944
18.47627	0.129999
18.48157
16.83736
18.33092	9.896115
18.2849	8.686855
17.13851
18.20717	9.86247
18.3764	8.80157
18.34981
18.48936
18.15129
18.21264
16.76586	0.5349569
18.4482
18.43379
18.01794	9.360236
18.23567	9.923429
18.50989	9.704187
18.39641	9.929761
18.44918	15.50442	0.1400831
16.96114	12.25775
17.77474	9.84978
18.23205	9.627131
18.41619	9.969011
18.32559	12.03706
18.48724	9.47306
17.9647
18.41007
17.9045
18.39801
17.10666
18.42404	0.5937156
17.09937	11.58809
18.23072
17.49294
18.46388
15.12962
17.1437


15.55245
17.31592
18.4765
18.15871	0.5523473
18.40137	11.67115
18.48499	8.143326
18.29513	9.277561
18.393	9.609108
15.78496
17.76088

18.38684


17.25068
18.10736
18.47637
17.278

16.98673
18.4057
18.48124	11.77319
18.41789	10.02773
18.39766	9.862326
17.1265	11.54487
18.09749	9.96622
18.52119	9.799215
18.12666	9.777675
18.45421	11.63501
16.75052	9.312775
16.94578	11.51813
18.31939
16.7389	0.2399758
17.26542
18.34321
18.4285


18.15915
0.1890466

18.41993
18.09913	11.29303
17.83412	9.867129
18.22333
18.24788
18.47492
18.33205
18.40449	15.59015
18.46748	12.66218
18.31059
18.44272
18.04771
16.63514
17.08
18.25635
18.27243
17.33553
18.42284
17.97231
18.40573
18.93808
18.17254
18.18793
18.37913
17.05942
18.40096
18.39869
18.45719
18.30563	9.383149	0.48991
18.48419	9.763058
18.22308	8.882178	1.384737
18.4486
17.31332
18.28341
18.37172
16.4169
18.51775
18.06677
17.26474	9.853785
17.20129	11.71308
18.09591	9.720086
18.38874	0.166054
18.36931
18.21409
17.24314
18.36732
18.44978
18.47415
16.80832
14.37036	0.3279354
18.41859	9.503592
18.42345	9.360335
17.35338
17.3459	8.849407
18.48637	9.678506	0.03979239
15.68322
18.31525
18.48691	14.69624
18.48814	15.55275
18.36098
17.77936
18.37188
18.2669
18.46006
18.23329

0.2098483
16.90543
18.24378
18.36128
18.44549

17.29572

18.39554
18.3232	0.2883924
18.08988
18.50908	0.09761941


16.64901
17.13498




17.75289
17.35681
18.41961
16.96225
17.90586
17.82341
18.12811
18.21258
18.34781
18.38588
18.07114
17.23292
17.08344
18.38038
18.35988
18.50067
18.19375	9.626019
17.87144	15.40463	0.1294768
17.15529	9.896409
18.47695	9.437813
18.41059
15.4606
18.38572	9.92129
18.15248	10.63751
18.36104	11.74084
18.45001
18.44614
18.05119
18.18479

17.23726
17.22843
18.48339
18.47933
18.43404	10.9212
18.48194	15.67525
18.48505
17.23563
18.04833
18.4645
15.77544
16.76676

17.2561
17.09765
18.18613
18.24896
17.35799
18.11206
18.18982
18.38439
18.34361
16.15406
18.44424
18.47893	0.2638212
18.35044
18.40802
18.16984
17.35629
18.36954
18.19009
18.0968
18.46344
18.35652
18.1724
16.98804
18.0095
18.25474
18.37495
18.39699
16.14155
15.54263


16.95894
16.35019	0.3292045
18.32517
16.77045
16.08896	0.2958546
17.19887	15.74094
18.49951	15.72489
15.28577
18.482	10.2934
18.11087
18.43135
18.36823
18.33612
18.30992
18.20472
18.35915	11.36896
17.35761
17.60014
18.48379
18.30946	0.2147448
17.22688
18.38923	9.207035
18.21562
18.31338
18.24455
18.35199
18.52392
17.16889	14.94306
18.39122
18.32545
18.45886
18.00127
18.34689
17.91192
18.11356
18.46428
18.26639
18.30369
18.57673
18.36339
18.30012


15.66049
18.35488



18.30804
15.8552
18.15287
16.75555
17.96801
18.27638
17.96345
17.13618
18.47607
17.35531
18.02498	0.1914796
18.37628
18.36503
18.23676
17.95605
18.40591
17.87129	0.5357714
17.57778
18.34102
18.20677
18.43379
18.3601
18.4533
18.42701


10.4691





9.547789
17.30124
18.31333
16.33554
17.52579
18.38272
18.36703
18.1045
18.38934	10.70408
18.18044
18.22583
18.39357
17.72844
17.28318
18.45227
18.42712
17.95159
17.25414	0.4809749



18.47435
18.49646
18.28811
18.46969
18.42907	9.735785
14.92858
9.895431
9.968153

17.94143
18.48163
18.48221	14.58163
17.30114	9.960064
17.8418	0.6270019
16.98504
18.07196	15.44688
18.09244
18.4039
18.42254
18.23868	15.60726
17.63851
17.18154	0.04539013	8.041647
18.33848
18.37981
17.19734

1.030609


18.49455	9.349696
17.20981

9.535654	18.32142
18.08089
17.68853
18.32185
18.2694	0.5061692
18.09018	11.76537
18.07583	12.57322
16.59219
18.42512
18.38979	0.1894197
18.28111
18.28328
16.36942
15.70702
18.34798	11.48416
17.75709	10.58402
17.96661
18.42354	11.4386	0.3376324
18.48049	11.33876
16.89574	12.44942
18.45629	13.63261	0.6318119
18.4558	9.901963
15.02119	18.71414
17.63099
17.25537
18.34591	8.483141
18.21258
17.51815

17.87712
17.945
17.44193
17.16002
16.90307	10.55919
15.5594
17.31491	10.95371
18.10069



18.34299
18.36955
18.48284
17.17381


16.98448
15.44748
18.22795
18.08712
17.07966
16.70129
17.26918
16.95653
17.64207
17.9787




8.993065






0.2080673

18.46996
17.17037
18.47995	8.697501
18.12125
18.15658
15.73082
18.44197
18.35113
18.37305
18.4906
18.41933
17.00455
18.2099	10.38615
17.24906
18.46811	0.4264514	9.045037
17.32077	10.61065
18.33833	15.28083
18.17506
18.4436	0.1713734
16.95229
18.42509
17.05924
17.42024
17.28202
18.45682
18.28358
18.30466
17.69089
16.86787
18.22401	11.02162
17.29294
17.76001
18.30455
16.86817
18.11737
15.44758
18.19391	8.949392
17.04011
18.19773	9.285186
17.31742
17.41843	1.356787
18.4735	13.49154
18.34823
16.02795
16.9554
18.45836
18.36788	9.780772	0.4469316
18.14307
18.19451
17.78159
17.89487
18.16626
18.29424
18.38461






18.06325
16.58759
18.14258
17.32695
18.43147
18.39301
18.45952
18.33537
17.33413

18.30053	8.245805
16.80542
18.13438
17.3536
15.70236
18.31968	1.44747


18.35301
17.30716	0.06288756
17.26722
18.44534
17.11566
18.25265
17.53517
18.21771
18.34276
18.37595
18.41645	7.816336
18.45373	8.917336
18.44946
17.97822	12.56454
18.43782
18.30098
17.13717
18.24459
18.23195
18.42013
18.27797

18.56053
18.41453

17.16786
18.28801	0.2109306
18.48683
18.23343	10.60526
18.35844	0.5714238
18.46408
14.63336
17.04877

18.45913
18.33
16.91029
18.29091
17.82986
17.11878
18.40278	2.827811
18.43439
17.72965
18.17231
16.36403
18.37584
16.90873
