Iteration	posterior	NumSpeciation	numExtinction	numMassExtinctions 
100	-211.856658574391	4	4	1
200	-220.324213582311	7	3	1
300	-218.248756373996	7	1	1
400	-222.852979944825	4	4	1
500	-216.134777312166	4	2	1
600	-229.320574695748	5	4	1
700	-229.785424673602	7	2	1
800	-211.782796285027	3	1	2
900	-211.37837478515	4	1	2
1000	-222.888026420632	3	4	2
1100	-209.658319296077	4	3	1
1200	-224.484128460849	6	3	0
1300	-217.547287070549	4	2	0
1400	-222.901359609936	5	4	0
1500	-221.701523231856	5	3	0
1600	-216.133819100436	4	3	0
1700	-222.307874806125	4	5	0
1800	-231.642859738486	4	5	0
1900	-223.482092583641	5	6	1
2000	-217.962303240004	6	3	1
2100	-216.176837220635	7	2	1
2200	-222.738859241482	5	4	1
2300	-218.463061447304	6	4	2
2400	-222.315100457233	2	3	2
2500	-215.12786415526	5	5	1
2600	-230.641314634207	7	3	1
2700	-216.662138046874	6	4	1
2800	-220.135469566088	5	3	1
2900	-215.351043159187	5	5	1
3000	-218.456845429445	6	4	1
3100	-215.037067299488	6	3	1
3200	-214.579421421909	5	2	0
3300	-215.053483693305	5	4	0
3400	-217.628354683125	5	5	1
3500	-215.993493325418	4	6	1
3600	-216.705714417739	5	2	1
3700	-205.512361972801	3	2	2
3800	-215.088013631352	5	3	3
3900	-213.45996261489	4	3	2
4000	-215.510226171502	6	3	1
4100	-214.226115924626	4	2	1
4200	-215.600811448656	5	1	1
4300	-214.619246317395	4	5	2
4400	-218.999811009266	6	3	1
4500	-219.540005980857	4	2	2
4600	-225.354486495002	6	1	1
4700	-218.566022663876	5	6	1
4800	-224.848377855165	8	3	1
4900	-221.520231849877	8	3	1
5000	-226.822743362857	5	7	1
5100	-227.150594709828	3	4	2
5200	-210.971667657614	3	2	2
5300	-214.270064178599	5	2	1
5400	-223.872651528746	7	2	1
5500	-219.945956055376	6	2	1
5600	-223.4463932265	8	4	0
5700	-221.659858540595	4	5	0
5800	-214.888035451052	4	7	0
5900	-211.123203638616	4	7	0
6000	-211.662140834165	4	1	1
6100	-232.711189010859	10	1	0
6200	-216.927986123742	4	5	0
6300	-216.702124006061	6	6	0
6400	-222.509015082822	6	3	1
6500	-224.898527254161	7	2	0
6600	-214.37728659779	4	3	1
6700	-219.724426055262	5	3	1
6800	-218.498112087071	5	4	1
6900	-216.749104970228	5	5	1
7000	-210.801979522589	3	3	2
7100	-207.588646304551	3	2	2
7200	-208.035423149161	3	3	2
7300	-216.92505049905	3	4	2
7400	-210.009913350566	3	2	2
7500	-218.797773037808	4	3	2
7600	-204.663534531407	3	4	2
7700	-211.965434288417	3	2	2
7800	-214.101638651022	5	3	1
7900	-212.970002918437	4	3	1
8000	-211.702541704074	5	4	1
8100	-230.533331031609	8	3	1
8200	-208.137493213612	4	2	1
8300	-214.164974213577	5	2	1
8400	-217.638324382839	7	1	2
8500	-212.142080598846	6	3	1
8600	-210.560226262696	4	1	1
8700	-228.521886012254	8	2	1
8800	-214.748906352173	5	4	1
8900	-222.322543409529	7	2	1
9000	-210.851751690537	3	1	2
9100	-210.258161828529	4	2	1
9200	-218.149329688471	6	5	1
9300	-216.105633548733	6	2	1
9400	-213.884164361376	4	3	1
9500	-219.443955697331	3	4	2
9600	-210.638558494233	2	3	3
9700	-223.691796721553	4	3	1
9800	-223.345087220924	6	4	0
9900	-218.251900219367	5	5	0
10000	-221.04088918971	6	3	0
10100	-224.603833328752	6	2	0
10200	-225.001895868342	4	3	0
10300	-218.315573166439	2	3	3
10400	-219.917485788151	3	4	1
10500	-225.64188846621	6	3	1
10600	-216.713969949413	3	3	1
10700	-215.208380933645	4	2	1
10800	-219.417867949343	5	4	0
10900	-216.811302987212	4	4	0
11000	-210.869366313666	5	2	0
11100	-219.468473606096	6	4	0
11200	-220.448491749891	6	5	0
11300	-214.2366041904	4	3	1
11400	-221.274293360009	5	3	2
11500	-230.564413692962	6	5	0
11600	-223.357626599219	6	4	0
11700	-235.518164464151	7	3	0
11800	-229.761573279304	7	4	0
11900	-215.46898897761	7	1	0
12000	-223.416261605423	5	4	0
12100	-223.47626838509	7	4	0
12200	-216.148045369401	5	3	0
12300	-226.376452576732	5	5	0
12400	-210.32744051361	5	3	0
12500	-215.916876086994	5	1	1
12600	-222.248488839533	4	1	2
12700	-219.294777436699	3	3	1
12800	-224.352597121532	7	4	1
12900	-219.266481453729	6	3	1
13000	-210.769229503405	4	2	2
13100	-212.075280113484	5	4	1
13200	-208.202331073848	4	2	1
13300	-218.641787349129	7	2	2
13400	-220.922194898884	6	6	1
13500	-212.860808642358	4	4	1
13600	-213.584146339974	5	2	1
13700	-219.427021048685	4	2	2
13800	-212.769471813534	3	3	1
13900	-214.743423587367	3	2	1
14000	-216.341560742936	5	3	2
14100	-220.104872191588	7	1	1
14200	-215.880922528847	5	4	1
14300	-216.555973527807	5	2	1
14400	-228.023544636884	9	5	1
14500	-224.182939437148	5	5	1
14600	-222.422238181534	4	2	0
14700	-217.290985365758	6	1	1
14800	-219.012274675812	6	4	1
14900	-223.840090149794	8	3	1
15000	-222.890762421481	6	1	2
15100	-219.202411614104	6	2	1
15200	-224.186985862835	7	2	1
15300	-225.623229755744	8	3	1
15400	-215.86228350838	5	3	1
15500	-219.86681985094	6	3	1
15600	-211.816577333825	3	2	1
15700	-219.756394378707	5	1	1
15800	-212.466490455531	3	2	2
15900	-215.586711827515	3	2	2
16000	-212.017957417709	4	3	2
16100	-218.606061316772	4	5	1
16200	-216.363260822425	4	2	1
16300	-226.82460469421	4	3	1
16400	-223.76373190982	4	3	1
16500	-232.624750124472	6	3	1
16600	-230.260224582577	5	2	2
16700	-221.410288533444	4	4	0
16800	-219.278287588509	4	4	0
16900	-221.700246749509	4	3	2
17000	-217.413738987144	3	4	1
17100	-224.118318772768	5	2	1
17200	-216.801992663887	2	1	2
17300	-213.106277345009	3	4	2
17400	-227.853618007684	2	7	1
17500	-213.433256128004	2	3	1
17600	-225.8410939564	4	5	2
17700	-215.200723017455	3	4	2
17800	-217.736035802677	4	3	1
17900	-229.971334894433	7	4	1
18000	-230.203047595803	5	4	0
18100	-218.657546837963	3	3	0
18200	-224.134960894983	5	2	0
18300	-221.741442299287	6	4	2
18400	-214.627461768668	5	4	0
18500	-225.826388601856	7	5	0
18600	-216.712643990661	4	5	1
18700	-222.468625768763	9	3	1
18800	-215.591650636599	6	3	1
18900	-212.517261636227	4	2	1
19000	-212.737089995698	3	3	2
19100	-212.665963881958	3	2	2
19200	-220.236299984016	5	4	1
19300	-212.910892709076	5	4	1
19400	-215.639135059391	5	1	1
19500	-213.112250974628	6	2	1
19600	-219.185410675172	6	2	0
19700	-227.349158643389	7	3	0
19800	-216.613000359364	5	1	0
19900	-216.049121167627	7	3	1
20000	-213.089784035417	5	4	1
20100	-217.77742254005	4	2	2
20200	-215.277539664759	6	3	1
20300	-212.617312940676	4	1	2
20400	-208.316973955947	4	4	1
20500	-216.670776772199	6	2	1
20600	-210.533971302132	5	4	1
20700	-224.375699454383	7	2	1
20800	-211.471421812371	3	1	1
20900	-207.422231117933	3	3	2
21000	-211.986791452008	3	6	2
21100	-213.898064022076	4	2	2
21200	-219.733120281033	4	2	1
21300	-212.568171414835	3	2	2
21400	-214.956919948333	3	4	2
21500	-210.112364538092	3	3	1
21600	-216.045171334004	4	4	2
21700	-216.312327436359	3	4	2
21800	-214.550017838599	6	2	1
21900	-222.128797345402	5	3	1
22000	-222.645313318944	6	4	2
22100	-208.770535437999	5	2	2
22200	-212.741056835438	4	2	2
22300	-216.334294312123	4	2	1
22400	-221.767503567412	4	3	1
22500	-225.391366003736	5	2	2
22600	-219.777829609446	4	2	1
22700	-218.797102022316	6	1	1
22800	-213.8237849779	5	2	1
22900	-211.600125184746	4	2	2
23000	-216.949297845483	5	5	1
23100	-221.877733396792	7	6	1
23200	-213.275512041857	4	6	1
23300	-217.836950020056	6	1	2
23400	-212.958634084936	3	4	2
23500	-210.516012117383	3	2	2
23600	-210.927322781824	4	1	2
23700	-220.620143389181	4	3	1
23800	-220.606789307396	5	4	1
23900	-210.993278651497	4	4	1
24000	-214.173581405596	4	3	1
24100	-212.365029571183	5	1	1
24200	-220.319393867688	5	1	1
24300	-224.085439776792	3	8	2
24400	-209.793053899878	3	1	2
24500	-219.099449655333	2	1	2
24600	-212.753076525853	2	1	2
24700	-217.183753013538	3	3	2
24800	-224.013092435218	4	4	1
24900	-230.801089883432	7	1	0
25000	-224.361032452608	5	1	0
25100	-224.14293797566	6	2	0
25200	-221.339931984285	5	4	0
25300	-224.672177442697	5	1	0
25400	-217.839782539632	3	2	0
25500	-219.060158658644	5	4	0
25600	-217.143683924428	5	5	0
25700	-222.253149221487	6	3	0
25800	-219.66390491706	6	2	0
25900	-226.04827555909	7	1	0
26000	-217.805089599739	5	5	0
26100	-215.217075967119	6	1	2
26200	-222.155898636163	4	2	1
26300	-216.475255522105	5	2	1
26400	-219.580575875452	7	4	1
26500	-220.523557686043	6	3	1
26600	-215.243158493865	4	4	1
26700	-219.944140902919	6	4	1
26800	-216.28711317336	6	2	1
26900	-220.012883149924	4	5	1
27000	-224.763183498439	7	4	2
27100	-223.205358850818	4	3	1
27200	-219.579618672598	6	3	0
27300	-218.61043961153	5	2	0
27400	-215.484297665786	4	2	0
27500	-213.892757336075	5	1	1
27600	-224.33440557116	7	2	1
27700	-214.369438736346	5	3	1
27800	-211.895055890456	5	1	0
27900	-212.626296614239	5	1	1
28000	-222.708898665417	5	4	0
28100	-220.706546296072	8	1	0
28200	-223.404365900149	6	3	0
28300	-217.261572682565	5	4	0
28400	-219.751729567364	7	3	1
28500	-214.8760626533	5	4	0
28600	-211.997125752498	5	2	1
28700	-222.363389896166	7	6	1
28800	-221.944233039567	7	2	1
28900	-210.525125814347	4	2	2
29000	-216.643636760914	5	1	1
29100	-215.727213724722	5	5	1
29200	-214.547163404285	4	3	2
29300	-214.880236820969	3	3	1
29400	-219.530742711979	4	2	1
29500	-216.883310080514	4	2	1
29600	-216.172351440569	7	1	1
29700	-221.331279838991	5	4	1
29800	-220.230960469777	6	1	1
29900	-212.978928308281	4	4	1
30000	-213.747525311345	5	3	2
30100	-217.43005778327	4	5	1
30200	-220.342572036939	3	3	1
30300	-224.469092277765	6	3	2
30400	-216.864513956236	5	2	2
30500	-217.101622605267	3	6	1
30600	-225.93972816907	8	5	1
30700	-218.977708877041	6	6	1
30800	-210.564275648634	4	5	1
30900	-220.061795167337	6	1	1
31000	-212.998969488542	4	2	1
31100	-224.558235872715	4	5	1
31200	-211.432031895236	4	2	1
31300	-220.996895415383	6	2	1
31400	-215.939137567533	5	4	1
31500	-215.294878487693	4	3	1
31600	-211.424112230992	4	2	1
31700	-219.17979553132	4	3	3
31800	-216.392529231369	5	2	1
31900	-226.960074559521	8	4	1
32000	-210.466605906733	5	2	1
32100	-221.558873399677	5	5	1
32200	-218.798907344973	7	4	1
32300	-211.383168301133	4	1	1
32400	-216.276030587476	5	5	0
32500	-214.449531235089	5	3	1
32600	-217.295685523446	6	4	1
32700	-223.585515204898	6	2	1
32800	-221.307423322904	7	2	1
32900	-223.671831711986	6	2	1
33000	-223.441324666973	5	6	0
33100	-221.375893424051	6	4	1
33200	-224.978890915892	7	3	2
33300	-214.105188192658	4	3	1
33400	-218.423405795644	5	1	1
33500	-213.504953236365	3	4	1
33600	-216.008962657075	4	4	2
33700	-213.58309077774	2	1	2
33800	-215.109825913895	2	3	2
33900	-219.923779179466	5	5	1
34000	-213.495530567482	3	1	2
34100	-218.512920634654	5	3	1
34200	-217.053425708754	4	2	1
34300	-221.059911815312	6	4	2
34400	-211.060152253962	5	3	0
34500	-213.956120789246	4	4	1
34600	-219.09631461095	6	3	1
34700	-225.533295578501	7	1	1
34800	-212.293551039686	4	2	1
34900	-213.264529031527	3	3	1
35000	-219.1328756323	3	1	1
35100	-224.953365820592	2	6	1
35200	-221.876203647357	2	1	3
35300	-215.345324466646	3	4	1
35400	-216.919161550807	5	1	1
35500	-219.582967540817	4	5	1
35600	-222.205524848115	7	6	0
35700	-217.156779257023	5	3	0
35800	-227.284483299809	7	3	0
35900	-215.313546149629	5	2	0
36000	-228.061273888673	6	5	1
36100	-214.115819133983	4	3	1
36200	-219.741559740589	5	3	0
36300	-223.091011536315	4	3	2
36400	-207.445117058388	3	3	2
36500	-212.336516417354	3	4	2
36600	-217.888703909691	4	2	1
36700	-211.431090449048	5	3	1
36800	-211.927708757218	5	4	1
36900	-211.908687577195	4	5	1
37000	-220.605686303459	4	5	2
37100	-219.837476161181	6	2	1
37200	-221.450364971562	4	3	0
37300	-218.171718549197	4	3	0
37400	-230.172014206407	6	5	0
37500	-233.755438073297	8	5	0
37600	-234.760028669209	9	5	1
37700	-212.461351815621	4	2	1
37800	-223.574252772944	3	4	2
37900	-218.953553338464	6	2	1
38000	-215.315578471014	5	4	1
38100	-214.652276765643	2	4	2
38200	-215.140852696001	3	3	2
38300	-215.665071413756	3	4	1
38400	-212.203192851294	4	5	2
38500	-209.402855412832	4	2	2
38600	-216.586122563123	4	5	2
38700	-216.509996623547	2	4	2
38800	-212.869451973668	3	5	2
38900	-215.587229278776	2	1	2
39000	-215.553311829231	3	5	2
39100	-209.964666314752	3	2	2
39200	-209.370914209398	3	2	2
39300	-215.034578107481	3	6	1
39400	-217.414180965879	4	2	1
39500	-223.478906120182	6	2	1
39600	-223.246465429407	4	8	1
39700	-217.141469210255	3	3	1
39800	-225.534590928341	6	5	1
39900	-219.018547363724	3	1	1
40000	-222.727807559255	3	3	1
40100	-218.556547180233	3	3	1
40200	-222.227121471143	5	1	1
40300	-219.831928281922	7	2	1
40400	-216.132844126674	5	6	1
40500	-225.691698562478	6	5	1
40600	-217.158060265912	4	2	0
40700	-220.548381945999	7	1	1
40800	-218.260248821962	5	6	1
40900	-226.476741212364	5	5	2
41000	-228.534158935857	8	4	1
41100	-212.98201084565	5	3	1
41200	-221.800679137586	5	1	1
41300	-228.009495034103	5	2	1
41400	-212.97556531363	2	3	3
41500	-213.618914140615	2	2	2
41600	-216.357323523166	2	1	2
41700	-214.676860299	2	4	2
41800	-211.584422510059	2	3	2
41900	-214.979647769218	2	2	3
42000	-217.458417186229	2	2	2
42100	-219.512189354608	3	2	2
42200	-219.995163895459	4	3	1
42300	-216.43943871877	3	2	1
42400	-218.210146720673	4	3	1
42500	-219.583495571827	4	1	1
42600	-224.483991868488	6	3	1
42700	-223.396241828306	5	3	1
42800	-216.805244864163	4	1	1
42900	-212.986319900786	4	3	1
43000	-216.341195961145	5	2	3
43100	-213.063457923098	5	2	2
43200	-219.359673728915	4	2	1
43300	-208.951447519828	4	4	3
43400	-209.454887422897	4	4	2
43500	-212.701782212255	4	3	1
43600	-220.030589800469	4	3	2
43700	-222.033338403012	6	4	1
43800	-223.877371241528	6	2	1
43900	-217.842607943407	4	5	1
44000	-222.025608597564	4	4	1
44100	-218.582427045419	5	3	1
44200	-229.92795418331	3	4	1
44300	-216.514486739409	3	1	1
44400	-219.090118871023	4	2	1
44500	-222.962387915235	5	3	1
44600	-223.593748460447	4	2	1
44700	-217.476738460994	4	1	1
44800	-207.054372759108	4	4	1
44900	-212.414067058919	5	4	1
45000	-217.019287002516	6	4	1
45100	-219.465185934092	6	1	1
45200	-214.727276711029	3	2	1
45300	-216.613572372837	4	3	1
45400	-216.849207007123	5	2	1
45500	-210.162796651994	5	3	2
45600	-228.238303706838	8	2	1
45700	-218.978213856646	4	4	1
45800	-215.966724474375	5	3	1
45900	-212.174573116687	4	3	1
46000	-215.80371124544	5	2	1
46100	-216.000118152794	5	2	1
46200	-215.768217550843	4	4	2
46300	-227.879801534371	5	3	0
46400	-222.442006255282	5	1	1
46500	-234.498975111908	5	6	1
46600	-221.020125909924	5	2	1
46700	-226.89506404727	6	3	0
46800	-233.590437625028	8	3	0
46900	-217.182946448894	4	4	1
47000	-229.737468461118	8	2	1
47100	-224.186949537133	5	2	0
47200	-225.729957768155	4	6	1
47300	-215.212119958702	4	4	2
47400	-219.216404979172	4	1	2
47500	-215.690225587455	6	3	1
47600	-225.68000857125	8	3	0
47700	-221.204479323578	6	3	1
47800	-209.950936125899	4	1	1
47900	-214.936339795274	5	2	1
48000	-211.370894024277	4	2	1
48100	-221.111965495321	6	1	1
48200	-221.703214074979	4	4	1
48300	-217.74715678127	4	4	1
48400	-224.45936333613	6	5	1
48500	-219.738116328553	7	4	1
48600	-224.539859918103	9	1	1
48700	-212.86350521154	4	3	1
48800	-210.209995030638	5	2	1
48900	-224.39885601276	6	1	1
49000	-211.379236231396	3	4	2
49100	-218.391768595715	2	3	3
49200	-214.287726430448	2	3	2
49300	-207.486789255652	3	2	2
49400	-209.537536350323	3	6	2
49500	-211.878691421265	2	2	2
49600	-212.48789423979	2	2	2
49700	-212.186501090757	2	2	1
49800	-233.178002096538	6	2	0
49900	-214.138269804138	3	4	1
50000	-214.544847536061	3	4	1
50100	-220.810601409218	5	1	2
50200	-220.831294903823	3	3	2
50300	-212.847337110895	3	5	2
50400	-218.007132558216	3	3	1
50500	-225.528009547548	4	1	1
50600	-239.586359325946	9	5	0
50700	-216.36415920602	5	3	0
50800	-214.165335595644	4	4	0
50900	-218.703009257304	5	5	0
51000	-213.931507334978	4	3	0
51100	-225.690881344347	6	4	0
51200	-218.19584513697	5	2	0
51300	-225.998780199328	5	4	0
51400	-228.327637900457	8	3	1
51500	-219.982871312256	5	4	1
51600	-217.938829579049	5	2	1
51700	-215.17120883285	4	2	1
51800	-213.946987987098	4	3	1
51900	-211.09161884243	5	2	1
52000	-212.891903893636	5	1	1
52100	-224.743252969566	7	6	1
52200	-222.574983454592	7	1	1
52300	-223.038737520618	5	3	0
52400	-219.642821543104	5	3	0
52500	-216.87989888895	5	1	1
52600	-220.993406876875	7	2	0
52700	-212.401166365481	4	4	0
52800	-223.947433456381	8	4	1
52900	-219.122478504205	7	2	0
53000	-208.355982109003	4	3	1
53100	-216.782093604969	4	2	1
53200	-214.6304923703	5	2	1
53300	-220.510656214228	6	3	1
53400	-212.67398638525	4	1	1
53500	-216.302599455489	7	5	1
53600	-221.413287612655	6	4	1
53700	-208.365877543883	4	3	2
53800	-218.218233797251	4	3	1
53900	-218.905080274182	5	1	2
54000	-219.13139422864	5	5	2
54100	-224.948800609709	6	2	2
54200	-219.418521375329	6	3	3
54300	-218.660964019589	4	4	1
54400	-216.450008826105	5	2	2
54500	-215.932568809101	4	5	1
54600	-226.200722482884	5	7	1
54700	-214.97562953456	6	4	1
54800	-227.297661423187	6	3	1
54900	-217.202905958636	5	3	1
55000	-217.145810960756	3	4	1
55100	-217.795785771997	3	5	1
55200	-214.247715658133	2	3	2
55300	-215.842645406053	3	3	1
55400	-215.278605438141	3	3	1
55500	-208.767170570304	3	3	2
55600	-213.872616222952	4	2	2
55700	-215.748197289954	4	1	2
55800	-219.977894914984	3	2	2
55900	-212.975593776075	3	4	2
56000	-212.109355099961	3	2	2
56100	-215.917292363776	6	3	1
56200	-221.423303580225	5	3	0
56300	-223.056729002676	5	1	0
56400	-224.929198691784	3	4	0
56500	-222.542661946931	3	1	0
56600	-217.151581535725	2	5	2
56700	-226.953017664032	6	3	1
56800	-219.979105848787	6	3	1
56900	-217.655875501694	4	1	1
57000	-228.037260012592	5	2	0
57100	-220.781187454065	4	2	1
57200	-216.692464248986	4	2	2
57300	-207.67222283758	4	2	1
57400	-216.191953376195	4	3	0
57500	-213.379677414497	4	3	0
57600	-213.939030487731	5	1	0
57700	-218.318672961152	5	3	0
57800	-217.861594380453	5	2	0
57900	-220.738503653807	6	5	1
58000	-220.953539766131	4	3	0
58100	-216.467501456583	5	4	0
58200	-235.59987283705	5	5	0
58300	-220.661614841713	6	3	1
58400	-223.361073120063	3	2	0
58500	-229.166573059777	3	5	0
58600	-219.760556224143	4	3	0
58700	-221.824315497155	4	1	0
58800	-215.505738387111	4	1	2
58900	-217.355879150019	4	3	1
59000	-213.214527063243	3	3	2
59100	-221.176732885843	5	4	1
59200	-216.833415388631	4	3	1
59300	-217.194087563402	7	2	1
59400	-216.293417307155	6	2	1
59500	-216.140993222592	4	3	1
59600	-216.558151951385	4	1	1
59700	-218.289094027535	5	3	1
59800	-209.540569061653	4	3	1
59900	-207.729459962836	3	3	2
60000	-223.618168276366	3	6	2
60100	-207.855585140145	3	3	2
60200	-210.13720393593	3	3	2
60300	-210.832935221591	4	2	2
60400	-217.42720752963	3	3	2
60500	-212.549425037796	3	2	1
60600	-211.092669265263	3	1	2
60700	-214.322543489146	3	1	2
60800	-207.336201742878	3	3	2
60900	-214.177497069778	5	3	1
61000	-214.647102128509	6	1	1
61100	-221.250547471557	6	1	1
61200	-217.823376071196	6	1	1
61300	-224.965438003663	8	2	1
61400	-227.142445270777	8	3	1
61500	-218.639619754846	6	2	1
61600	-219.453827695354	5	3	1
61700	-222.195258664505	6	5	1
61800	-228.398378280033	7	3	1
61900	-213.251369386295	3	2	1
62000	-215.360510329513	6	2	1
62100	-215.049176886401	6	4	1
62200	-213.754205256719	6	3	1
62300	-219.360285375256	7	3	1
62400	-224.362387568792	6	4	0
62500	-217.131897066552	6	3	1
62600	-220.99142787511	5	2	0
62700	-228.604619562861	8	3	0
62800	-218.696777903684	5	4	0
62900	-222.941431159222	5	3	0
63000	-221.284450413786	7	2	1
63100	-212.666733193532	4	1	1
63200	-215.623874139613	4	3	1
63300	-225.980598441058	5	6	1
63400	-215.546357987	3	3	1
63500	-215.658435703286	2	2	2
63600	-237.846929465063	9	3	1
63700	-220.822349855291	3	5	1
63800	-220.395686004703	3	6	2
63900	-221.869280569646	4	3	1
64000	-227.702412630206	7	5	2
64100	-230.28019908199	5	1	1
64200	-219.26195971836	5	3	1
64300	-219.33105774699	5	1	1
64400	-217.130564429282	5	3	1
64500	-218.547841110551	4	3	1
64600	-221.915489662233	5	3	1
64700	-219.976437703523	4	4	2
64800	-227.101383860703	5	3	1
64900	-229.618319261371	7	2	1
65000	-228.324499834761	4	3	1
65100	-221.160873307879	5	3	1
65200	-212.217235067479	4	2	2
65300	-215.366695232309	4	3	2
65400	-205.811350304331	3	2	2
65500	-214.239045615925	5	2	1
65600	-215.814788947267	4	3	2
65700	-211.982602529768	5	2	1
65800	-219.254297816632	6	4	1
65900	-210.295333339115	4	2	2
66000	-222.373959911071	6	3	1
66100	-217.262800539141	4	3	1
66200	-225.10509883442	5	5	1
66300	-234.032105995276	7	3	0
66400	-221.672195631815	5	2	0
66500	-224.27331950607	6	5	0
66600	-220.155877460957	5	1	0
66700	-221.573395544331	7	1	1
66800	-212.876470888336	5	5	1
66900	-213.570686713295	4	2	1
67000	-212.899427381048	4	3	1
67100	-209.732199749602	4	4	1
67200	-214.072153472501	5	4	1
67300	-210.574695642791	5	4	1
67400	-208.623425948975	4	3	1
67500	-214.557326656167	5	2	1
67600	-227.210303531095	5	5	1
67700	-224.676029838019	6	4	1
67800	-217.489915351336	5	3	1
67900	-219.499794936265	7	2	1
68000	-212.109137785734	4	6	1
68100	-228.126362007483	5	5	1
68200	-215.714040586576	4	3	0
68300	-215.885732305227	3	5	1
68400	-235.448786514473	8	6	1
68500	-213.410046803087	4	3	1
68600	-215.635229489882	5	2	1
68700	-223.463848989583	6	4	1
68800	-214.883303260692	4	5	1
68900	-220.911342373061	6	4	1
69000	-216.028157732227	3	4	1
69100	-216.006272120197	4	3	1
69200	-218.195882567802	5	2	1
69300	-232.166544546316	8	2	1
69400	-215.386185232323	4	1	1
69500	-223.027623334176	6	1	2
69600	-214.282657860563	5	1	1
69700	-215.942767698272	5	2	2
69800	-221.676095219367	6	2	2
69900	-216.184492920055	5	3	1
70000	-222.083731500475	6	1	1
70100	-214.442510940187	3	2	2
70200	-220.038748737172	4	4	1
70300	-223.716389271344	6	3	2
70400	-216.52609363612	5	5	1
70500	-217.383954523657	5	3	0
70600	-219.992030690992	6	3	1
70700	-221.732669198622	6	4	1
70800	-207.672657363577	5	2	1
70900	-216.505474476199	5	5	1
71000	-213.406900292336	6	3	1
71100	-213.671715265015	5	5	1
71200	-222.073278775336	8	4	1
71300	-213.977032001381	4	2	1
71400	-213.197247274476	4	4	0
71500	-221.9389037825	4	1	0
71600	-225.891006453946	6	3	0
71700	-221.992001713722	5	3	0
71800	-230.710331737872	8	4	1
71900	-225.337226596991	5	6	2
72000	-221.317402670116	7	2	1
72100	-219.732961599422	5	3	1
72200	-218.358827230462	4	1	1
72300	-216.205826735923	4	3	1
72400	-222.422706488447	3	4	1
72500	-210.16641028755	2	2	2
72600	-218.667519294132	3	3	2
72700	-206.40616617791	3	3	2
72800	-209.175545123619	3	4	1
72900	-213.993586014838	4	3	1
73000	-216.055732373505	6	2	2
73100	-225.625189481697	9	1	2
73200	-215.492011394735	5	1	1
73300	-212.665533827918	4	4	1
73400	-212.929969484338	4	3	2
73500	-212.275620032649	5	2	1
73600	-213.809597820088	6	4	1
73700	-213.134806536107	4	4	1
73800	-219.915655894588	6	3	0
73900	-214.286885601792	5	1	0
74000	-226.613281811436	7	2	2
74100	-230.645159781157	10	3	1
74200	-220.354155443406	6	3	0
74300	-226.20921342328	7	5	0
74400	-218.920330920043	6	3	0
74500	-222.520426531113	4	2	0
74600	-217.220146649656	5	3	1
74700	-219.016940664908	5	2	0
74800	-213.195714623685	4	3	0
74900	-229.721543289289	9	4	1
75000	-220.761150856194	7	3	1
75100	-219.886869975233	6	4	2
75200	-212.69963682777	4	3	1
75300	-217.46009516341	5	1	2
75400	-220.266537629678	6	2	1
75500	-213.47252787138	4	3	1
75600	-213.774142736239	5	3	1
75700	-212.769368502673	4	1	1
75800	-219.087489323345	7	3	1
75900	-227.667048942511	9	4	1
76000	-218.555605329947	5	5	0
76100	-218.872140375031	6	5	0
76200	-226.098359098121	8	2	1
76300	-212.09389013572	5	2	1
76400	-216.203400738729	6	1	1
76500	-217.852244331042	6	3	1
76600	-221.272727931153	8	2	1
76700	-210.663687730664	4	2	1
76800	-215.793398232965	5	4	1
76900	-218.813826224346	4	4	1
77000	-214.881050191504	4	2	1
77100	-227.385821533088	6	6	1
77200	-227.672142662589	6	2	1
77300	-229.29017958424	7	2	1
77400	-230.597509453532	6	5	1
77500	-214.475015084718	4	3	1
77600	-217.424644738373	6	2	1
77700	-222.845832897385	7	1	1
77800	-219.076929022183	4	1	1
77900	-219.34601021762	4	4	1
78000	-216.215440680273	4	1	1
78100	-223.226545251265	4	5	1
78200	-224.766684485587	7	4	1
78300	-227.394641253229	8	2	1
78400	-219.016236197319	5	5	1
78500	-219.193995134092	3	5	2
78600	-225.542090285596	4	3	0
78700	-219.734584982686	4	2	0
78800	-226.065688594155	6	2	1
78900	-220.722535960036	3	3	1
79000	-214.800748150951	3	1	2
79100	-213.874228757403	3	7	2
79200	-217.443728297293	5	3	2
79300	-218.095773989842	6	3	0
79400	-215.570809490736	5	3	0
79500	-222.940284659315	7	5	0
79600	-225.387910368352	6	3	0
79700	-220.867163599223	5	3	1
79800	-208.230084187029	4	3	1
79900	-216.101109881591	4	6	1
80000	-221.051954498067	6	3	1
80100	-219.024177733198	7	3	1
80200	-217.87696400354	7	3	1
80300	-221.944217804827	6	2	1
80400	-216.015529160416	5	3	0
80500	-237.336680277981	11	1	0
80600	-223.937707649389	6	4	0
80700	-223.700200344745	7	2	0
80800	-217.712903628889	5	2	0
80900	-222.974521432623	6	3	0
81000	-214.107359536756	5	3	0
81100	-224.992707486135	4	2	1
81200	-217.642831542971	4	5	0
81300	-214.151495726413	6	4	1
81400	-221.085877170245	6	3	0
81500	-212.324074656621	4	4	1
81600	-209.046909099187	4	3	1
81700	-211.386585937805	4	3	1
81800	-211.914369126194	4	5	1
81900	-213.983227798146	4	1	1
82000	-223.226537274076	7	3	1
82100	-228.89321876419	5	3	1
82200	-213.223378524339	3	3	1
82300	-219.764175841335	4	2	1
82400	-214.637162722549	6	3	1
82500	-222.90936912929	7	4	1
82600	-213.225154231746	4	1	1
82700	-212.110823033497	4	3	1
82800	-210.100488218028	4	5	2
82900	-208.436540061219	3	2	2
83000	-206.423724466817	3	2	2
83100	-211.843474777162	3	4	2
83200	-209.810483673719	3	1	2
83300	-220.631387799859	4	1	3
83400	-223.027628306072	3	3	2
83500	-221.667052487583	7	4	1
83600	-218.192116084978	7	3	1
83700	-215.131402482932	5	5	1
83800	-221.970516595771	6	5	0
83900	-211.758782735731	3	2	1
84000	-213.754716146827	3	6	2
84100	-210.480112904921	3	1	2
84200	-218.851806526867	4	1	1
84300	-218.861187900394	5	2	0
84400	-222.833736765694	6	1	1
84500	-218.552656888224	5	5	1
84600	-219.40965179691	7	5	1
84700	-211.897224133519	5	5	1
84800	-229.168027858049	3	5	1
84900	-215.288765629403	3	2	1
85000	-218.103884689826	5	2	1
85100	-218.17412645106	4	3	1
85200	-223.84657525808	5	4	0
85300	-216.557313679149	4	4	0
85400	-217.13825033971	5	3	0
85500	-218.402509953824	6	4	0
85600	-219.962913916542	6	3	1
85700	-217.672801237035	4	3	1
85800	-216.718136180575	5	2	1
85900	-220.269255430712	4	4	1
86000	-221.879917729679	4	4	1
86100	-226.460688279164	6	3	1
86200	-220.307182327424	4	4	1
86300	-216.374804509299	4	4	1
86400	-224.36423543535	5	2	1
86500	-208.622119711499	4	1	1
86600	-206.797571544191	4	3	1
86700	-212.979851959455	5	4	0
86800	-224.928912314695	8	2	0
86900	-222.077702751004	5	2	0
87000	-218.332794528127	5	1	0
87100	-214.747975172916	4	2	0
87200	-219.015430479551	4	2	0
87300	-217.276519709656	4	6	1
87400	-210.999346409044	4	2	2
87500	-218.081194471265	5	3	1
87600	-223.26152233988	5	2	1
87700	-215.485261935277	5	4	0
87800	-218.017687223865	5	4	2
87900	-220.344888378218	5	4	1
88000	-218.532964077787	6	3	1
88100	-217.435142858988	5	3	1
88200	-215.007889038538	4	5	3
88300	-219.276743521547	6	1	1
88400	-217.505593251571	5	2	1
88500	-219.089237664012	6	2	1
88600	-223.41851332866	6	1	0
88700	-213.315301914548	5	3	1
88800	-222.408190614034	6	1	3
88900	-218.50043927971	6	1	0
89000	-212.489407920627	4	5	0
89100	-224.544201708633	4	3	1
89200	-213.219876665392	3	2	1
89300	-214.862122665813	3	2	1
89400	-219.406366346312	4	2	1
89500	-224.266344278003	7	2	1
89600	-219.275994222231	4	2	1
89700	-216.80184802899	4	2	2
89800	-216.567791298482	4	4	2
89900	-219.327269315132	6	2	2
90000	-218.95928231071	2	5	1
90100	-215.250337672642	4	4	1
90200	-223.28117434263	5	3	1
90300	-219.600407360344	5	4	1
90400	-223.813397002447	9	1	1
90500	-219.107810299911	5	6	2
90600	-211.331021056361	4	2	1
90700	-223.513524128619	7	6	1
90800	-224.374865786441	6	1	1
90900	-215.42793669705	3	3	1
91000	-214.650963852726	4	2	1
91100	-215.620979676533	5	3	1
91200	-222.635239823533	6	1	2
91300	-234.087924671488	7	6	0
91400	-227.520231441133	8	2	0
91500	-224.636901583263	6	2	0
91600	-227.138735236328	7	4	1
91700	-216.577056267189	6	2	1
91800	-215.781679605023	4	1	3
91900	-210.089781266736	4	3	2
92000	-221.925362389443	6	2	1
92100	-221.760309099176	5	1	0
92200	-221.069777151171	6	1	0
92300	-214.037251612536	4	3	2
92400	-212.007110327117	4	2	1
92500	-213.045053102244	6	4	1
92600	-214.734932726817	4	2	2
92700	-218.313651285601	3	2	2
92800	-215.249286780936	4	3	2
92900	-217.930831179435	5	3	2
93000	-219.82028845389	4	5	2
93100	-215.652735598738	4	4	1
93200	-211.818931818592	4	3	2
93300	-219.548439833288	5	2	1
93400	-210.349025443051	3	2	2
93500	-210.685493337319	3	1	1
93600	-217.601672479228	3	6	2
93700	-208.893988893454	3	4	2
93800	-213.287788635628	3	3	2
93900	-209.636157256354	4	2	2
94000	-217.983010631447	3	5	2
94100	-217.285990242157	4	3	1
94200	-217.840437068184	6	5	1
94300	-212.790109875301	5	2	1
94400	-225.825951365597	7	1	1
94500	-215.830473237971	5	3	1
94600	-222.231154655518	7	1	1
94700	-216.002554355893	4	3	1
94800	-221.563456424829	6	2	1
94900	-214.269712949246	4	1	1
95000	-212.149778984999	4	5	2
95100	-216.709967605875	5	5	1
95200	-210.80303377633	3	1	1
95300	-216.163364551778	6	2	1
95400	-223.230769423356	6	2	2
95500	-225.050848988741	6	2	2
95600	-216.696262079206	6	2	1
95700	-226.772556959887	5	7	1
95800	-213.009654029763	6	1	1
95900	-228.614793976837	7	4	1
96000	-214.237075693752	4	3	1
96100	-220.070542593506	6	2	1
96200	-222.745881488805	7	2	0
96300	-220.303358975622	6	4	2
96400	-216.282541822567	6	3	1
96500	-214.925456474529	4	4	1
96600	-216.174392264496	5	2	1
96700	-220.022270037134	5	3	1
96800	-221.949312559089	6	1	1
96900	-211.007997762424	5	2	1
97000	-215.93744051309	5	1	1
97100	-212.118977098057	4	1	1
97200	-235.799580768111	9	4	1
97300	-215.883763904815	4	2	1
97400	-218.893436461541	6	2	1
97500	-213.943469574957	5	1	1
97600	-212.93652747584	3	3	1
97700	-216.481323684414	5	2	1
97800	-218.552848962009	5	3	1
97900	-225.928657569482	5	7	2
98000	-211.108357286943	3	3	3
98100	-207.973316068567	3	4	2
98200	-224.746701278217	7	3	1
98300	-214.666830933201	5	2	1
98400	-227.646398687846	10	3	2
98500	-218.428980507301	4	5	1
98600	-216.889779319587	4	1	1
98700	-241.035529050514	6	8	1
98800	-230.024915570138	6	4	1
98900	-233.957935436741	8	1	1
99000	-222.681340503135	7	5	1
99100	-218.145395797753	4	7	1
99200	-221.251595828307	6	4	1
99300	-214.322578591714	4	3	1
99400	-207.695917028	5	2	1
99500	-217.934263324897	5	4	1
99600	-219.039457386137	5	3	1
99700	-226.583009621462	6	4	1
99800	-217.114119988027	4	2	1
99900	-210.696568613185	4	3	1
1e+05	-209.837838022245	4	2	1
100100	-216.642557821709	6	2	1
100200	-213.175940045031	6	3	1
100300	-217.500430372565	5	1	1
100400	-216.288577996113	4	3	1
100500	-221.724116156626	6	3	1
100600	-221.337990476938	5	7	1
100700	-213.330076914371	4	2	1
100800	-224.608616083149	6	4	1
100900	-231.035117559051	7	3	1
101000	-218.039217901677	4	5	1
101100	-218.527866230062	2	1	2
101200	-215.509802568799	4	4	2
101300	-209.010858576978	3	2	2
101400	-211.980419278463	3	4	2
101500	-212.329700460737	3	4	2
101600	-211.472618511643	3	6	1
101700	-209.605805711438	3	2	2
101800	-212.63795739855	5	5	1
101900	-219.306697942255	6	1	1
102000	-219.26825378597	6	2	1
102100	-212.198979958279	6	2	1
102200	-224.797503646736	7	1	0
102300	-227.026566747061	7	1	0
102400	-220.814521441232	6	2	0
102500	-213.095032239722	4	3	0
102600	-226.262058762338	6	4	1
102700	-210.860458492835	5	2	1
102800	-216.471972477501	5	1	2
102900	-226.249761661409	4	5	1
103000	-216.813677552952	6	2	1
103100	-212.020102804744	5	2	1
103200	-207.715318953695	3	3	2
103300	-210.729757062576	3	4	3
103400	-217.130695488756	3	4	1
103500	-219.345353799281	4	4	1
103600	-212.677234367227	3	3	2
103700	-217.235074425034	3	1	2
103800	-218.335672005117	3	4	2
103900	-220.188789449262	5	2	2
104000	-215.251139079294	6	1	2
104100	-213.886134613257	4	6	1
104200	-214.395772209095	5	3	1
104300	-215.728050602678	5	6	0
104400	-220.135403339685	5	5	1
104500	-223.739930296531	6	2	0
104600	-215.330394407718	5	2	0
104700	-225.277081512281	6	1	0
104800	-218.314304856788	5	1	1
104900	-218.611219756997	7	2	0
105000	-215.798634309366	4	3	0
105100	-226.001854839729	5	4	0
105200	-221.59568037882	5	1	1
105300	-217.617870925492	4	3	0
105400	-224.913806907311	6	2	1
105500	-215.858296252756	4	2	1
105600	-219.569450389709	3	2	1
105700	-218.478751835649	4	2	1
105800	-219.356820045591	6	5	0
105900	-214.001861694651	4	4	0
106000	-223.247297742427	6	1	0
106100	-217.17694511159	4	2	0
106200	-216.456475193336	6	3	0
106300	-214.894936671258	6	2	1
106400	-215.961713692097	4	3	0
106500	-215.824901946025	6	2	1
106600	-215.255679719994	5	2	1
106700	-215.976597711067	4	1	1
106800	-219.241539952815	4	8	2
106900	-212.104487087193	4	3	2
107000	-212.385852601295	4	1	2
107100	-212.14115276464	3	3	2
107200	-219.255385351574	3	6	1
107300	-223.897208289809	7	5	1
107400	-214.720999619388	6	3	1
107500	-210.452751164401	4	3	1
107600	-226.491797861533	6	3	2
107700	-212.957170838293	4	3	1
107800	-217.620285015963	5	3	1
107900	-220.995349126255	5	2	1
108000	-211.721248192584	3	3	2
108100	-217.125502699127	6	1	1
108200	-213.914816231004	3	3	1
108300	-206.544990598679	3	1	2
108400	-212.007335159877	3	1	2
108500	-221.211133972846	6	3	1
108600	-217.264234583335	4	3	1
108700	-219.525638713818	5	3	1
108800	-214.660547028838	4	3	1
108900	-209.227071729782	4	1	1
109000	-215.325271903765	4	4	1
109100	-220.255904727899	5	3	2
109200	-218.89243780613	4	5	1
109300	-222.015434610878	5	3	1
109400	-214.282581903034	3	3	1
109500	-212.121787623961	3	5	1
109600	-217.500566175084	2	2	1
109700	-229.05559370038	5	3	1
109800	-213.358397339976	3	3	1
109900	-214.281902536634	4	5	1
110000	-210.052548569769	5	3	1
110100	-217.52042508782	4	3	1
110200	-211.088312844299	5	3	1
110300	-215.011073798874	5	3	1
110400	-212.528203762285	5	2	1
110500	-210.079226446434	4	3	1
110600	-219.108376385102	5	4	0
110700	-219.585797638498	4	4	0
110800	-215.780489840742	4	4	0
110900	-218.973372544314	5	3	1
111000	-227.521445050359	6	2	0
111100	-219.668501514669	3	4	0
111200	-223.528666254193	3	4	2
111300	-211.002778892426	3	4	1
111400	-211.766694441091	4	3	2
111500	-206.035425698293	3	2	2
111600	-210.856811520604	3	4	2
111700	-211.622851543064	3	2	2
111800	-212.283125555439	3	1	1
111900	-218.871344492024	6	2	1
112000	-223.561626008092	6	2	1
112100	-218.060739910066	6	1	1
112200	-223.624072673858	6	2	1
112300	-211.941096650471	4	3	1
112400	-217.565270085327	6	4	1
112500	-218.320478743859	5	2	1
112600	-219.864266520453	6	3	0
112700	-214.638400973146	5	3	0
112800	-211.53998274632	4	3	1
112900	-217.189228204742	4	3	2
113000	-218.010949633691	3	4	2
113100	-216.67229681785	2	1	1
113200	-222.964911741328	5	2	1
113300	-224.286342740276	6	1	1
113400	-239.978922075966	9	2	1
113500	-220.027690537172	6	2	1
113600	-224.605894671081	4	4	1
113700	-221.944658515384	4	1	0
113800	-226.914509289472	4	3	0
113900	-225.244498290437	6	3	0
114000	-226.199843803067	6	2	1
114100	-211.875082251435	4	3	1
114200	-218.378626177814	6	1	0
114300	-222.123516936447	7	5	1
114400	-229.637353972068	7	4	1
114500	-215.012703593074	6	3	2
114600	-207.748868114615	3	4	1
114700	-220.314207784044	6	3	1
114800	-222.437621947638	6	2	1
114900	-211.472362545938	4	4	0
115000	-217.679750608831	5	6	1
115100	-221.92834156779	7	1	1
115200	-217.530645787699	5	1	0
115300	-220.003065671386	5	3	1
115400	-217.262134606407	5	2	1
115500	-219.845335480844	6	6	1
115600	-217.062563862455	6	3	2
115700	-227.358389942341	7	3	1
115800	-227.141640896545	4	2	3
115900	-212.947761098636	3	2	2
116000	-217.690001616959	3	7	1
116100	-212.28506784276	3	2	2
116200	-213.90778887029	2	2	2
116300	-215.556712608345	3	4	2
116400	-218.662574161096	3	2	1
116500	-212.225403617585	2	3	2
116600	-214.467835094645	2	4	2
116700	-212.013872756465	2	2	2
116800	-217.671416542292	4	3	1
116900	-218.739985455166	3	3	2
117000	-208.451015525031	3	4	2
117100	-213.769859716665	5	2	2
117200	-221.966931841467	6	3	1
117300	-225.356992088711	4	3	2
117400	-222.755950673233	5	4	1
117500	-217.618888455505	5	3	0
117600	-218.19504748985	6	3	1
117700	-209.656521572736	4	1	1
117800	-212.045436307443	6	4	1
117900	-218.879484486442	5	2	0
118000	-217.581280262248	5	1	0
118100	-209.738226081679	3	5	2
118200	-217.730942444058	4	5	2
118300	-232.433084687804	8	6	1
118400	-219.114545717919	6	5	1
118500	-217.743143918772	6	1	1
118600	-213.551213700122	4	6	1
118700	-219.633495450499	4	5	0
118800	-222.182777280182	6	2	0
118900	-225.894133567611	4	1	0
119000	-226.469589708074	7	2	1
119100	-223.276570138567	6	1	1
119200	-214.904512081746	3	3	1
119300	-224.193883623854	6	2	2
119400	-218.406968381058	3	6	1
119500	-227.577408015064	4	4	1
119600	-220.247459154646	3	3	1
119700	-221.14933335015	3	7	1
119800	-219.212069872529	3	2	0
119900	-225.260870638674	5	4	0
120000	-218.329358995651	5	2	0
120100	-214.939735878083	4	3	0
120200	-218.166555553222	5	4	0
120300	-216.388188075513	5	2	1
120400	-219.55083735806	5	5	1
120500	-220.209519479502	5	3	1
120600	-211.075656397234	3	2	2
120700	-222.482026131366	4	5	1
120800	-207.801319923303	3	6	1
120900	-215.341552289871	3	1	2
121000	-207.014011653641	3	2	2
121100	-213.739526441921	2	3	1
121200	-210.40048597414	2	5	2
121300	-216.266203376125	5	2	2
121400	-212.408179628868	2	4	2
121500	-224.294257044063	2	6	1
121600	-218.187677872585	2	1	2
121700	-214.032730603729	2	3	1
121800	-216.019945762636	3	2	2
121900	-218.716779838558	3	2	4
122000	-215.420824472916	2	4	1
122100	-217.496696122579	3	2	1
122200	-218.420923467287	3	3	1
122300	-216.603471654377	4	2	1
122400	-217.744759444451	4	2	1
122500	-216.111084933219	3	5	1
122600	-220.273191840804	5	1	1
122700	-226.860306934663	7	2	0
122800	-212.383963790623	4	3	1
122900	-210.388227318507	4	4	1
123000	-208.451191920904	4	3	2
123100	-219.209523400921	5	2	2
123200	-211.911365618847	3	2	1
123300	-212.98997468044	5	1	1
123400	-228.554239256621	8	2	1
123500	-214.018234249302	4	2	1
123600	-225.053504281921	5	3	1
123700	-215.013044422059	5	3	1
123800	-221.482533239395	3	1	1
123900	-229.541658852131	7	2	2
124000	-214.810135194021	5	3	1
124100	-217.582909463401	5	1	1
124200	-218.627932725633	4	2	1
124300	-210.603818638845	5	1	1
124400	-214.325591130683	5	2	1
124500	-231.622189552474	5	2	2
124600	-210.625436234616	2	1	2
124700	-218.528522893916	2	3	1
124800	-217.306612788803	3	3	1
124900	-214.725686263428	3	2	1
125000	-225.697569959399	6	5	2
125100	-219.280559554392	4	5	1
125200	-220.712040278547	4	6	1
125300	-222.92254544986	6	1	2
125400	-223.805851563597	6	5	1
125500	-224.959681904018	6	3	2
125600	-211.999417536043	3	3	1
125700	-213.243272190785	5	3	2
125800	-215.696467654738	4	4	2
125900	-214.143536242705	6	3	1
126000	-232.887710774431	8	3	1
126100	-216.451965668518	7	4	1
126200	-213.225352337117	5	3	1
126300	-210.971467244508	4	3	1
126400	-221.386249665104	7	2	1
126500	-216.63339776455	5	1	1
126600	-213.495007198132	4	3	1
126700	-219.831337724363	8	3	2
126800	-218.841628427109	5	2	1
126900	-221.556042188261	8	4	1
127000	-220.679818823854	5	4	1
127100	-213.406166630996	4	1	2
127200	-216.7046531568	5	1	1
127300	-223.619810212498	7	4	1
127400	-215.521542214912	5	2	1
127500	-216.431292211979	5	1	1
127600	-236.204368932848	9	2	1
127700	-215.177651090985	3	3	2
127800	-216.412782001832	2	3	2
127900	-227.607251641571	3	5	1
128000	-215.993939408789	5	1	2
128100	-218.493152360523	5	2	1
128200	-216.582160300525	5	4	1
128300	-216.084672543767	5	4	1
128400	-226.382488888586	7	3	0
128500	-214.253645400505	5	4	0
128600	-218.16559066042	5	3	0
128700	-215.829620876158	5	3	0
128800	-227.074511371748	6	5	0
128900	-227.455461537716	7	4	1
129000	-213.707903559974	5	3	1
129100	-220.222681422003	5	6	1
129200	-215.885273161584	5	1	1
129300	-214.851864003629	5	4	1
129400	-217.56084266003	5	3	1
129500	-220.216567740187	5	1	0
129600	-216.495076072454	4	3	2
129700	-222.643405084188	7	3	2
129800	-213.884053955417	6	3	2
129900	-211.934179101885	3	2	1
130000	-215.583374568117	5	3	1
130100	-212.302901940036	4	4	1
130200	-219.502811606975	5	2	1
130300	-222.690405316946	7	2	0
130400	-224.746337504455	7	1	0
130500	-218.962256641547	6	4	1
130600	-218.218251150502	6	2	0
130700	-211.375703476857	4	1	1
130800	-230.134667176514	9	3	1
130900	-226.735009540357	7	3	1
131000	-217.754651604871	6	3	1
131100	-213.622766533892	4	3	1
131200	-211.905357359679	4	1	1
131300	-220.239493132146	5	1	1
131400	-224.949977536607	6	1	0
131500	-223.852237916197	6	2	0
131600	-221.157752759188	5	5	1
131700	-224.196863223228	6	1	1
131800	-212.90622480459	4	3	1
131900	-217.323550101037	6	3	2
132000	-218.439459171701	5	4	1
132100	-225.662069763997	6	4	1
132200	-214.395495815853	5	3	1
132300	-229.893369082379	7	8	1
132400	-218.13011221468	5	6	1
132500	-218.90001961845	4	2	1
132600	-224.205741097056	6	4	2
132700	-219.361550769308	5	2	1
132800	-211.806557970756	2	2	2
132900	-220.891247980484	4	1	1
133000	-218.686380267578	4	2	1
133100	-211.357815118359	4	4	1
133200	-217.333160068731	5	4	2
133300	-218.301317634616	5	2	2
133400	-211.58511984487	3	4	2
133500	-215.857585270425	3	5	3
133600	-218.220437291361	3	1	1
133700	-223.265329045449	2	4	3
133800	-218.818501869308	4	4	1
133900	-221.724884102025	5	2	1
134000	-213.891242684974	3	2	1
134100	-218.331322121358	3	2	1
134200	-218.935801613584	2	3	1
134300	-218.227087272709	5	2	1
134400	-223.607686336519	3	3	2
134500	-215.465118778949	2	2	2
134600	-214.738250858813	3	5	1
134700	-218.7327069901	4	2	3
134800	-207.742153824904	3	2	2
134900	-215.822099852624	6	1	1
135000	-219.02852240958	7	3	0
135100	-217.918865355714	6	5	1
135200	-220.579762258314	6	6	1
135300	-219.770182308774	6	4	1
135400	-222.884864277979	6	4	1
135500	-215.131067028148	5	2	1
135600	-224.922893739668	5	2	1
135700	-213.506287868258	6	5	1
135800	-217.703449979912	5	3	1
135900	-208.579660593358	3	2	1
136000	-213.22252891604	3	2	2
136100	-211.112429032658	3	3	2
136200	-213.501102070746	3	1	3
136300	-207.852475156118	3	2	2
136400	-205.599723729576	3	3	2
136500	-210.233875727312	5	4	1
136600	-209.59906477298	4	5	2
136700	-211.864123976656	3	2	2
136800	-215.435705770453	3	3	2
136900	-211.199832642789	3	4	1
137000	-219.201774577475	4	3	1
137100	-218.430401712051	4	2	2
137200	-223.949004358047	4	5	1
137300	-215.392738588173	2	3	2
137400	-209.686400444458	3	2	2
137500	-214.954429215034	5	2	1
137600	-208.581009601226	4	2	1
137700	-212.726917610754	6	3	1
137800	-218.481921687853	5	2	1
137900	-209.45273353085	4	4	2
138000	-218.236598111969	5	5	2
138100	-220.203154323826	4	5	2
138200	-210.854879263813	2	3	3
138300	-217.546147897312	3	2	2
138400	-221.091242030513	7	3	1
138500	-211.264458391168	4	3	0
138600	-220.481289766958	5	3	1
138700	-216.996801805703	4	2	2
138800	-218.175914777287	5	3	1
138900	-227.04256118551	7	5	1
139000	-211.644579006931	3	3	1
139100	-221.05773938589	4	5	1
139200	-218.072262971623	5	3	1
139300	-223.190697023756	7	5	1
139400	-221.2200119747	6	2	2
139500	-218.024414839773	6	3	1
139600	-210.379728409245	4	2	2
139700	-216.882055461326	5	2	1
139800	-215.087424994548	5	3	1
139900	-219.942145535769	7	3	1
140000	-224.957360107131	7	3	2
140100	-214.507917722529	4	6	1
140200	-217.906479410138	5	3	1
140300	-227.235967421971	6	2	0
140400	-211.450244532748	4	4	1
140500	-225.151540398615	7	4	2
140600	-215.330485201727	3	2	0
140700	-216.143659821003	3	4	1
140800	-218.83100197952	5	6	1
140900	-212.379020604658	4	4	1
141000	-217.088780735281	5	2	1
141100	-210.21436764405	4	4	1
141200	-220.892911922075	5	5	1
141300	-216.801066286302	6	2	1
141400	-215.144473365359	2	6	1
141500	-221.812441850831	3	3	1
141600	-216.250496760113	3	4	1
141700	-209.800467812568	4	2	2
141800	-212.089265580399	4	4	2
141900	-207.417017426123	4	3	2
142000	-217.698005816836	3	3	1
142100	-221.349002053231	3	2	2
142200	-224.457185564189	5	4	2
142300	-211.296791225888	3	4	2
142400	-220.180548204316	5	3	1
142500	-226.21500903431	6	3	2
142600	-212.990132134985	5	1	1
142700	-217.187671904235	6	2	1
142800	-223.835533500351	7	2	1
142900	-208.11753912471	4	3	1
143000	-214.60070859635	6	3	2
143100	-216.309358843213	5	3	1
143200	-213.965824855446	4	2	1
143300	-217.744935819596	6	2	1
143400	-230.983267130828	5	5	0
143500	-230.677150985155	7	5	0
143600	-226.292324899099	7	7	1
143700	-215.621762374188	6	3	1
143800	-218.537069171395	6	3	1
143900	-215.875676536612	5	3	1
144000	-219.138566297752	7	3	1
144100	-214.871300861761	6	1	1
144200	-217.278427401159	5	1	1
144300	-210.541242173082	4	4	1
144400	-218.610564545643	4	3	1
144500	-226.157394432575	6	2	1
144600	-220.798877676407	5	3	1
144700	-213.284774995542	4	2	1
144800	-212.983228099086	5	3	1
144900	-219.393872847865	5	4	2
145000	-215.186740542812	6	4	1
145100	-218.474773437152	5	5	1
145200	-216.561000932564	5	6	1
145300	-212.37212693278	5	3	0
145400	-213.388600543284	4	2	0
145500	-234.348558878281	10	4	1
145600	-224.529994812222	6	4	0
145700	-214.413868058529	5	2	0
145800	-224.603130144564	9	3	0
145900	-209.744531718866	4	3	0
146000	-228.093008674062	8	1	0
146100	-223.450371879005	4	3	1
146200	-215.010940148667	4	3	1
146300	-222.649856311242	6	1	1
146400	-219.812002891173	3	5	1
146500	-215.516037213089	5	5	1
146600	-213.773236621884	5	2	1
146700	-216.627861313729	5	2	0
146800	-219.324357964925	6	2	1
146900	-219.813328516924	7	2	0
147000	-215.154781661945	6	3	0
147100	-221.757530469041	5	2	0
147200	-216.146062692697	5	3	1
147300	-211.486030734751	4	5	1
147400	-215.602551657708	5	1	1
147500	-214.452986380309	4	4	1
147600	-215.807808469901	3	1	1
147700	-222.216128392851	5	4	1
147800	-221.481639435791	5	3	1
147900	-213.157463844328	4	2	1
148000	-218.565506358631	4	1	1
148100	-224.736442548452	4	3	1
148200	-222.082483818684	4	1	2
148300	-222.91171130669	6	1	2
148400	-213.751980116084	3	2	1
148500	-221.326192282251	5	4	1
148600	-214.448449354594	3	2	2
148700	-215.493605536387	6	3	2
148800	-215.590869698827	3	6	1
148900	-209.601183403763	3	5	2
149000	-208.920004188533	3	5	2
149100	-211.293268623567	5	1	1
149200	-210.434142446056	5	5	1
149300	-210.141197245869	4	3	1
149400	-213.947778384446	5	3	1
149500	-218.653165749763	4	5	2
149600	-220.30134076554	6	1	1
149700	-215.948322614629	6	3	1
149800	-207.922437476425	4	2	2
149900	-210.041561727544	4	3	2
150000	-210.681224811987	3	5	2
150100	-210.121250878028	4	6	2
150200	-216.795973405041	6	6	3
150300	-212.950379358452	3	1	2
150400	-212.157710403473	3	3	2
150500	-213.298823492518	3	3	2
150600	-208.303659925963	3	2	2
150700	-212.390251387807	3	4	2
150800	-208.096656249156	3	2	2
150900	-215.804773924809	5	4	1
151000	-209.25189701554	4	1	1
151100	-213.115453940711	4	1	1
151200	-222.927406295347	8	1	1
151300	-216.844389857457	5	2	1
151400	-211.163843024431	4	2	2
151500	-215.78471944185	4	4	2
151600	-221.785062944473	7	1	1
151700	-213.677727282131	4	3	1
151800	-219.975378590162	6	3	1
151900	-218.794397902691	5	2	1
152000	-218.315857731863	6	1	1
152100	-220.614845755048	4	2	0
152200	-215.87410879872	4	1	0
152300	-223.637400435666	7	2	1
152400	-212.489597667921	5	3	1
152500	-217.677365945512	4	2	1
152600	-218.123770150394	2	4	2
152700	-213.054772068542	2	4	2
152800	-215.584201812739	2	2	2
152900	-219.753298057982	3	4	2
153000	-218.049441777718	3	1	2
153100	-220.444809863857	4	3	1
153200	-219.498504358575	4	4	1
153300	-217.419884053097	4	2	0
153400	-222.641733265488	7	2	1
153500	-227.10275626539	6	5	0
153600	-218.218451965192	4	2	0
153700	-217.091140970649	4	3	1
153800	-223.807869096239	5	1	1
153900	-220.662842079938	3	5	1
154000	-218.186052215113	4	2	1
154100	-222.669966281254	4	1	0
154200	-215.873781827334	3	2	1
154300	-217.135795692621	3	4	1
154400	-209.061544419274	3	4	2
154500	-211.90755352891	3	2	2
154600	-206.128733975215	3	1	2
154700	-213.20894123281	4	1	2
154800	-207.48493633828	4	2	2
154900	-219.592254130662	5	3	2
155000	-215.521533091301	3	5	2
155100	-211.255571961563	3	2	2
155200	-207.390921904287	3	3	2
155300	-215.473053942074	3	1	2
155400	-217.695999425237	6	2	1
155500	-215.421590083246	5	3	2
155600	-218.01494241396	7	2	1
155700	-216.39019667936	7	2	1
155800	-208.220075599385	4	3	1
155900	-224.511367235549	6	4	0
156000	-224.609156103314	5	4	0
156100	-217.85643170583	5	6	1
156200	-220.628910447568	4	4	1
156300	-216.504373475818	4	2	0
156400	-212.047242303636	2	2	1
156500	-214.520858791524	3	4	2
156600	-208.885561613482	4	3	2
156700	-221.934544136909	8	2	1
156800	-219.764033214633	7	3	1
156900	-224.497685021042	7	3	1
157000	-216.021831724921	6	2	1
157100	-211.254039542841	4	1	2
157200	-224.325991680475	6	4	2
157300	-225.001231633709	4	4	1
157400	-212.754766401134	4	2	1
157500	-215.715426811062	4	2	1
157600	-222.487886223866	6	5	1
157700	-212.748719766867	4	4	1
157800	-210.647240663416	6	4	1
157900	-213.028122794769	6	3	1
158000	-218.122460939468	4	1	1
158100	-220.663509453463	5	2	1
158200	-218.663789560622	3	2	1
158300	-216.748486035532	4	4	1
158400	-221.762216880934	4	4	1
158500	-216.899947071801	4	2	1
158600	-228.180437212109	7	4	1
158700	-216.66802435754	2	5	1
158800	-217.443826258478	3	2	1
158900	-222.819542044818	2	5	1
159000	-222.537290391624	6	1	1
159100	-217.110145052117	4	2	1
159200	-211.389861609446	3	1	3
159300	-208.287853348349	3	2	2
159400	-210.885190737285	3	3	3
159500	-227.099271195131	4	6	1
159600	-219.721486870554	7	2	1
159700	-221.561672348235	6	3	1
159800	-218.937328692025	7	5	1
159900	-217.50143791249	5	1	1
160000	-219.432168521695	6	3	1
160100	-221.562688916307	5	8	1
160200	-221.851416920027	5	2	2
160300	-224.118476195126	7	1	2
160400	-209.647849507407	4	3	2
160500	-219.068080322954	5	2	2
160600	-224.516259597693	6	5	1
160700	-214.95873809497	6	3	1
160800	-218.81457453115	3	4	1
160900	-226.405741543824	9	2	1
161000	-214.35051306375	6	4	1
161100	-212.631295965881	6	3	1
161200	-217.943297996619	5	3	1
161300	-220.522920286307	4	2	2
161400	-218.654938512628	4	6	2
161500	-215.658132656188	4	3	2
161600	-212.595467702487	3	3	1
161700	-214.538638277196	4	3	2
161800	-213.146871964288	3	3	3
161900	-216.025141222401	3	3	1
162000	-222.2144187502	6	2	1
162100	-218.859756056138	3	2	2
162200	-214.187615617183	4	2	2
162300	-224.941462216886	5	9	1
162400	-228.644293158845	7	3	1
162500	-220.331741408277	4	4	1
162600	-226.590441907523	7	3	1
162700	-219.093434691764	4	4	1
162800	-219.977680031389	3	6	1
162900	-228.613758468708	7	3	0
163000	-224.145624210004	7	2	1
163100	-214.786416991228	6	2	1
163200	-211.425764149333	5	4	1
163300	-209.531529831582	3	4	1
163400	-216.818720253809	3	3	1
163500	-222.178087770295	5	3	0
163600	-224.413790714389	6	1	1
163700	-212.547945967735	5	3	0
163800	-213.27104246173	4	6	1
163900	-219.806283723578	5	3	2
164000	-218.966037804483	7	2	1
164100	-221.251135802307	6	1	2
164200	-219.676360913362	6	2	0
164300	-214.123542867083	5	3	0
164400	-217.175635424171	4	3	1
164500	-226.269049505928	7	2	1
164600	-220.481376173323	5	3	0
164700	-223.216943332761	4	5	0
164800	-216.336918897687	6	4	0
164900	-219.274860352891	5	2	0
165000	-222.395943480861	8	3	1
165100	-220.489090021003	8	3	1
165200	-217.718818961236	5	4	1
165300	-211.895863723159	5	3	1
165400	-211.534671208738	4	2	1
165500	-217.59984230794	6	3	1
165600	-215.25846146331	5	1	1
165700	-227.446082767281	6	4	1
165800	-216.402321209083	4	3	1
165900	-215.434672327973	5	3	1
166000	-213.30245788949	4	2	1
166100	-221.895021655088	7	2	1
166200	-217.20634668105	5	4	1
166300	-208.725761429658	4	2	1
166400	-215.450148240854	4	3	1
166500	-216.286736837673	3	3	1
166600	-207.599838150853	3	3	2
166700	-213.983175138431	3	3	3
166800	-213.67844577084	4	4	2
166900	-211.38368678797	3	4	2
167000	-220.772150958699	4	4	1
167100	-219.41185702814	3	1	1
167200	-208.245127569562	3	2	2
167300	-216.267732768641	4	5	2
167400	-210.70811720988	3	5	2
167500	-208.021748827188	4	3	1
167600	-210.658459041993	4	2	1
167700	-236.172270192014	6	6	1
167800	-225.320579553372	7	2	1
167900	-222.764769216996	7	2	0
168000	-213.210785802673	4	3	1
168100	-222.522331215348	7	3	1
168200	-216.170858421406	6	4	1
168300	-212.182371499896	6	1	1
168400	-210.99380415696	4	2	2
168500	-211.69747254552	4	3	2
168600	-217.489388585965	7	1	1
168700	-227.551186279067	4	4	1
168800	-222.089828768916	4	2	1
168900	-215.256947608919	3	2	1
169000	-228.478967240877	6	5	1
169100	-224.818328268488	4	6	1
169200	-220.343573959941	3	5	0
169300	-227.772985260595	7	2	1
169400	-217.831629409641	3	5	1
169500	-218.105760732565	4	6	1
169600	-214.257283698774	5	2	1
169700	-215.72201247559	6	2	1
169800	-209.501602695557	4	2	1
169900	-213.081373189322	4	1	1
170000	-211.889555556314	4	1	1
170100	-217.590803415462	7	1	1
170200	-220.77094717535	6	2	1
170300	-218.728687348096	5	3	1
170400	-215.198716587404	5	3	2
170500	-219.418616435369	7	2	1
170600	-218.468765713087	5	6	1
170700	-213.440305303972	4	2	1
170800	-225.382361332813	7	5	1
170900	-214.580543986192	4	3	1
171000	-225.82778936894	7	2	1
171100	-221.580299697152	8	3	1
171200	-223.176075518313	7	2	1
171300	-216.062117011363	6	5	1
171400	-226.169827077909	8	3	1
171500	-216.608824425241	5	2	1
171600	-223.300186734128	7	2	1
171700	-217.008459128267	5	2	1
171800	-224.645423294151	5	7	1
171900	-217.856363360713	6	2	1
172000	-231.635737682561	6	3	1
172100	-218.946935712168	5	2	1
172200	-221.202915663358	5	7	0
172300	-220.612513500124	4	2	0
172400	-224.756848158862	5	1	1
172500	-222.144725403755	5	3	2
172600	-212.740065979701	3	2	1
172700	-218.452939723696	4	3	1
172800	-219.291599480416	3	6	2
172900	-213.52427753773	3	2	2
173000	-214.917571028408	3	5	2
173100	-215.642724187589	3	5	1
173200	-210.545288004714	4	4	2
173300	-225.559419936715	3	4	1
173400	-221.77735400949	2	6	1
173500	-223.724701433676	4	6	1
173600	-225.134406623185	5	4	1
173700	-219.39633169275	5	2	1
173800	-217.429291274154	6	2	1
173900	-215.310720857507	3	5	2
174000	-221.788604998426	4	4	1
174100	-222.803946791028	5	4	1
174200	-217.557198526101	3	2	1
174300	-214.917195926871	4	2	2
174400	-221.255269455907	3	2	1
174500	-213.947110991999	3	1	2
174600	-218.808738791986	4	2	1
174700	-219.253504146366	3	3	1
174800	-218.046156124303	3	2	1
174900	-214.577637726528	4	3	1
175000	-222.827079075872	4	6	1
175100	-224.861212023828	3	3	2
175200	-226.350020180434	4	9	1
175300	-216.092077993041	4	3	1
175400	-217.676489740627	5	5	1
175500	-217.970196915439	5	6	1
175600	-211.602853944417	4	2	1
175700	-226.580523571326	7	1	1
175800	-220.048579683576	7	3	1
175900	-208.139064200823	5	2	1
176000	-222.691510840669	7	3	1
176100	-216.998569713938	7	2	1
176200	-215.918090388287	4	3	1
176300	-213.62293909913	4	6	1
176400	-222.429744953399	8	3	1
176500	-230.414404833836	7	6	0
176600	-219.781879415496	5	2	0
176700	-215.390689204891	5	4	1
176800	-227.129740061403	10	3	1
176900	-212.586556159689	5	3	0
177000	-218.771897761801	6	1	0
177100	-216.886229489226	5	5	0
177200	-224.118377214486	8	2	1
177300	-214.547304716011	4	3	1
177400	-209.110475991968	4	3	1
177500	-215.040510293085	5	3	1
177600	-211.779893853195	4	1	1
177700	-209.884848814458	4	3	1
177800	-217.160834132052	7	2	1
177900	-220.561607633867	5	2	1
178000	-213.330542422272	6	3	1
178100	-211.03941441163	5	2	1
178200	-217.83859920641	4	2	2
178300	-208.988530024651	5	3	1
178400	-214.184329068323	6	1	1
178500	-214.594831581093	4	1	1
178600	-216.717921187265	5	5	1
178700	-213.00504956348	3	3	1
178800	-221.188480988234	4	4	2
178900	-225.496481547514	6	2	1
179000	-218.972747365811	3	1	1
179100	-214.126289919838	3	2	1
179200	-220.744141246486	4	5	1
179300	-218.482845361456	3	2	1
179400	-213.682597170146	4	2	1
179500	-218.37869042268	4	1	1
179600	-217.035880074602	5	2	0
179700	-234.863021385577	6	7	0
179800	-224.884941564829	5	6	1
179900	-233.976849389968	8	4	0
180000	-211.182825961857	4	4	0
180100	-216.583724771351	4	4	0
180200	-228.012868186299	7	5	0
180300	-215.90854186007	5	3	0
180400	-223.034124524024	6	3	1
180500	-212.042525777663	4	2	1
180600	-214.868613654791	6	3	1
180700	-216.297567197558	5	1	1
180800	-213.119147939884	4	2	1
180900	-219.692916549692	6	5	1
181000	-214.887441517911	6	1	1
181100	-214.038355700629	4	3	1
181200	-215.779450708677	5	3	2
181300	-217.737871868718	5	2	1
181400	-218.229348112547	7	2	1
181500	-208.578037532338	4	5	1
181600	-221.818456876694	7	1	1
181700	-211.500964628065	5	3	1
181800	-219.057044665191	6	2	1
181900	-232.862424671713	8	3	1
182000	-224.974994582243	6	3	1
182100	-213.720710177713	3	3	2
182200	-223.901874759072	4	1	0
182300	-221.549484975157	6	3	0
182400	-227.37735697318	4	4	0
182500	-218.483866281674	5	1	1
182600	-214.056859527508	5	4	1
182700	-223.039329816795	8	3	1
182800	-225.706561260536	7	3	1
182900	-210.150861661146	5	5	2
183000	-215.41647916719	4	4	1
183100	-227.695976723669	8	2	1
183200	-216.630661345601	6	3	1
183300	-225.143686828312	6	5	0
183400	-208.864376202204	4	1	1
183500	-213.851261801604	6	2	1
183600	-207.693814512766	3	2	2
183700	-214.85957823367	4	3	2
183800	-213.397081851867	4	2	2
183900	-214.624988636814	2	2	1
184000	-215.367560703131	4	1	2
184100	-218.204931911832	5	4	1
184200	-221.253294847158	7	3	1
184300	-207.646867760496	4	3	1
184400	-219.31520427477	4	4	2
184500	-218.752604551897	6	3	1
184600	-216.582257605437	5	3	3
184700	-221.380062773075	6	4	1
184800	-215.889095072833	5	2	1
184900	-213.514147503976	4	2	1
185000	-232.612711868026	7	7	0
185100	-215.866149609962	4	1	1
185200	-215.751489866248	5	4	0
185300	-217.452565180135	4	4	0
185400	-230.423884251679	4	6	2
185500	-224.456063632079	4	2	1
185600	-230.768479617987	3	4	0
185700	-215.014133577835	3	2	2
185800	-219.550005134129	5	4	1
185900	-216.715919528893	4	2	1
186000	-219.853907675267	5	3	1
186100	-213.891627739793	4	2	2
186200	-216.759440664272	2	3	2
186300	-225.72520787235	2	3	2
186400	-218.052375569017	3	4	1
186500	-218.422800431771	6	2	1
186600	-220.848931678588	6	2	2
186700	-221.322024565749	7	4	1
186800	-213.135383573863	4	1	1
186900	-219.249069327543	6	2	1
187000	-222.172991567071	6	1	1
187100	-214.509366284004	3	5	2
187200	-213.143243832758	3	6	2
187300	-218.486454999347	3	2	1
187400	-214.975621146445	3	4	3
187500	-212.357503380018	4	2	2
187600	-215.730269228862	2	4	2
187700	-218.154057869898	2	2	3
187800	-214.124484427015	2	6	2
187900	-224.70662729562	4	2	2
188000	-220.279180341555	3	4	1
188100	-218.162814231526	4	2	1
188200	-217.562544350877	4	4	2
188300	-218.36588479566	4	1	1
188400	-221.802625249091	4	4	1
188500	-222.623606575976	6	3	0
188600	-231.420933461186	4	6	1
188700	-223.146225376573	6	2	1
188800	-219.2873123711	4	3	1
188900	-214.654355334344	3	3	1
189000	-221.595420630824	3	5	2
189100	-219.110082591932	4	2	1
189200	-209.287578295039	4	2	2
189300	-210.851895950363	4	6	1
189400	-217.395831870319	6	3	0
189500	-223.410237258737	6	2	0
189600	-217.967828537777	4	3	0
189700	-217.265128219922	6	2	1
189800	-219.489027561781	7	4	1
189900	-207.33024001149	4	1	1
190000	-216.437455169075	6	1	1
190100	-215.629399684861	5	2	0
190200	-217.08688242636	4	5	0
190300	-216.550297982798	5	2	1
190400	-215.374969752357	4	2	1
190500	-217.455320927039	5	6	1
190600	-213.60633083061	5	2	1
190700	-218.946196940501	6	5	1
190800	-218.607545943447	5	2	1
190900	-221.573267509917	7	2	1
191000	-217.570865102297	6	7	1
191100	-219.637883001214	6	2	1
191200	-218.608316595485	5	2	1
191300	-216.187880283493	5	4	0
191400	-224.908237285219	7	3	0
191500	-223.352546139351	7	2	0
191600	-231.172857940493	7	5	0
191700	-224.29847869328	4	2	1
191800	-237.543938497312	9	5	0
191900	-221.721771888904	5	3	0
192000	-215.893954589722	3	1	0
192100	-221.339944866653	5	2	0
192200	-221.370244159788	4	2	0
192300	-224.488665102314	5	3	0
192400	-218.504861067357	4	1	1
192500	-215.670209391183	4	1	0
192600	-220.162252524507	7	4	1
192700	-221.781113918886	8	2	1
192800	-213.968869859314	5	6	2
192900	-220.089873681497	7	1	1
193000	-226.001049864449	8	1	1
193100	-213.143796737358	3	2	1
193200	-213.725826407544	5	2	1
193300	-217.972731049603	5	1	1
193400	-211.563192287953	4	4	1
193500	-217.788735875514	5	1	1
193600	-215.774835136869	6	2	1
193700	-212.853114893006	4	1	1
193800	-210.262199391325	3	3	2
193900	-210.565269623583	4	4	1
194000	-220.184691488532	6	3	3
194100	-226.234986871614	8	3	2
194200	-216.13234738974	4	2	2
194300	-216.756425409414	5	1	1
194400	-217.749279138434	5	3	2
194500	-218.496512258188	5	1	1
194600	-217.592064883987	4	4	1
194700	-216.703696960335	3	1	1
194800	-219.694126412871	4	4	1
194900	-217.267638853035	4	3	1
195000	-220.262992046171	3	1	1
195100	-222.428696470747	7	1	1
195200	-213.415618663856	4	2	1
195300	-227.741443076897	8	3	1
195400	-222.978071342361	4	4	1
195500	-222.80528205092	4	3	2
195600	-220.850783429553	5	1	1
195700	-221.406696931302	5	2	1
195800	-213.207342362667	4	1	1
195900	-219.231735607948	5	2	1
196000	-223.040587116499	7	5	1
196100	-217.110791847559	6	3	1
196200	-218.598248692231	5	4	2
196300	-208.621289949632	3	3	1
196400	-207.019954162756	4	2	2
196500	-218.378908884944	5	3	1
196600	-220.62191136016	3	1	2
196700	-221.543293935647	3	2	2
196800	-215.094577408474	4	2	1
196900	-228.887078779391	4	3	1
197000	-212.881059718457	4	2	1
197100	-212.367908827237	5	1	1
197200	-222.437690800421	7	2	3
197300	-218.231502216763	4	2	1
197400	-213.864487933233	4	2	1
197500	-220.522446700756	4	1	1
197600	-217.935779355636	6	2	1
197700	-213.771849668867	4	4	1
197800	-215.57032011393	6	2	1
197900	-219.500724672466	5	3	1
198000	-221.248074337917	6	5	0
198100	-226.680688186766	5	4	0
198200	-212.103762797795	5	3	0
198300	-226.675051130804	7	2	0
198400	-216.138218760142	5	4	0
198500	-222.820021998428	6	4	0
198600	-217.531289507316	4	6	1
198700	-223.576645570375	9	2	1
198800	-215.109775598048	4	2	1
198900	-217.466748498414	5	4	1
199000	-210.14352037683	5	4	1
199100	-216.480517326203	6	4	1
199200	-215.793552659088	5	3	1
199300	-212.539730030376	4	2	1
199400	-217.05820537801	4	3	1
199500	-220.007853255771	6	4	0
199600	-216.771657733282	4	2	2
199700	-216.448053529159	3	4	1
199800	-225.531378343977	8	8	1
199900	-219.601812759352	8	2	1
2e+05	-212.590955331499	4	4	1
200100	-218.540026967368	6	2	2
200200	-222.660256032476	7	3	0
200300	-224.459325451959	5	6	0
200400	-221.547574902593	6	1	1
200500	-220.400503758808	6	3	2
200600	-213.092233092931	5	1	1
200700	-216.883460518504	5	2	1
200800	-220.905410796661	4	5	1
200900	-224.147439693498	7	3	1
201000	-227.930526177146	6	3	1
201100	-212.443633038552	5	3	1
201200	-217.915226712607	4	4	1
201300	-218.892013104659	2	2	1
201400	-213.854668456242	2	2	2
201500	-226.406282378211	2	6	2
201600	-213.148777882479	3	3	1
201700	-214.033239725518	3	2	2
201800	-216.046468974506	5	3	1
201900	-213.691031920355	5	1	1
202000	-213.711978365911	5	3	1
202100	-215.392281614051	4	1	1
202200	-217.60559315999	4	6	1
202300	-218.897739815942	4	8	1
202400	-210.817528605584	4	2	1
202500	-220.052438942568	6	4	0
202600	-221.704083784656	6	3	1
202700	-218.000621348739	5	1	1
202800	-221.4056970568	5	2	0
202900	-222.526020108197	5	4	1
203000	-215.696061351672	4	4	2
203100	-218.286383438112	4	2	1
203200	-217.636574511245	3	3	2
203300	-222.303222276483	7	1	2
203400	-216.70078337473	5	2	1
203500	-227.392030115218	6	1	1
203600	-231.962326437923	7	4	1
203700	-224.084124700075	6	3	0
203800	-212.446753112213	4	6	1
203900	-213.521888172686	5	2	1
204000	-219.238257171863	7	3	1
204100	-216.657015307064	6	4	1
204200	-229.464930543475	7	3	1
204300	-224.839375480652	6	5	1
204400	-222.03086417183	7	2	2
204500	-219.439952951855	6	3	1
204600	-220.016079931227	7	2	1
204700	-221.041298897736	7	3	1
204800	-218.690627443998	4	2	1
204900	-218.319587519385	6	4	1
205000	-220.583506219295	7	4	1
