SpeciationRateChanges
23.96562	6.274748	22.08437
23.96258	11.52285	22.18677	7.159694	19.31895	7.400816
23.96258	21.02293	16.61143	23.30878	14.77958	13.45804
22.04819	15.81427	24.81133
8.834561	22.1318	1.312168
14.14512	1.200017	22.63792	7.724394
18.83823	22.20596	10.39965	8.393791	15.69746	6.746867
21.68453	1.319656
0.8462034	24.04416	21.7234
23.9592	7.327256
23.96861	12.97767	21.31384
23.96242	21.6936	20.09233	13.09999	8.460372
23.96242	20.82308	16.47745
24.25161	17.24925	21.86335	1.928932
18.11706	21.76056	16.0277	18.4769
18.01213	22.06726	17.63717
17.13868	21.69102	8.168547
17.56145	22.09287	8.519837
16.03078	22.05745	13.17309	21.32841
23.93963	16.6737	21.9869	6.329725	13.55903
23.95006	15.29558	21.19001	5.142525	6.743083	2.869321
23.96972	10.72873	20.84357	7.047842
23.94819	22.30477	8.619922	0.41186	6.17334
23.95139
23.95139	11.01716	22.07683	1.273624
24.11213	22.06689	15.09322	23.91929	3.018406	20.47224
23.97972	14.24308	21.30707	6.585	13.70068
23.97972	18.4185	21.17971	22.51853
23.97972	14.07017	21.30148	23.7275
23.97972	21.45938	14.15353	4.8083	11.07993
23.9488	21.37675	16.25413	19.55176	15.90112
24.02219	22.12426	18.0868	17.94306
24.02219	22.15851	18.47497	16.43351
23.98456	21.73119	17.28378	8.262664
23.98456	13.7689	22.36655
23.95436	10.75628	21.58015	5.387283
23.95895	21.89395
23.96056	22.22676	2.674046	21.738
23.9844	6.1533	21.37996
23.9844	11.76868	21.59595	23.69717	9.885891
24.04939	20.98973	10.9974
24.10251	22.09725	14.80745	8.569944
23.94071	14.3777	21.19077
24.07845	14.02578	22.38601	8.948153	10.68255
24.07845	21.16304	11.51997
24.07845	22.32295	16.86818	12.35733	21.72739
23.96582	12.60633	22.06319	11.18809
23.96582	12.22603	22.19637	6.032728	4.420052	11.58292	10.88322
23.96582	12.23509	21.16959	0.2906633	20.63479	5.778981	6.50552
17.70217	22.18362	17.03417	4.165366
22.55736	14.99365
22.37108	24.22902
23.94756	21.95272	10.7928	3.700293
24.00611	20.95514	15.55283	15.48431	8.955156	3.022161
24.00611	18.04021	21.52399	7.320327	7.66107
23.94108	18.9725	21.02156	21.57849	15.33224	21.73036	9.422228
24.59062	18.18597	21.77138
23.95063	18.46585	21.12758
24.01345	18.46585	21.8028
24.01345	15.29668	21.43325
23.96761	17.9454	22.41328	2.615773	17.92511	8.801874	23.39481	16.08857	12.88328
23.96761	18.43876	20.82899
23.95248	18.43876	20.75692	11.93684	23.06445
23.95248	18.24932	21.63887	16.00757	23.44497
24.05413	18.35761	21.91837	2.424646	14.46373	2.278847
24.00008	13.96334	21.8965
24.00008	9.870146	21.00415	23.54497
23.98791	8.309508	21.03736	4.64479
23.98791	21.6766	15.72789	14.21673
24.01509	21.31247
24.00103	21.64849
24.02118	21.51218
24.05574	21.82442
23.95105	22.00409
23.94906	22.15689	22.57665
23.9765	21.7601
23.97592	21.68749
23.97592	21.7941	13.5276	3.779204
24.01868	11.70201	21.43276
23.96021	9.667168	20.80043	4.27679
23.95229	11.6893	22.45735	15.11995	13.89552	18.88932	11.68391
23.94388	21.69693	16.25845
23.94388	21.73634	9.149581	23.07285
23.94388	14.6254	21.68795	5.904566	12.72919	9.557157
23.94388	10.83643	21.69561	5.274385	2.629664
23.97808	11.42252	21.43198
23.94383	12.48425	21.18186	5.402415	12.4025	11.34747	14.13309
23.97374	15.45659	21.7071	9.230925
23.97869	12.39415	20.97345	2.077874	6.089347	3.898469
23.97614	21.78095
23.95508	22.05255	6.777432
24.14505	21.68576	10.95154	6.515234	8.597548
24.28033	22.08807	9.517786	6.717654	2.828315
24.20841	13.63337	21.87513
21.65694	22.20931
21.71287
23.31807	15.54091	21.51641
22.53631	17.86371	21.73956	5.982382	0.4032116
18.03069	22.6932	3.106445	20.64113
17.6816	21.78976	23.90463	5.229741	1.381311
18.07028	24.26112	5.542484	22.38819	22.7039
16.60114	22.53652	2.367187
22.08272
22.05761	10.73313
22.06776	14.57506	8.707626	11.86179	0.2330615
22.24018	10.54247
22.27613	10.00688	7.781407
24.05807	17.73362	20.98608	1.438229
23.96354	16.89495	21.41233
23.96354	18.32511	21.09495	2.128123
24.0122	17.80724	22.08563	1.149621	24.86107
24.08323	17.98945	21.2053	15.14267	14.20999
24.07718	21.43894	16.27513
23.9758	22.54641	16.60301	3.413401
18.48579	8.634231	22.10346	10.44071	6.390218
18.17029	22.08127	3.89039	0.7705251	0.3207772
17.86281	21.38743	3.232917	1.88993	24.98388	9.816723
17.70531	21.7119	24.22297	12.88271	11.18275	16.51883
18.46508	20.83755	23.96148	7.569971	23.71979	22.12671
23.96148	22.42863	17.29096	16.2819
23.96148	21.77727	7.421029	17.09575	8.455386	19.41486
23.94296	18.65327	21.3637	17.10046
23.94296	18.4268	7.874711	22.41499
23.94296	18.37792	21.6966	18.24929
23.94058	15.89651	21.71181	1.252911
22.02457	13.2111	21.28653
10.16707	21.72257
15.61833	21.66074	24.10195	12.18491	9.654586	12.20812
13.95268	21.30777	24.10195	12.49518	8.225168
14.60053	24.10502	21.83245
8.504517	24.04759	21.69055	5.627276
14.95135	23.94368	22.06057
10.50141	23.97932	2.404398	22.07551	23.67046	8.283011
23.9805	20.65627	9.135725	2.115373	2.876772
23.9805	20.83957	16.4105
23.97037	21.98253	12.19217	5.513734
23.98832	22.24281	23.19688
24.23402	22.28933
23.97706	22.03992
23.96125	21.69754	14.14824	23.82471
24.00069	21.72601	18.38775	16.38052	3.192816	10.61558
23.98648	19.25368	21.68797	1.349788
23.97442	15.21105	21.30827	6.512587
23.99047	15.87919	21.99099	1.28173	4.28341	20.8334	9.722052	7.969419
23.99047	10.23499	21.9352	1.072088
23.99584	15.06633	22.01325
23.99584	16.21884	20.63981	6.639482	8.42781
23.99584	18.93748	22.27298	15.63663	6.686814
23.99584	16.93145	20.99955	8.837392	1.500292	6.54378	5.101329
24.12932	9.997892	21.37572	4.958536	5.968127
23.93646	16.54741	21.65906	8.314202	4.745094
23.98739	14.72501	22.14966	7.921927	1.654121	6.611518
23.98739	15.32844	22.03114	11.52317	10.65335	8.981209	24.92412
24.06311	13.47793	21.4427	8.586728
23.97019	8.775	21.45035	20.87769	2.037142
23.97019	21.4515
24.01759	22.25199	0.6157921	0.5326128
24.07991	22.11418
24.07978	21.90787
24.09532	21.22789	20.80018
24.10667	21.73786	13.54132
22.25914	12.15075	5.305046
20.85015	18.0291	12.27702
22.26606	16.38467	13.16438
21.4298	16.28017	13.85145	21.15912	4.115809
22.19134	18.22585	9.52319	7.267681
22.35006	18.12469	12.55759
22.2592	19.29496	18.68551
22.23091	16.95337	22.19909
22.05549	15.49672
22.12618	17.23641	9.566062	4.702109
21.21386
23.98002	21.37921
22.06196
22.06944
23.00207	1.782378	22.23843
22.26347	0.04556968
22.2523	18.36052	4.007606
22.36725	18.36592	17.55899	14.63512	11.84038	1.894082
22.22612	18.4865	4.530321	0.04404975
22.22612	17.96283
22.365	18.89979	13.20185	18.43548
18.89979	24.06499	21.87117	1.884682	17.35912
18.40449	24.06499	21.51627	4.858574
17.82547	23.98451	0.1495628	14.37526	20.79211	17.53047
14.60364	23.98451	22.25277
15.00549	24.06461	21.11698	6.121556	12.62728	7.227552	23.83167	13.31999
15.61729	24.02763	21.77985	4.119868	18.17711
15.71908	24.10424	22.07472
24.05012	22.24227
23.95162	21.79572
24.02519	21.40768	2.302064	19.03745
23.99794	10.08716	21.01567	5.515809
24.08493	5.909149	22.19877	0.5435437
23.96993	13.75097	22.06895	11.88409	2.291513
23.98008	18.41087	20.67313	1.113253	7.957497
23.99022	17.0095	21.10214	7.627864	5.724767	2.672972
24.08553	18.12603	21.35413	2.984881
23.95341	15.17203	21.6423	0.338351	9.671065	8.399944
24.02211	16.61332	22.0881	1.977817
23.95726	10.09311	22.07689
23.95726	10.23334	22.0738	23.55771	3.365226
23.9539	9.892638	21.26777
23.9539	21.70181	15.58491
23.95666	23.71973	11.13148	21.07905	3.231401
23.95858	6.453794	22.17326	23.34182
23.95858	22.27772	12.84178	7.369504	10.58033	23.14432
23.97986	21.50713
23.9382	21.08162
23.94565	21.29776
23.94565	22.32922	2.778423
24.0234	22.59333	12.69593
24.06529	21.50985
23.98886	22.04184
24.02024	22.15351
23.99696	20.98912	23.67246
24.0755	21.79306
24.06498	22.13955	15.29248	3.006166	14.95456
23.98211	10.33688	21.7822	1.369842
23.98211	22.21548	0.4663691	23.36756	21.40312
23.98211	0.6329956	21.3881	23.09804
24.11871	21.34388	6.364205
24.05393	10.84916	21.36013
10.22021	21.70723	6.738567
12.34743	22.34995	4.179915	2.374984
22.08339	3.969282	25.01688
22.29273	13.42412	23.98537	22.50974	17.61999
22.03317	12.28809	23.99717	23.28043
9.510378	23.97569	22.65405
23.97569	22.11048	11.17002	10.03148
23.98664	21.70797	16.70406	11.14973	10.13838	13.10764
23.98664	22.09357	11.168
23.98664	15.17399	23.54244	22.30938	21.03339
23.98664	20.6082
23.9455	22.23546
24.01521	21.69973	8.959302
24.01521	20.85408	14.97201
24.11412	21.76449	16.87994	4.800522
23.94841	21.49362	15.72778
23.94841	21.50576	14.44048
23.95569	17.41129	22.06956	23.01351
24.01067	11.53839	22.65952	10.61065
21.2442	23.85878
23.94313	20.83139
22.2707
22.20976
21.66518	22.38776
22.74067	18.79546	14.12112
22.06608	18.13357	7.574866	2.663001	6.968684	19.49677
22.74726	16.5421	21.90752	2.550209
22.22546	18.52504	10.06809	16.73531	2.522731
18.0897	21.70662	1.65037	17.06247
17.28903	21.22559	6.300736	23.91174
18.17678	21.95621
18.66159	23.91339	7.194511	22.12709
18.05009	24.21201	2.327799	21.71712
18.28137	24.0394	21.73788	6.021454	14.20128
18.38734	24.0394	20.99816	14.82881	6.081899
18.60045	24.0394	22.64054	8.077269	17.38581	12.00316
18.23592	24.0394	22.11151	11.82213
24.0159	21.40929	14.14146	22.34687	6.012895
24.0159	21.64142	6.234242
24.0159	21.14086	12.26585	2.29003
23.9103	22.09257	12.10346	22.66962	10.2508	5.337754
24.00732	22.15832	13.75734	0.7496203	12.75178
23.93452	21.10018	19.07745
23.9304	21.10018	14.63535	22.5233	8.145047
23.99255	10.8607	21.67342	22.90598	23.71325
23.99255	17.7539	22.05785
19.22402	21.36485	24.22829	12.80941	18.31983	23.58687
22.3291	24.20741	16.1996
21.1571	24.03914	18.39039	3.639375	20.63213
23.99489	17.74003	20.83393	15.42547
24.02089	20.53143	17.30577
23.98551	17.56384	21.35507	7.115853
23.94964	19.48707	20.76633	7.622847	18.92875	3.409032
23.97535	18.03289	21.58346	2.506138
23.95393	18.45293	21.74796	5.526513
23.95393	17.83655	21.68632	21.46848
23.95393	15.63051	7.093636	16.77497
23.97407	5.787088	18.31494	22.3284	21.70811	23.87187	15.55937
23.89491	6.531199	22.14545	18.43963	15.16987
24.17257	17.89486	6.114067	21.37834
23.9394	18.80349	5.792733	21.51725	16.48829	11.64325
23.9394	17.9617	21.11097	23.36308
23.99008	17.8447	21.02505	3.893385
24.10401	22.31905	9.311271	15.59081	4.013964	23.23897
24.00922	10.54355	22.13246	21.77861	3.772137	21.98275
23.9677	12.14972	22.11354
24.15224	9.71549	21.01137	7.232264
24.07853	12.80407	22.1353	10.10499
24.00296	4.899753	21.73665
22.08107	3.628
21.78537	11.5731	4.552961
23.97054	15.94434	22.13181
23.97054	15.37596	22.08358	4.679261	12.41538	23.0026
23.94135	21.06737	8.656649	4.63232
24.08154	13.886	20.53826	1.81227	23.48818
24.19324	11.1166	21.34717
24.10526	8.1239	22.23003	1.758497
24.05539	18.16326	20.78743
23.86215	21.32951
24.07426	22.40488	23.88945	21.71864	21.45407
24.0377	21.69523	18.01176	17.00815
24.03722	21.49569
24.03722	22.78468	12.32337	21.69238	6.524102	21.79033	12.22791
24.03722	12.11281	21.27815	0.2478507	5.608808
24.00129	8.894783	21.3295
24.1848	21.3744	22.81837	23.58982	11.74005
23.96996	21.20107	14.46008
23.96996	15.40855	21.32969
23.96996	15.53859	22.30379
24.2569	15.56359	20.61826	13.49489	5.649667
24.13325	17.67647	22.09348	8.467985
23.99625	21.31715	7.865604
23.95756	21.69438	13.29444
22.28111	23.96007	18.09291
22.43895	23.98269	14.23832	3.810623
23.99921	12.37788	22.23722	2.235891	1.480346	6.752818	3.068267
23.99921	13.58686	21.34738	10.04972
23.95092	10.62931	22.39245	22.6807
23.95261	21.29169	18.35147	2.49595	22.73023	10.94145
24.0522	18.76124	20.83021
23.96772	18.67543	21.86759	9.769289
23.96772	13.64553	21.04719	3.757412
23.9981	21.68706	16.07173	6.115147	15.24432
23.99096	20.79444	18.31897	13.26703	4.741385
23.99096	21.79936	17.92693	11.37389	20.59006	23.29989
24.09646	20.91047	18.37634	16.15471	5.530583
24.10287	21.68849	18.2813	13.18045
24.10287	23.50907	17.45249	21.76268	6.51876
24.02506	18.11603	20.98284	21.3391	13.47796	1.610534
24.02506	15.37689	21.28546
24.02506	18.15122	21.8771	11.47211
24.01331	21.95287
23.90884	21.98582	20.99264
21.7265
22.40343
22.2745	16.52131	5.369128	4.937321
14.49301	22.22642
16.18831	22.10887	14.54002	24.0406
21.65071	24.05353	2.715668
23.94365	19.05731	20.64046	16.27921	22.14162
23.94365	18.4529	21.31086	4.529658
23.98496	18.35063	21.9611
23.98496	8.181433	21.81672	6.308964	19.53392
23.93904	21.27575	18.06823	0.7402758	13.43676	11.82651
23.93904	21.40289	15.05328
23.93904	21.97218
24.71493	22.42207
21.70163
22.25976
21.6862	23.97514
24.08749	7.993598	4.107039	22.27898
23.97133	22.32729	15.89034
24.20925	18.15478	21.51722	4.689989	0.8341341	3.908621
24.02636	17.5213	22.03605	11.10373
24.15023	16.64913	22.09559	10.71372	5.257402	23.33506
23.96124	17.18719	21.58814	14.83754
23.981	18.13996	22.30886	23.44684	17.01841
24.06586	16.5932	21.35059
24.04748	18.81449	21.7701	22.59349
22.57802	17.34285	20.84115
23.99368	21.11844
23.98667	22.37976
23.97615	11.35764	22.37962
23.97615	21.743	12.27123	0.3318175
23.97615	22.13662	8.333595	9.907686
23.96995	21.78453	17.60077
24.0628	21.67758	19.67485
24.0628	15.96463	22.20738	11.29979	7.642371
18.36543	21.71164	12.78464
16.99661	22.22157	2.273292
23.91984	20.82597	15.80951	3.950335	10.90078
24.10182	17.84379	2.908463	20.8642	15.49075	16.67952	0.5496887
24.00691	16.92176	20.92658	2.089307	15.3548	12.44275	2.419345	13.62458
24.20996	21.78892	15.18051
23.96302	22.30894
24.11176	21.38125	11.03323	2.560895	8.90669
23.90118	15.22887	21.53293	14.46517
21.66602
22.35093	21.73151
21.77919	23.96836
22.10483	24.02982	22.5478
23.96782	21.72624	23.62868
24.05175	20.82619	22.41423
22.10068
22.34687	21.20808
21.66003
24.09692	21.17246
23.92795	21.70385
24.06771	22.26094
23.98917	21.74771
22.15082	12.4644	9.221011
22.10576	15.39279	8.973712	7.905208	0.5627743
22.40892	17.21737	21.34348
22.09824	13.98389
22.25534	16.15345	6.767811	20.61622	24.88571
15.85003	21.57602
21.38687	17.78199
22.05401	12.07539
21.84894	13.86907	7.675203	3.80312
14.41344	23.98549	20.8667	0.8994538	6.25181	10.07259
15.4587	23.96941	21.74015	12.83719
14.9077	24.06226	21.11877	12.64903	5.261961
18.3922	24.17541	21.78924
13.94849	23.95349	21.54652	22.76588	13.09081	4.757379
7.672886	23.95349	21.26923	5.081557
7.239887	23.94123	21.02204	23.54205
15.77003	23.94123	22.23548	1.563313	10.57408	10.20681	15.74011
16.95774	23.94123	21.7686	0.7065487
9.49007	22.27089	5.792565	2.090148
9.662347	22.43895	23.90363	2.5357
22.07643
21.75586
21.62997
21.6706
21.67209
21.77647
22.26859
2.87547	22.11494
13.95292	21.74018	6.066176
22.36056	16.37662
21.31547	19.3145	15.52623
22.15495	9.414118	18.99327
21.88204	11.70517	6.759686	4.957234	10.82462
10.06937	24.30184	22.15405	5.461642
10.9524	24.32678	20.87738
1.57286	23.96976	22.23768
23.96976	2.753317	21.87626	23.29924
24.00678	1.096305	21.68512	0.8663698
24.12348	3.739197	20.9927
24.03479	0.7973547	21.08856
23.95083	2.355481	20.9844
23.94128	3.89846	21.89852
21.71802	19.60488	17.36157
22.21436	12.50964	4.953418	6.716263	4.827329
24.17589	19.4628	21.36288	10.17314	20.86913
22.30436	12.17255	21.68306
22.12977	13.08478	5.605369
22.14986	17.01834	3.999381	20.85859
14.62005	21.19631
12.85735	21.72844
13.16774	22.01546	8.138573
22.41705	9.605509	0.7357855	21.89851
22.37158	12.28909	2.316881
24.0161	13.4249	21.39718
23.96718	15.62936	21.7401
23.96718	11.4167	21.67572	8.841073
24.00677	15.40288	22.26959	20.80515	22.25687
24.00677	12.52053	21.65753	0.2556398	9.496635
24.00677	20.84689
22.07203	17.02336	7.968791
22.09091	8.889693	24.50956	6.617119
0.128027	21.35331	23.98294	22.22809
24.00669	18.84103	16.27985	11.38178	3.598242	22.19467	8.714808
24.02908	21.73512	13.56479
24.09821	15.60736	21.80525	0.4474898
24.04767	13.38863	20.94428
24.02178	18.31425	21.71073	17.78499
24.02178	17.09987	21.72588	10.44337
22.23184	0.07582535	24.22431
21.75811	12.22615	17.07745	11.99753
15.61729	22.37416	13.28724	2.904343
16.75008	22.05721	0.272899	5.825888
17.53322	22.35468	11.57408	9.281447
19.18695	22.16067	8.511493	18.45163	0.002004643
19.12125	21.87447	22.65177	13.56964	12.9031	9.60721	16.96171
18.26625	22.27096	21.40708
22.06668	12.60034	8.399336	14.31616	9.572101	2.383758	1.393211
22.21155	18.54121	20.13612	20.36119
21.73488	19.02453	24.51946
22.3504	11.20142	3.275053
22.4906	18.04277	14.70481
23.26376	24.00086	14.87333	21.14459	2.070804
24.00086	17.05876	22.06414	6.621573	1.382725	0.2475804	8.9996
24.00086	15.16404	20.90271	22.42361	13.9605
23.97395	16.55771	20.78559
23.99458	15.04514	21.36856	21.05227
24.1996	15.36956	21.87309
22.28652	16.41593	21.75875	0.07416746	14.74114
22.34237	13.91028	11.85821
22.21902	11.74883	21.79664
20.59356	11.33358	24.26015	22.4869	6.940689
10.46907	24.30023	22.23957	1.76135	20.82478	0.7908131
12.31585	23.97708	22.2953	0.3694471	4.414697	8.228134	8.47762	11.46844
17.10879	23.94754	21.73413
12.49425	23.94754	21.69502	9.580508
16.5403	24.20137	22.39699	4.653471	11.12105
24.01485	21.3672
21.70437
22.34142
24.12326	21.05074
23.95343	21.65273
21.6916
22.22078
22.23896
22.00353	13.63656	2.066333	21.21482	13.72305
21.74118	9.646093
22.01765	24.0144
23.92071	10.12161	21.65789	4.103253
24.13474	22.23544
23.94857	22.05771
23.94857	20.81224
24.09601	18.63692	6.45466
24.01636	18.29953	4.931013	14.134	4.591662	0.9569414	18.15697	2.783521
23.98257	22.08317	14.83513	18.3727
24.04512	21.51081	18.42794
24.04512	19.00364	21.55198	22.07764
24.04512	18.52326	20.78038
23.91119	18.97753	21.98103	5.061825	17.17296
23.97277	1.304273	18.04035	20.64062
18.58789	20.90585	3.201715	22.34786
18.04599	21.70368	3.883754	6.986341	9.570026	8.894206	17.45769
11.3536	22.16801	10.99335	4.596443
10.54653	22.05873	9.288031	2.629022
22.06791	20.41286	11.03779
9.890976	24.2001	22.13458
17.48061	23.95449	22.12704	21.09796
15.10865	23.95449	21.38594	8.003201
16.03009	24.16539	22.17586	2.758227	15.24088	9.436912
14.0652	24.0429	21.87208	19.48889	19.45273	9.70117
24.0429	21.86649	18.43416	14.17525
24.06065	22.08538	18.49377	10.76653
23.9338	21.72135	17.00175	5.517849
24.01901	21.53257	18.15721	7.398042	23.28173	0.7112401
24.052	18.48262	21.65305
24.00998	17.19329	21.96002	21.72449	12.86474	23.99487	1.804694
23.99766	18.21704	21.68929	4.692868	23.27185	3.61909
23.97726	11.9289	22.06427
23.97956	17.17397	21.44554
23.97492	17.38671	20.71933	7.25749
24.03496	11.86491	21.21629	8.367316	23.29119
23.9488	13.30567	21.03234
23.9488	10.42455	21.75728	0.7333572	6.386547	9.041736
23.9488	21.7355	3.856692	1.400815	0.1738664
23.94372	21.73287	0.7019833
23.94372	3.928377	21.24989
23.94372	3.828782	22.08537	2.200602
24.04414	4.160133	22.3688	21.85679
23.95345	1.237007	21.00807	23.58813	7.808845
24.00337	3.181242	21.67312	23.71761	1.706334
22.22146	10.18565	7.530859
22.06815	13.85002	1.433644	24.33563
21.33841	24.20492	8.926416
24.04616	10.51197	21.41597	7.081889
23.96661	21.34827	12.82821	22.7379	8.234307
24.27504	21.23893	15.09701	12.24131	0.1903943
15.8509	22.07628	7.476817	3.154757
10.23747	22.0949
22.33485	22.18849
22.04548
22.37292	24.3133
21.24475	24.0422
23.95767	22.18579
24.03386	21.72539	23.6091
24.06153	22.09217	22.72761
22.49626	9.883181
21.70627	24.06117
23.99978	21.31942
24.00182	21.9022	1.789602	16.52388	3.351294
22.15461	18.15382	8.80511	11.53521
22.06481	18.45174	10.16014	2.201743
21.62864	17.75423
21.34625	17.7131
22.42368
21.62627	10.34717	4.843924	8.004688	24.99443
17.4054	24.23572	22.18613	7.31334	8.565356
15.49152	22.32481	12.73053
15.92031	22.23274	5.223221	1.590231
21.98938	12.0201	7.273366
24.00679	15.70586	21.3831
23.94568	15.37344	21.45024
23.94568	17.91331	21.32817
23.94568	18.46193	22.06088
23.96732	18.04175	20.91977	5.074278
23.97133	17.86959	22.33278	14.3102
23.97133	18.11008	21.60933	15.98001
24.28035	22.06345	9.810255	15.91475	21.51997
17.96505	22.05226	5.082848
18.39982	21.68332	5.343152	2.270242
17.94732	22.29202	16.7548	13.48098
18.77122	22.24558	14.84525	6.43275	20.94846
18.46596	22.22331
18.73902	22.3061
17.83299	22.1919	5.110733
18.4535	21.42297	21.26391
14.89963	22.11678	20.77969
24.17208	21.67657	4.893746
23.99053	21.68517
23.88233	22.04067	23.61181	3.293481
24.04151	8.142662	21.71571
23.9964	16.32542	21.22624	2.087221	23.04185	6.271352
24.02228	16.58783	21.3242	14.3366	5.795551
24.02228	21.78096	15.91501
24.03043	22.26923	3.821566
24.03043	22.31148	15.3643	8.459748
23.97967	22.13796	12.64572
24.04229	22.07514
24.00949	20.76546
24.00067	21.12916
24.00269	22.29657
24.09458	21.89934	21.7129
24.04755	21.7799
23.98183	21.66843
24.01293	22.04024
23.94595	21.50296
23.94595	21.62958
23.94595	15.48774	22.10038	23.22194
23.94595	18.80195	21.12165	23.58907	7.166553
24.15418	17.93568	21.71253	23.30741	13.69857
24.02544	15.58709	21.48104	3.308574	21.38219
24.11093	7.080013	21.64044	15.25696	21.908	10.36265	13.30171
23.92314	11.76922	6.912038	22.0763	10.90171	2.748957	10.26539
23.97959	9.497021	21.3805	22.3722	9.336559
23.97959	19.63308	22.15777	13.3585
24.05793	8.811957	22.28153	10.82584	7.226452
23.94487	15.59935	21.64776	23.07405	8.222268	2.712683
22.1971	24.07265
21.36735	23.94482	15.74224	7.299468	14.82897
23.94482	9.038453	21.82031	0.3250967	0.1434062
23.96318	11.44474	22.32898	10.26533	21.03257
24.0555	21.17744	18.657	6.268477	14.96039	21.84016
24.0555	22.26205	17.803	12.34013	11.30029
24.03039	21.31153	18.26692	10.91962	14.0698
24.1625	18.40777	22.22881	3.315289
24.19672	21.45073	18.94993	9.620359	3.845544	8.600401	5.465936
24.08968	17.33122	20.66901	22.77028
23.94775	18.02451	23.32139	22.53943
24.06886	18.03292	22.03772	8.068528	23.29687	17.61716
24.05178	18.55584	22.0959
24.00082	12.3642	21.49897
16.5298	22.10215	0.8209232	14.27687
22.36681	12.67917
22.2097
22.72009	18.05685	16.6584	24.38796	9.852582	8.48925	9.286452	14.83207
22.32035	6.970114
22.14675	1.89183
21.92285	11.15719	2.592426
22.34966	18.12055	18.00704	21.15318	14.442	10.00812
22.34966	18.24855	17.29886	13.71002
21.6851	18.70244	6.782086	25.03132
22.05505	16.89217	9.629074	7.750647
22.05505	13.19476	24.19833	11.05231
20.79827	24.0842	18.72952
22.50148	24.25298	11.35643	5.958983
24.39954	11.66955	21.69206
24.36153	22.6283	10.48277	1.072537
13.20077	22.93025	21.35755	0.3512154	23.04566	12.07898
22.70072	14.53754	14.69267
24.06616	17.94308	20.99983	14.74929
23.97234	4.586281	20.83008
23.97234	21.72672	23.63094
23.94422	22.26419
24.14298	17.42839	22.15303	22.07439
24.20335	17.06208	22.29382
23.95514	21.85534	12.60751	20.68319
24.05003	21.00349	13.80058	20.99281	10.74387
24.04381	22.21491	20.63315
23.90477	22.02405	7.465721	5.943851	6.085842
21.07619	16.41449	24.11778
22.05683	18.92517	2.19984	3.589686
20.88494	18.09402	8.892396	4.575499	15.89333	5.49938
21.93293	16.86115	3.470812	24.26856
22.48812	17.93508	24.14019	4.29054	21.4983
21.9325	18.41732	24.13559	5.658017
20.8361	18.47536	23.96924	15.46241	7.456616	22.44207
13.44223	23.96924	21.09939	21.5681
10.852	23.95314	22.41764
10.98821	23.95314	21.62633
10.7745	23.95314	21.36905
15.74412	24.04812	22.00615	6.324897
15.68198	24.11836	21.72372	5.279189
15.56318	24.07364	22.1677
12.14689	23.98938	21.66187	3.366773
24.16934	22.25675	15.42615	7.655288
24.11862	21.76725	7.920218	2.712364	4.242089
24.01049	22.05381	9.138955	4.999328
23.98834	20.70296	11.74061	10.30602	11.43388	23.87256
23.97767	10.17946	22.06204
23.92937	8.932516	22.05125	17.80708
22.06323	17.69458	6.348977
22.3084	17.37757
23.93963	17.34168	16.38658	15.13307	21.38902	14.39372	13.0359
23.93963	18.30389	21.84983
23.9625	11.04235	5.26299	21.38307
23.9625	14.23843	21.37632	0.4960784	10.40499
24.22122	21.57839	15.12587
22.35061	12.25428	4.087811	11.93033	4.587554
22.25832	15.312
22.10685	11.6677	10.06995
22.33956	11.40261	2.274669	2.850131
22.50755	16.96391	22.17928	3.470739	6.024786	22.2668	12.24845
22.05446	14.13696	1.351564
17.27253	20.82111	24.1389	13.3042	2.923171
12.96512	21.86561	24.1389	6.546077
20.6269	24.1389	22.41656	22.79272
23.96248	21.21427	9.602507	23.95147	3.947698
24.10333	13.14043	21.19302	3.935808
23.88244	22.19949	3.764521	16.54488	15.83764
23.91125	21.81048
24.31246	21.74901	12.28136
22.21024	11.7211	21.51011	9.718862	4.565111
24.03825	16.65288	21.5955	15.8208
24.04313	18.29738	21.35563	4.53502
24.04313	19.555	20.72933	0.8715969	12.03471
24.25059	15.4142	21.41935	12.99886	11.44899
23.95033	15.31131	21.73514	21.76059
23.96082	9.718897	22.38803	0.9770967
23.96082	15.55589	2.295564	21.77091	23.0432
23.96082	12.35203	21.6882	22.88007
24.04929	15.7448	21.71997	23.76272	3.249032	8.213805	13.47966
24.02694	13.77418	22.18278
23.97473	18.21718	21.61756
18.58485	21.75198	2.934365
22.03413	18.02681	16.43097	15.2216	11.2356
22.0346	18.23501	4.680393	8.509744
18.15432	12.5755	24.05273	21.52823	23.92521	6.141221	3.533295
13.3443	24.02593	21.45938	1.839992
15.05003	23.91393	22.11818	23.62486	3.161886	20.80032
11.08753	24.03427	21.36216	2.13663
9.444363	22.05792	8.436135
22.04146	16.02098	10.55156
22.12143	16.93247
22.035
22.53704	21.44248
21.10674	23.99323
21.74072	23.97279
23.97279	21.76805	17.45412
21.741	11.45149	24.07817	10.79372	22.46701
21.1575	11.77986	24.07817	2.144654	21.71014	21.24312	5.414227	9.923899
8.113095	24.04182	22.26005	7.694714
7.790423	24.01127	21.21485
3.384539	24.03149	21.69165
12.58543	23.94051	21.93211	8.18531
15.7598	23.94051	21.68711	21.44419	23.39014
15.2491	23.94051	21.42244
18.9578	23.94051	20.93273	4.817344	18.09862
17.08239	24.03051	21.64056	5.062169
19.13804	24.0972	21.39265	14.63881	12.26052	0.5076552
17.8767	23.96521	22.33995	10.46692	2.872414	23.9626	1.412041	20.83227	13.49156
17.7645	23.99609	21.34554	3.354438	17.7395
18.51171	23.99606	22.22866	8.783343	23.52173	0.9618655
17.96038	23.99606	6.449247	20.81453	7.91547
17.82701	23.4629	21.80905
18.40291	22.10427	13.28561	8.042153
18.68576	22.27934	13.78877	23.87858
23.97921	17.53369	20.85637
23.97921	18.18516	21.52232	17.54513	22.71565	2.42488	3.630176	17.83329
23.95045	22.03588	19.28088	11.20317	10.74943	3.938789
23.95045	13.69344	21.08144	6.046213	1.213972
24.05666	16.07282	22.08968
24.06147	13.05898	21.87972	2.921885
24.06147	8.784669	20.60223	1.300388	8.759289
24.29285	14.28438	22.25346
11.38583	24.02891	22.29385	21.38332
10.95667	24.02849	21.86937
13.27718	24.01869	22.47725	0.2140836	23.78001	7.944749
24.01869	18.15028	22.43328	10.04312	5.149663	1.206404	22.28964	2.733924
24.06658	18.40317	21.63923	5.366435
23.96481	18.11074	21.76308	4.492391	11.61421
23.96481	17.6637	16.60221	22.55946	9.606584	14.66007	22.01248
23.99896	22.06979	13.97601	6.987313
23.98144	18.1888	21.08962	15.70125	5.061058
23.96431	18.26336	21.19319	5.677371	8.935081
23.96431	17.53397	21.09215	9.944087	4.039836	3.083097	22.28432
23.96431	16.71068	21.5602
15.15538	22.30862	12.31885	11.28127
13.73087	22.05669	1.686967
11.01478	22.05669	1.886988
22.51196	10.98542	0.9061669	21.19465	8.082581
14.39722	21.41322	10.16222	4.133899	3.325263
16.9013	21.87691	6.872789	6.678715	14.61202	12.90238
22.12562	10.77185	7.104029	20.9913	23.27605
14.88367	23.94304	21.6708
11.71202	23.72495	21.12778	2.657603	23.23611
7.080363	24.04811	22.02093	2.495241	2.321858	4.699779
9.315624	22.47273	1.621375
11.94436	22.07572	0.2415181
11.93499	22.07572	11.53908
12.75659	22.34994	7.098862
15.46748	22.06762	21.17002	1.666602	13.10871	3.83626
19.02292	24.04222	0.117553	21.37392	10.39985	16.11317	15.06203
17.95206	24.04222	21.25138	10.0234
23.95534	21.16379
24.18798	20.88226	18.36571
24.3311	18.56141	22.3571
23.72987	19.02983	21.15599	10.22183	14.5637
18.83461	22.04569
24.06233	21.42731
23.9974	21.69817
23.97202	21.67475	23.65553	23.40654
23.97202	21.3692	18.39222	5.51878	22.7453
23.97202	21.93386	18.0356	15.54314
23.96665	21.74781	18.36834	0.2252136	9.19872	11.32926
23.96665	22.39706	16.03711	12.22608	4.141383
23.9849	22.76565	21.93555	20.8635
23.95604	23.06003	21.68267
23.95604	21.12638	19.02051
23.99654	21.03232	17.41588	17.40184	14.51618
23.94089	17.04287	20.84029	9.155087	7.631375	2.99167
23.96563	15.00438	21.77768	11.3248	14.37459	23.37308
23.96563	17.15292	21.3928	16.49837	10.12562
23.96563	18.63493	22.26666	0.2089716
24.27046	19.55249	22.44255	21.56765	8.15843	15.18071	5.188435	16.28874	15.30378	18.83166
23.98446	18.01624	21.60007	0.4984218	10.2461
23.78414	22.23075	5.125422	18.34535	4.063679	21.66599
23.92711	4.793728	18.40057	21.08541
23.92711	17.32543	21.11567	1.5058	0.03373897
24.00903	18.1244	0.7792385	22.15471
17.09475	21.24677	23.9552
24.0363	22.22849	17.39894
24.0363	18.42394	21.81073	0.1872977	2.373652
24.00892	18.21581	20.71943	11.9007	2.10862
24.04797	14.52843	21.70918
24.10888	12.82753	22.0746
24.14598	22.09724	9.574143
24.05158	20.90423	9.278737
24.05228	21.81961	12.54673
24.27972	21.55177	10.00587	4.106803	6.529854	1.588189
22.0332	14.08919	21.6318	13.63922
24.1435	21.3652
24.04231	20.91579	18.76239
24.01452	21.68418	11.19545	23.50861	10.73519
24.14499	21.05958	14.96703	14.77025	20.55807	3.257944
24.14152	21.53826	18.40381
23.99049	6.981774	21.70198
23.99049	0.7774574	22.12118
23.99665	21.70561
24.00493	21.6991
23.9567	22.40034
23.96503	22.19537
23.95617	20.9798	0.8092602
24.03204	20.06131
23.9553	22.21615	10.32596	7.886215	0.4986036	6.59342
23.98653	21.34524	15.30844	13.2312	1.561637	0.6001874
23.98653	22.32269	14.82053	1.59464
23.98653	17.52627	21.13214	7.929407	1.349374
23.98713	22.27785
23.99326	20.97197
23.94298	22.37049
23.98257	21.90143	10.75568
24.18439	22.12769	18.05623	9.871084
24.06145	21.87509	18.51505	10.20611	10.87164
24.06578	22.27276	15.01339	0.8447948
24.00803	21.36546	12.37297	2.705523	2.443586	14.86581
23.93664	21.69409	17.78687	23.28503
20.77918	17.49372
19.57498	22.31548
12.14746	22.07176	5.630085	10.97757
22.29	13.9956	6.223096
21.74797	19.07991	17.83133	3.129863
22.25281	18.29196	3.065375
22.11112	18.46439	24.34919	1.98207
22.05837	18.47913	2.64864	23.79788	3.584208
22.09046	14.46695	24.45941	12.64608	9.288807
22.1269	11.30057	3.644508
16.69885	21.69446	15.2074	4.046392
17.69503	22.08617	8.389494
22.14959	4.834348	0.002559284
22.13881	8.108092	2.725965	3.507463	13.48878
22.03036	10.08077	7.704505
21.83417	14.87398	9.711831
21.92002	14.62665	21.12669	6.34373
23.9774	21.68918	12.29541
23.9774	15.94466	21.63152
23.9774	18.44149	20.96801	5.733939
23.9774	18.46763	20.90206	13.44207	12.68621	1.187194	10.77656
24.13861	18.4183	23.75143	22.39143
24.13861	17.18995	21.72767	0.8999099
23.93652	18.35422	21.11562
24.07548	16.81398	21.75089
24.31869	18.05646	21.39115
23.96696	16.45031	22.08924
24.08661	17.41847	21.68944	13.65698
24.22647	17.47254	21.12766	1.242217
23.9402	18.04259	22.05801	18.09168
23.98953	21.82641	16.03481	2.074444
24.03502	19.22483	22.14032	17.3894
24.01664	9.856673	0.4367835	21.79716	9.529286
24.01664	12.81231	21.72922	8.110914
24.02312	8.58426	21.72922
24.12122	16.89491	21.81237	22.90925	11.89755
23.95238	18.4159	21.3411	6.300042
23.95238	18.29694	21.51471	14.82107	17.91487
23.95238	17.51916	21.13316	13.27663	12.40771
23.95712	21.44232	17.60347	1.7211
23.95712	20.80509	17.339	1.729438	15.85658
23.9587	22.05329	17.00339	23.10028	23.42211
23.93114	22.07076	17.68909
23.78481	19.55612	22.19578
17.97095	22.2392
12.42439	22.23963
10.52292	24.28208	22.06743
18.29783	22.34924	14.43671	10.51699	6.772562	9.905481
22.62476	17.67589	5.092431
3.679896	24.06209	22.29614
1.385922	24.03101	21.41025
2.875104	23.98014	22.69675	21.40578	23.20919
22.15172
24.01244	20.78909	0.1265532
24.06215	22.28818	0.2075818	18.21667
24.31112	21.34943	10.51083	24.02166
12.5684	21.98787	24.00566	12.43102	9.936172	6.656298	5.599315	23.91174
22.03036	24.00566	17.62292	14.30946
24.06991	21.8314	16.86233
24.02571	18.32375	21.88004	17.06512	1.963077	2.533615
24.02571	16.50358	21.37879	9.184802	1.571492
23.97914	22.13776
23.97914	21.22624	7.829878
24.05952	9.6042	22.08812	0.8345742
24.02922	20.60148	1.547905	21.14505	21.43984
24.04344	19.58242	5.308108	22.41657	14.47481	22.17259
24.13049	18.33472	5.903423	21.17148	7.95948	23.947	2.023272
24.13049	17.947	21.40859	15.38608	9.452673
24.02687	15.27791	22.08227	23.88165	7.843304	12.87965
23.94	21.8255	16.83403	6.000815	2.96573
23.94909	21.81172	3.861806
23.94909	21.68343	2.658938
24.17364	15.6637	22.56578	4.421217	11.50739
24.17364	22.73521	16.59725	2.410074
24.16235	18.44297	5.530108	21.32474	15.52546
24.0962	14.46472	21.40412
23.99868	7.58291	22.04568
23.95354	8.143572	22.431	14.71047	21.95472
23.95066	0.2750425	21.08417
2.978964	21.74361
1.494695	23.92444	21.60929
4.160017	24.01883	22.54941	21.2268
0.04688601	24.2565	21.76241
4.185697	23.96305	21.08425
7.10048	24.02661	21.33649
9.865336	24.0558	21.33031	2.268331
24.10594	22.09959
23.96917	22.19141
24.02296	21.63305
23.95892	21.05129
24.04591	21.12388
23.98797	21.0955	22.23931
24.03091	21.12719
24.01147	22.63219	15.65538
23.98169	11.00112	22.11553	4.43559	3.941878
23.98583	14.53004	21.58624	6.320018
23.96026	16.10546	0.7206151	21.45286	15.99464	23.12432
23.96026	21.71532	2.852481	0.8571704
23.96026	10.24274	22.20452	14.89185	14.33324	5.165913
23.98192	14.27319	20.87645
23.91847	15.36707	20.82603	8.913298	0.2192875
24.09057	13.71093	21.67814
23.94741	0.08093074	21.69004
23.94741	2.197032	22.30869	23.61645
23.94741	20.91761
23.93878	21.50452	9.626036	8.758015	0.5892379
23.93878	20.93353	14.76032	8.625742	6.60736
23.9526	21.27074	9.356313	6.817697	5.231176
24.01396	15.63467	21.08748	1.884997	11.87793
23.96561	19.27896	21.84903	3.024869
23.93955	18.26595	21.34388	9.00175	6.60867
23.93955	18.05387	21.70535	17.22532	4.93623	20.7841
23.99498	11.78669	22.37936
24.01108	17.9027	21.54033	23.17678	6.062124
24.01108	16.13609	22.06749	0.5514804	6.924089	22.68598
24.10699	10.22691	3.319138	0.7547191	21.69782
23.95602	10.67159	21.71162	6.397792	10.13371
23.95602	13.16557	22.06208
24.00227	22.38045	14.65045	22.51941
23.91984	15.77303	21.02868	2.804175
24.29083	12.24895	21.85623	0.3436595	21.16793
24.02558	9.352954	21.47285	5.764648
24.11274	16.69282	21.73238	13.20817
24.01651	11.81207	22.08101
15.7944	22.02336	5.023205	13.83534	0.09063522	15.11129	15.56688	3.549015
22.06602	18.26227	10.17531
21.41478	24.09113	17.03518	0.929154	12.56459
21.6879	24.04748	13.43048	3.999831
22.40684	24.04748
24.13253	22.20522	12.8626	6.545965
23.97785	22.35261	13.5227	21.36455
23.97785	22.13479	15.2611	7.776035
23.93881	22.15737
23.93881	21.53054
23.96484	20.7718	10.87763	5.50326	2.188948	0.3184741
23.96484	22.00223	13.98194	3.068701
23.96484	21.45628	19.55575	15.45114	24.99976	22.30647	23.77692	14.35853	0.7387551
21.94662	18.47759	10.19587
22.08217	16.11288	7.08499
20.79702	14.32959	6.873491	3.513942	5.466123
21.7025	15.12864	1.847178	2.980939	0.1739865
20.85516	13.9809	24.06573	1.627746	15.21562	22.93388	22.7223
23.95831	17.22347	22.0562	4.612396	9.256766	8.736869
24.03058	14.65496	22.37861
24.03058	22.04339	15.95136	13.95666	4.752415
24.07307	15.18738	21.70511
23.9878	15.48579	21.71023	0.8096051
23.9878	21.77589	10.94686	8.308681
24.13324	21.71577	19.07472	2.774881
24.26859	21.49276	17.71557	9.820867	7.132047
23.96653	9.024703	7.662477
23.95674	14.15893	21.54116
23.95674	12.50586	22.1883
23.95674	7.062466	22.02377	15.46786	1.515245
23.95674	18.26856	20.91502	3.636367	22.26888
23.95473	18.65423	20.70427	4.505533
24.09089	18.96431	21.32411
24.07146	21.39078	10.52857	2.351228	22.04049
24.07691	21.03855	10.93658	24.94926
24.07691	11.61665	21.17082
24.06242	22.23858	18.25432	2.394084	10.21258
24.12796	22.25508	13.53384	6.014905	24.82592	5.993128
22.22008	12.33269	21.00817
21.83954
21.13945	24.24177	22.24772
23.97234	22.13105
24.03835	21.73196
23.97999	21.37204
23.97999	22.29661
23.97052	21.16668
23.97052	22.25985	13.51619	6.925469
24.10662	22.44812	15.27515	23.48845	21.5105
24.11431	21.24902	18.54332	12.34427	21.92934
24.08598	22.07474	16.39438	13.61424	1.298145
23.99096	22.26729	17.92704	9.452763	13.48779	9.916493
23.97131	18.91886	1.588281	22.55022	12.14006	9.549378
23.97131	18.05259	7.066162	21.34587	17.44334
23.97131	17.91349	21.88062
24.04735	21.05163	19.51265	18.03966	1.142304
23.96686	21.79476	18.37952	18.00569
23.95166	21.73359	15.5139	8.422914
23.98354	21.73359	15.14061
10.34039	23.95125	8.005786	22.10871	3.419719
15.12093	24.00712	21.04299	10.54336
24.02743	21.72254
23.95653	21.72697
23.98272	22.16051
24.11179	21.86391	22.72253
23.99993	21.67813
24.00214	21.49813
24.06136	20.82461
23.96048	5.237178	21.61206	4.661481
23.96048	21.2339	10.2114	5.542969	23.36807
23.96048	22.38154	15.12616
24.047	21.47765	4.643329	17.16636
24.04774	21.71753	18.48619	10.29944
24.0182	18.42343	20.81614	11.31585
24.09547	17.80745	22.36776	5.067704	3.569445
24.09547	18.40139	21.6944	5.141989
23.99875	18.29266	11.36719	21.68176	6.489538
23.99875	18.39894	21.63594	7.598522
23.99875	18.30514	22.35209	6.26849	1.169562	9.456082
22.21876	18.40782	21.3236
22.28279	18.40537	15.52667	3.730222
22.08875	16.97146	10.03374	1.783588
22.11346	18.33547	2.862524
23.13802	15.20811	21.09292	1.449444	1.30213
14.72684	21.68545	13.03405
12.98126	22.039
21.68585	24.29082	15.82837
21.68542	19.50401	24.08073	15.47581	5.849355
21.10998	18.59647	23.94576
16.32823	24.06564	21.64984	23.53034	21.17191
17.9757	24.21666	21.6333
17.2075	23.98626	21.1078	2.434091	23.46257
18.39173	23.98626	20.8411	21.91094	17.60338
18.34528	23.96746	21.23718
14.87157	24.05633	20.62786	9.584686	13.22267
13.23246	24.08504	5.168335	21.94831
24.06009	22.36591	11.95808
24.09846	21.13578	22.92567
22.45199	23.96619	21.13909
24.02234	22.08444	23.205
24.02345	21.70618
23.9781	7.172296
23.97574	13.69401	20.88283	9.85381	12.25177	9.904134
23.99381	15.38474	21.17363	8.399053	5.175387
23.99381	13.59944	21.12471
24.04783	13.59887	21.04274	4.265438	21.57471
24.20411	16.11061	21.49596
23.98954	14.18993	21.23484	8.544739
23.98954	20.94607	8.585474	1.239083
24.00793	22.27568
24.00859	9.68876	20.90331	2.794902	5.229788
23.95238	22.31176
23.95238	21.81337
23.96307	21.04528
24.07316	21.19659	8.814624	22.21367	0.1059847
24.17139	21.70196	4.543525
24.01711	8.50793	20.75978	1.502473
24.01711	11.27575	21.97649
23.93909	12.43173	21.62971
23.93909	10.99622	21.35677
22.41484	12.90756	21.62703	20.65197
12.51311	22.116	7.330697
22.17944	9.081927	7.013013	1.751642
22.25405	15.31975
22.08468	9.564272
22.30617
15.25223	22.52919	21.17457	21.45334
10.18915	22.36177
23.88273	6.72929	20.98304
24.01153	10.49699	21.70515	1.66702
23.94846	22.68786	9.520129
23.94846	22.08686	12.47465	2.838098
23.94846	22.36847	14.37841	10.61492
23.94846	15.2608	22.07329	8.57363
23.9909	18.73389	22.00335
24.10558	18.40776	21.01972	5.116018
18.46453	22.23445	11.97448
18.43273	22.26472	23.74941
22.13928	18.43028	7.177881	10.79146
21.09001	6.340759	17.19488	18.84565	6.23752
21.91724	18.47011
22.27404	13.21228
21.77071	24.03416
24.04417	21.85625	21.56581
24.13246	21.67437
24.04704	21.36498
24.15754	22.10751
24.26962	22.09991
24.07809	21.0892	10.32906	8.884298	3.251329
24.07809	21.30951	18.10552	13.90365	10.7846
24.07809	14.77539	22.27679	5.259156	3.231336
24.0289	16.5792	23.30122	22.23943	21.31199
24.00007	17.73844	21.09913
24.02782	17.2636	9.348414	21.6816	23.57039
24.22703	17.80716	22.1071	7.369595
24.03317	17.98895	22.04803	4.691635	23.35726
24.06049	17.68433	21.18562	10.54144
23.95816	17.87638	21.25171
24.04027	22.28787	21.11741
23.89561	20.88146
21.71559
22.43941	9.710336	1.485554	2.483855
21.86574	11.10589	2.667619	3.516403	5.695206
21.7759	19.29728	7.779641	4.667078	13.79744	7.571495	11.4421	16.83892
22.14669	17.12265	6.779814	21.7036	20.60924
14.76712	22.13516	13.09809
21.65329	17.37433	5.200222
21.87184	18.00296	21.38511
21.51198	18.21748	3.721622	17.54062	0.2671985
23.30242	17.67545	7.335195	21.14446	11.17234
17.85549	21.7895	24.05621
18.48562	23.95832	21.70537	6.966337	3.026308
18.33358	23.95231	21.2939	9.296433	9.037774	17.80039
18.06233	23.95231	20.8157	22.33212	13.5473	6.963861
10.87374	23.97997	21.69741	5.438484	5.480986
24.03551	22.13361
23.98985	22.11978	18.87437	0.2386754	13.7613
23.97729	22.36984	17.81591	7.764492	15.73202
23.98617	21.7735	18.07489
23.98617	18.95184	21.40902	8.240912
23.92923	15.80213	21.21319	5.264776	7.61519	13.33553
23.97639	21.65012	17.65256	8.384068
23.97639	22.42645	16.84531	8.669196
23.97639	21.45594	12.67949	8.155656
23.97639	21.48739	16.05788	20.54689	23.84178
23.97639	15.63713	22.02474	2.118467	23.34001
24.13136	14.8726	21.66958	2.707919	11.02225	2.848932
22.13964	13.85188	1.896463
24.14897	21.80861
24.0958	21.81094
23.93924	20.7894
22.03136
21.32222	22.41335
24.33323	22.56973
22.03548
21.68927
22.09091
23.87192	22.37785	6.718737
24.20857	21.37472
23.9491	21.42508
24.03949	22.02185	9.027897	13.73636
23.88738	22.05737	10.85581	0.223795	3.692618
21.18116	0.7700338	19.96744
21.88736	18.47997	1.408546	13.78672
21.06051	18.38723	24.14227	3.276812
24.01919	21.34633	10.8619	10.74681	2.763291
24.01919	11.89391	22.09196
23.97333	16.56916	21.5645	13.22113	10.78032
24.01214	16.51686	22.06658	6.732777
24.02713	18.43314	22.22752	12.71051
23.96688	20.5586
23.98295	22.25142	16.78572
23.94739	23.3834	12.69603	1.110551	20.43524	10.10845	9.082011
23.94739	22.1332	18.28875	16.82916	22.83662
23.94739	15.20488	21.02348	12.40782	4.779088
17.44685	21.36684	22.49254
18.36393	22.03924	4.374864
18.4653	21.71871	22.3526	2.878366	4.998984
16.46926	21.62748	7.521011
13.39682	21.81586	3.533742	19.07792	15.79991	9.084042
17.30165	22.06491	4.277078	10.08651	2.497869
7.068111	22.06491
10.925	21.51868	24.13194	8.600549	10.50312
22.06342	14.32122
9.367905	5.07499	20.89271
9.774733	22.20633
22.24796	7.447985
21.64663	18.17975
21.68711	19.31421	7.512135	14.31575
18.5094	21.37329	23.87791	22.90598
18.44195	24.02397	21.73401
18.47523	24.05696	22.06531	12.20505
18.38578	23.84365	21.75986	18.11042
15.56312	22.02106	23.96698	2.419796
9.270393	21.58911	24.14805	21.06905
21.19967	24.15509
24.18635	21.52396	21.72514
23.96273	21.31841
24.25584	21.78275
23.97545	21.71883
22.06147
22.06395
23.91905	21.66429	23.75365	22.29273
21.71638
21.73189
22.51852
22.30825
22.38145	21.19134
22.54996	21.45922
21.68725
22.15511	17.69185
13.00776	21.90476
22.39935	4.991287	22.2649
22.21128	17.20962	10.16875
22.21486	16.55305
14.75454	23.90244	21.92571	7.185988
18.2499	24.02798	21.91261	1.529892	3.060755	15.67424
17.58975	23.9663	21.77251
9.934267	23.95513	22.0858
0.5660384	24.07424	21.83881
0.2290787	24.17843	21.43892	23.49515
24.16254	21.78527
23.96362	20.95145	12.53593	8.162249
24.05293	11.8789	19.41439	1.87957	14.27125	21.69078	13.76929
24.16353	10.10278	22.21268
24.05337	21.5811	17.89366	8.90859
24.00814	17.93166	21.64006	23.94574
17.27812	21.88926
12.14219	20.93164	4.089996	23.92138	3.054958	7.918527
7.19909	21.72087	24.1456	1.026201
11.7385	21.72483	24.1456	10.08609
9.706833	21.84318	24.10069
15.86837	23.95316	21.63636	7.222096
23.98168	11.07851	21.71551	22.21502
24.82895	16.55333	22.12441	11.49304
22.054
22.10428
22.25936	11.68674
22.09236	9.667495
21.17841	9.358401	24.3186	23.58502	1.165724
21.24426	7.703677	24.10111
21.62464	16.22028	24.19525
24.21067	9.232092	21.69641	1.272337	23.40716
24.25117	10.45027	21.72525	2.726835	21.79104
24.09219	11.74185	21.83375	6.177036	11.32799
23.99778	21.64514
23.99266	21.69311	22.84793	23.58021
23.98803	22.23721	23.02097
24.02665	22.26977	14.59303	21.20914	9.316027
24.02007	15.93825	20.66962	23.93136	11.96992	3.475127	3.284048
24.02007	12.6387	22.0519	1.386542	12.45514	2.082667
24.02007	13.84476	21.47753	8.992071
24.03066	17.16778	21.73287
24.03862	8.461777	21.62677	5.087843	7.832043	22.85668
24.03862	14.4896	22.11989	8.588326
23.94208	17.00849	21.90444
23.94208	21.78018	12.02779	8.11156	23.49967	3.640869	20.39278
23.94939	22.1719	17.00951	2.056238
23.98653	21.78823	17.20708	9.022907	8.556952	1.540026	2.169474
24.12029	21.08667	17.3329	0.4119385
24.12029	21.32132	10.30843
24.3203	14.46484	21.68642	10.59192
23.96357	18.38835	22.15127	0.1336209	18.38354	10.64203
24.00633	12.90622	21.39439	3.891237
23.94662	19.02566	22.05984	9.369445
24.08493	18.83157	8.808844	14.13179	21.30987	1.061337	0.01356538	10.52233
22.10668	12.49033
22.21851
24.17502	22.41652
24.04928	22.10826	10.35712	10.2795
23.97882	11.26839	22.29896	21.84408
24.11724	11.08923	22.52815	8.714822
24.11724	16.27586	21.76192	10.92116
24.11724	17.32813	21.81581	10.70254	16.73212	7.755429
18.17553	23.9697	22.24499	21.77976
16.79108	23.9697	22.3212	1.43484
24.01419	21.89757	2.681141	18.50274
24.01419	21.42015	17.67905	12.90613	15.29502
24.04432	18.95568	22.25977	5.556683	15.00796	1.11124
24.11395	22.35665	9.877363	16.5067
24.11395	22.46998	19.53744	14.70212
24.02344	14.42491	22.06975	10.90183
24.07726	13.318	22.01537	10.13392
24.03226	15.75742	21.06224	13.47309
24.29578	17.6316	22.07177	7.421226
24.04719	21.50305	8.405364
24.00247	22.04131	17.01998	23.33899	2.571892	16.08609
24.00633	21.77445	15.03837	10.48725	8.440681
21.70017	11.12007
21.70017	12.37307	24.05861	6.1982
21.37923	16.11248	24.05861
22.07079	12.81302	24.02983	8.094668
21.46519	24.02983	7.365124	18.35179	4.048087	13.15949
21.57484	23.94517	16.47829	2.529688	7.123575	16.25777
22.09402	23.96261	18.495	4.654637	4.614458
23.95154	18.65633	1.067183	22.21543	20.46325
23.95154	15.73056	21.40888
23.95154	15.53378	21.47027	9.258313	1.149053	21.26564	10.9039	8.168655
23.95154	15.43367	22.27175	0.3323419	6.539541	10.93128
23.95154	16.05492	21.74379	6.94321	1.928169
23.95154	15.93564	21.3728
23.99606	21.77378	18.11882
24.38654	11.73427	21.95535	21.30311
24.01562	18.74686	22.56434	13.58076	7.646023
24.02622	17.30049	22.25758	4.277486	0.458772
24.01597	18.99871	22.24873	16.09254
23.94673	19.60872	21.21131	7.782993	7.723085
23.94673	14.91907	22.01943
23.94673	10.16322	25.03155	20.80706	21.07181
23.94673	6.625458	21.36301	22.64111
24.00408	21.81775	11.23213	3.70459	10.3203
24.12216	22.11932	12.65796	9.00258
23.99742	21.97178	7.254855	15.79038	0.6069967	21.79762
24.0966	22.03441	16.27444	9.322712
23.76393	21.87244	12.36735
22.09977	15.80533	22.74917	11.73444	0.5323403
13.84979	22.07316	0.5037115	4.447349
22.06871
23.94321	21.22328	2.273618
23.94921	21.71061	1.33324
23.94307	22.01745	0.9889158
24.02707	20.86066	7.785796	0.2551425
24.00953	22.3576	9.242079	2.486124
24.00953	22.0724
24.06821	22.22632
22.26167	3.10199
22.1195
22.06164	13.71855	10.4569
22.42733	12.36063	3.200165	9.640088
15.67061	22.33574
15.36618	21.70981
22.0922
22.41315	10.28469	5.24343	21.04462
22.25023	6.739303
21.68149
23.98122	21.3647
23.93342	20.51993	20.45104
23.99638	21.40708
23.98637	21.3852	16.84638	11.34445	10.54525
23.98637	22.17077	18.29252	5.14084	23.73562	21.70595
23.93338	17.00476	21.31465	0.6701614	3.675061
23.96823	18.45334	22.13958	14.27905	17.20322
24.1378	21.69428	10.3384	6.970983	9.684802
24.0737	20.88949	14.41818	7.964863	12.76085
23.97853	13.10643	21.84451	5.91791
24.17884	20.6787	11.43092	6.068765
24.02146	21.32808	8.534374	4.815696	8.005078
24.00825	21.75551	8.543047	1.648396
23.97206	22.10672
23.95508	22.33799
24.07075	21.58442
23.96386	21.55745
23.93961	21.79412
23.93961	21.64781
23.9424	22.05398	18.35347	22.92242
23.96158	21.04619	22.61995
24.02291	21.05526
23.96056	22.23463
23.94597	22.31334
24.17323	0.6135034	21.71363
24.02032	21.71337	2.83476
24.18096	21.68667	0.1776923
21.45636
21.79411	24.03104
22.33553	23.98256	9.438038	4.731558
23.95557	15.80955	20.98316
23.95557	14.41262	22.16833	7.331557	7.369289
24.00811	5.041454	22.14698	0.1209046
23.98089	2.071037	21.91482
23.98249	0.2189467	22.18758	23.79143
24.30855	22.30387	21.34275
22.05616
22.35716	20.84885
21.39131	19.31912	24.10042	4.104459	4.20707	24.96363
18.32906	23.98942	22.09876
18.05743	24.0751	21.50891	7.730499
9.423764	24.04714	22.09099
11.3838	23.96351	20.84419	3.668385
11.65425	22.54857	24.00222	0.786851	21.33734	21.98859
22.34265	23.9464
24.02977	6.080474	22.3608
23.99661	22.09647	14.23621	10.39055
23.99229	21.55442	14.69712	9.281884	5.168058	5.177081
24.01112	22.28022	19.23865	15.4842	23.86846
24.13068	20.78202	15.43363	3.493899	23.40985
24.00485	22.05774	1.20195
23.94898	9.94915	21.69868	6.607929
23.94898	14.32816	21.45372	3.584344
24.09025	13.64519	21.70174	8.999961	6.484018	12.64882
23.9735	15.82181	21.5654	23.79494	10.31406	7.994985
24.04075	15.24793	21.13266
24.04075	18.61817	21.73668	4.329535
24.22896	18.07103	21.24414	3.978163	3.712085
24.11167	16.62272	22.35822
14.86043	22.34768	23.26482	24.73974	1.649906	6.338501
18.17256	22.04041
8.352971	22.38061
22.37256	8.845451	24.12235	21.76785
11.27253	24.04164	22.078
24.04164	22.25306	14.80216	15.70316
24.10389	21.14846	11.29288
21.38957	11.5945	24.0538	11.31605
24.20294	22.09624	17.09122	7.675445	8.18671
21.70226
22.5734	3.551464
23.98531	11.29238
23.97778	22.33914	23.6038
23.97059	21.3103	17.33138
23.97059	22.67158	20.92251
23.89032	21.69081
22.08592	23.77816
22.56341	23.95996	21.21089	23.0683
23.95996	21.31828
24.08664	22.11616	6.610186	5.884549
24.20311	18.46979	0.959915	21.15207	7.850663
24.00268	22.19848	19.50884	20.71124
23.94205	15.75107	11.42807	20.93389	15.01409
24.02444	15.82177	22.09362	14.39428	15.79612	3.390971
24.00515	14.90969	21.67223
23.96689	12.48377	21.12669	10.48054	9.672047
23.96576	10.8945	20.69596	2.053685
23.94598	11.50651	21.65471
23.94738	12.52595	22.41156	4.227455	23.18272
23.99428	18.47369	21.3535	5.9617
23.99428	18.66097	1.438854	21.7396	22.3833	7.619507
23.99505	22.34054	17.51233	8.799613	23.04179	2.134024
24.07678	21.1727	15.59725	2.106335	7.988394
24.07678	9.83586	22.08785	9.744385	1.808423
24.25735	21.75631	14.86019	2.127552
24.09907	21.73969	15.01929	8.806128	2.747868	12.9259
24.09907	21.20383	16.84774	7.589804	2.480944
24.14943	11.611	21.6626	9.965884
24.17262	22.22458	11.09267
24.18311	14.89639	21.7278
23.74976	14.09812	24.2853	21.34989	4.442555
23.88797	20.66278	5.084201	18.28924
24.00507	19.68276	21.10569
23.97511	18.95802	22.20611	12.62633
23.94569	22.09084	0.07318022	19.9446
23.94569	22.06311	23.6202	11.07001	8.972706
23.94569	22.01675	23.6529	22.71272
23.99044	22.15039	18.42527	14.96061
23.99044	18.52005	22.036	3.569822
23.98027	18.32883	21.76422
23.98027	19.0299	21.31429	4.609663	14.47414	15.92993	6.699984	13.19452	11.15755
23.98027	18.30808	20.85501	1.042395	0.54656
23.98027	18.13145	22.11122	7.348631
23.94395	21.68846	4.68249	18.48004	16.62628	9.799334	11.87743	3.598546
23.94395	18.47681	21.22291
23.94395	22.36793	4.35664	22.42116	19.09413	18.56	1.743498
21.52291	13.42746	0.5694516
22.25486	13.72694	21.28075
22.38532	12.32186	9.434003	4.793804	0.7788683
22.24892	0.369323
23.97864	22.32873	1.692801	15.55707
23.93944	22.06238	18.0863	0.6974751
23.93944	21.54495	18.84526	7.200407
23.93944	18.56683	21.46456	8.525558	18.32052
23.9582	16.61192	22.05601	7.029376	3.175284	4.244468
23.9582	18.3644	5.102553	22.26397	21.71007
23.9883	15.76939	3.731394	7.740945
23.9829	22.1396	10.96585	0.8824491
23.9829	21.69613	4.277779
23.9829	5.054375	22.06866	2.742233
24.38729	11.03923	21.66632
24.2107	21.55372
24.22018	15.67675	21.81194	7.905732
24.01229	11.7371	20.74842	6.95154
23.9759	6.811431	21.12821
24.01426	1.899058	22.11396
8.564889	21.65856	2.519574
21.64517	12.8878	21.97991
16.06685	22.42323	8.251056	3.643519	8.639076
11.36275	21.73804
22.26456	11.44421	0.415069	7.280726
22.1053	0.04952556
1.184984	23.95856	22.19136	22.83255	23.87101
23.98514	21.55817
23.96309	21.10148
23.95554	22.18234
23.9759	21.71511	12.55411	1.694956
23.9759	9.840307	21.71757	3.154959
23.99802	11.33534	22.43196
23.99764	22.19424	9.410995	1.852199
24.03019	21.69815	0.5116232
23.94409	21.92821	23.8121	14.56778	3.661203
23.94409	14.67007	21.50265	1.870218	10.25941
23.94409	22.45138	21.11817
23.94409	20.84478	7.581791
23.94409	21.44866
23.94257	20.79682	23.34166
24.03689	20.93377	22.47532	23.00114	20.59101
23.96241	21.69149
24.04702	21.77956
24.00436	21.7475
24.00436	21.7176
23.95094	21.17873
23.95094	21.7878
23.96085	21.37246	13.52026	6.217326
23.9605	13.50959	22.10035
23.95238	16.95507	21.74143
24.03105	11.46389	21.8384	6.707175	23.92965	1.126855	3.71253
24.03105	17.15763	21.477	22.57884
23.92533	15.37841	21.69016
23.94333	8.738444	21.76596
23.94333	17.69608	21.14019	22.29817	22.26658	23.81661
23.96033	16.87217	21.2477
24.07004	16.78373	22.26439	7.508183	21.85616
24.08744	19.72809	22.21332	2.942314
24.0346	18.30023	22.12669	15.99257	12.99873
23.0212	17.40982	21.40376
24.02189	17.5922	21.82559
23.98073	16.18579	22.24916	3.583214	20.5917	9.602022
23.94728	20.80858	13.79394	6.595541
11.44084	22.51086	4.596133
22.05684
22.22632
21.68782
22.04427	23.05389
22.2441	14.44893
22.10267	17.28038	13.34273
22.44014	10.80674	7.588131
17.30739	22.4759	22.24935
24.04534	21.62307	17.10076	0.6422604	8.017658	8.615085
22.05516	18.43058	20.87645	0.7167791	4.804758
22.93985	18.21416	22.03089
22.10245	11.09778	10.41392
21.34779	12.56859	5.783623	6.701885
22.28876	15.30567
22.43177	18.40767	21.31619
17.76361	21.71519	21.50314
14.41365	21.70799
22.62539	24.00498
21.02582	23.96857
21.21573	24.17036
21.70433	23.99778
23.99778	21.77573	22.83502
23.96828	3.062274	21.75145
23.93953	1.532907	21.08257	22.27868
23.93953	20.80718
24.10308	22.11286
23.97529	21.69261
24.22759	21.81297
24.05605	14.20772	21.69539	13.05917	11.80223
23.98519	14.00379	21.14539	7.442566
23.95316	18.23699	20.82964	2.708572	13.67929	2.714311
23.95316	15.43281	21.01541	8.380674	21.60963	13.03252
23.95457	22.24041	7.407948
23.92297	17.86283	22.46821	17.61191	14.58811
24.03627	18.02319	21.098	9.728269
24.10804	12.2709	21.72877	10.16411
24.03096	18.3626	21.12019
22.22557	18.38041	3.935176
22.12151
22.14451	3.290418
21.74508	0.4767249	23.95041
22.65254	23.97896	23.63618	14.23833	12.55388	13.73264	6.403424
24.05008	12.20134	21.70337	4.348763	11.94792	10.56121
24.06777	13.3989	21.48187	9.439723	6.870595	2.575083
23.96499	21.53636	4.808526	2.865755	2.0172
23.94823	21.1075	0.9126608
23.97439	22.10317	4.803198	4.180446	3.160227
24.06915	2.968234	21.40345
24.16728	17.6771	22.23002
23.9586	20.64143	11.47168
23.9586	15.11767	21.74232	10.18367	23.65999
23.9586	22.1047	23.3578
23.95514	22.1524	14.10294	21.21827	23.86901
23.95514	17.22632	21.99035	14.62501	3.900612
24.34205	22.00268	1.746293
22.01055	11.82212	24.76462	24.13683
21.64203	9.342593
22.25327	14.93831	1.892805
22.05839	12.11502	11.26983
22.233	11.5888	7.660475
22.37388	14.05533	20.94816	4.367715	20.87822	11.05575
22.03999
22.24307	2.905331
22.28445
22.62418	15.38651	21.19374	4.378933	20.7044
22.36215	17.82454	21.33044
23.8508	21.74562
23.95342	21.86392
23.96252	21.76763
23.96614	21.66175	7.170803
23.96614	14.7498	21.84926	9.482956	20.90393	4.744094
23.97114	21.48007	6.671266	4.749989	21.0238
23.97114	21.40092	9.118596	5.43613	9.531654	4.628511
23.97114	21.6704	18.71859	8.036618
23.9857	20.91082	8.750856	5.188007	6.96703
23.97698	5.566761	21.48758	0.5280688
23.97417	2.201997	21.02146	1.186408
23.98604	4.830785	21.75231	23.66	23.40943	4.795893
23.94173	3.244912	21.49389
23.94173	3.069033	21.53247	2.588355
24.03484	21.72996	15.41391	12.54384	14.80408
24.03484	21.97009	14.95319	9.170101	21.36268
23.9431	21.38251
23.95795	12.75727	21.81041	3.940675	3.607327	8.885352	3.519539	4.335821
23.95795	12.68882	21.56874	4.373313	6.061744
23.95795	13.30392	22.35059	23.35631	5.263678
23.95795	21.73392	16.12649	1.547266
23.95795	20.97222	15.26155
24.04598	21.11049	21.66026
23.9494	21.83226	23.52369
23.92912	21.79563
24.0236	21.60742	2.874255
2.535039	22.10179
4.013919	22.315
24.52764	22.19075	18.90734	16.64136	21.59247
8.083333	21.72707
1.851244	22.1216	24.12913
8.099607	24.07356	21.66697	24.02231
21.8941	0.6105541	9.941428	9.500895	6.990578	4.830393
23.90183	9.447579	21.41228
22.36421	11.46176	8.763825	8.133456	23.33949	0.9693901
22.14759	19.20285	23.52994
21.73296	17.21555
19.0755	23.79097	21.6412	23.61364	3.809188	15.31308
18.8551	24.11644	21.18744	6.454411	2.806243	14.99867
18.22294	24.03576	21.68785	17.43693	4.183313
24.03354	9.505484	22.26467	0.4495856
23.99075	20.99246
24.14049	21.6166
24.14211	22.06693	18.5837	0.3989473
24.11941	17.19271	20.95818	1.84242	3.118808
23.96107	18.07897	21.42558	7.953333
23.96107	13.58099	21.87944
24.04067	13.81277	21.03283	10.44969
23.99389	16.63936	21.08517	10.19704	6.848942	11.76948
24.16953	16.6098	21.6803	12.90775	5.47535
24.08963	18.88222	21.30649	14.32631	23.78826
24.00948	18.36487	21.86697	7.781386
24.38622	21.75856	20.82082
23.03535	21.70455	15.35982	11.3467	5.688902	13.46315
22.05702	18.16325	5.787619	20.6377
21.8288	18.60273	2.806102
21.7548	18.34534	2.513797	24.16437	23.94446
21.35839	19.42534	23.92824	18.03609
21.87106	17.87176	23.95179	23.68142	14.93902	20.81151	8.921883
16.69567	23.95179	22.0648	23.3537	2.847579	14.82777	2.067994
9.418118	23.95179	22.27305	8.796799
12.06877	24.03921	21.69441	5.665236
15.29268	23.99456	22.19264
15.01751	23.97802	21.21174	22.08489	7.118619
12.86405	23.97802	20.58586	7.125623
24.19059	22.08168	13.3198	21.36329	1.889263
24.2439	14.70381	21.47992
23.97962	17.77733	20.61672	22.21993
23.9972	10.23565	21.07715
23.96249	22.25259	4.82725	22.82905	14.1813	0.5155977
23.96249	13.57293	22.42683	22.04684
24.03913	12.76134	20.81374
24.04773	10.08203	22.13147
24.0277	22.3787
23.95686	21.82464
23.95501	21.30737
24.05718	22.25331	23.53852
23.94999	22.41031
24.03162	21.874	4.941216
22.37653	3.564797
23.9949	21.68868
23.98829	20.95735	23.36532
24.06785	21.40503
24.00955	21.71039	10.98736
24.00955	21.11171	13.54247
24.01004	21.3778	15.5493	21.20161	2.371626
24.05366	15.14816	21.66694	10.83173	21.17268	1.432942
18.53763	22.06664	7.533375	23.9876	23.91641	4.2958
18.40308	21.81797	23.99379
24.08434	22.00265	9.393982	19.90617	0.7879502	5.984921
24.12465	17.30356	22.09235	8.346862	6.709525
23.98178	9.694989	21.75057	6.433817	7.763286
23.99814	3.486091	21.72825
24.018	10.03497	20.93474
24.018	15.21931	21.11742	14.29228	13.24603	22.34151
23.88342	21.30818	17.85111
23.62024	21.33543	19.66984
15.96896	22.08688
18.59332	21.71472	2.465341	10.76555	3.004239
18.8078	22.05358	10.84799
18.27699	22.05696
22.73411	11.75047	21.21509	8.50977	14.46794	10.97522
24.12315	22.22776
24.04422	21.66843	5.660272
23.97221	21.06444	8.137428	1.650947
23.97221	9.341572	21.72273	21.25296	8.593712
23.97221	21.69368	8.125248
24.03375	14.52649	20.6215
24.00326	18.43257	21.71443
23.96846	12.12495	22.21197	3.114264	11.92328	9.693384
23.96846	21.31417	18.48862	12.44948	17.45869
23.98671	18.43865	20.81673	1.746439
23.98671	17.11011	20.83231	9.164237
23.96343	12.41704	22.16102	20.58275	14.11935	9.23571
23.96343	21.52134	9.933322	4.895705
24.22307	9.970071	22.07718
24.08665	5.402101	21.95099	12.89778	15.74383	12.40527
23.98927	21.63864	12.8426
24.12404	20.92733	9.835462	1.818024	3.184972	5.73359
24.03476	21.91435	15.24866	23.32327	12.8855	6.907791	8.604803
24.03476	21.83447	10.9096	3.343179	25.00458	7.247345
23.94121	22.04805	13.41237	7.118382	0.7328179
24.16248	21.74406	12.27922	8.946602	25.03125	15.485	3.72111
23.97692	21.78953	17.04932	13.22241
24.33219	21.70316	17.652	15.68147	14.64339	8.528253
23.88202	16.40721	22.06014	8.957582
24.05737	8.948306	22.06272	0.08360287
24.05737	11.50015	21.70258	1.446259	10.16384
24.14965	10.87794	21.95753	3.729085	20.55716
24.01171	21.72817	17.21552	15.858
24.01171	22.18686	18.43825	6.094965
22.08353	17.10026	3.650294
22.25586	9.740792	23.11165	2.869946
22.23429	18.48223	13.40967	9.276147
21.69316	12.59971
22.12162	24.12692	22.62756
21.68555	23.94181
24.16497	21.07558
24.01132	21.58607
23.96524	21.89513
24.04932	21.11096	0.421915
22.32925	20.98209
22.31093
22.24899	12.29796	22.30622
22.58193	9.445125	21.46943	6.778817
24.20706	16.50343	22.01126	6.131707
23.92297	21.81204	4.320678	9.236761	17.10357
21.77967	6.856747
22.39527	9.393128	21.65678
22.11537	13.37391	11.50769	4.720124
21.68444	14.86326
22.05514	15.27362	6.288557
21.71378	14.8772
6.116994	22.09117
22.27909	16.14017	8.376489
21.3717	17.15741
21.99094	19.23916
15.14862	22.23694	9.065078
22.04398	8.531781	5.540076
22.09299	12.50892
22.0756	12.32871	21.98253
22.0756	11.62302	0.01530128
22.52268	23.93417	13.70302	21.90851
24.06801	22.39689	8.636037	8.26498
24.06653	22.29764	11.40885
24.33346	20.83424	10.30116	23.85167	5.117593	1.153618
24.1086	15.42261	8.933816	23.95379	5.331376	21.82101
24.00593	21.6869	16.15081	12.13064
24.33008	18.95949	20.98409	22.9196	13.30673	16.03721
23.94796	15.96581	22.21407	7.112746	21.24735	15.83
23.99396	14.07756	21.07656
24.01979	21.57091	18.14997
23.95891	22.95075	15.34931	8.46739	20.92741	23.71434	9.734648
23.95891	18.67975	21.86526	4.69301	15.20195	23.78937
23.95891	18.59875	22.08687	10.3172
23.95891	18.46052	21.1826	2.335653
23.95891	17.48684	21.7	2.402531	12.77381	2.318519	5.740453	12.93378	23.60311
24.06909	18.43102	21.69902	17.8306
24.02367	18.07798	22.12534	7.950296	17.31686
24.02367	17.2763	2.399263	21.75509
24.00958	14.77231	20.71231	8.837972	0.4250852	7.715373	14.54988
23.94434	18.7755	21.76752
23.94434	22.22527	9.864314
23.95686	22.13548	17.78775	16.14525
23.95686	21.26413	15.28237
23.95557	21.46106	14.27645
23.99247	21.28921	11.62745	21.21547	23.16623	1.63173
23.99247	8.059232	20.46348	0.4068752
23.99247	20.82812	22.57651	16.1363	11.61126
23.98756	20.82812	14.57339	2.235015
23.95302	18.24116	21.72844
23.95302	21.69209	13.407	13.22908
23.95302	12.48146	21.1511	4.7896	1.419974
24.04792	7.433262	22.2798
22.05144	15.68617	21.38381	7.934602
22.47713	15.1599
21.88675	6.794495	6.345823
18.1115	22.13706	3.176469	14.14372	21.37276
22.03947	14.78093
22.08731	10.70381
22.1156	16.71202	4.8232
22.36674	12.55848
22.03535	13.529	9.294617
21.36387	13.60262	5.180856
21.70076	18.33253	4.329232	2.972544
22.2355	19.43493	5.866071	21.62881	3.254798
22.22632	18.42485	10.79931	8.895693
21.70311	18.21483	7.536089	23.94376	3.603442	3.763122	21.77837
18.46357	23.98102	22.11725
18.51703	23.98102	21.79579
18.48159	24.00475	22.10873	17.15307	24.92858	23.71637
18.34505	23.97914	21.64048	2.84828
18.17151	23.97914	22.07181	5.95909	2.296447
14.03097	23.96709	21.79299
12.41048	23.96709	22.16877	0.7386582	23.39981
23.94673	21.71677	10.57561	21.20509
24.04831	20.95518	10.28472
24.04831	21.30793	15.70629	9.930801	10.79386
24.04831	14.15491	20.79343	13.84352	22.0995
24.04633	21.75938	4.098515
24.02323	21.46521	2.622929	22.25197
24.12611	7.403966	21.80007	8.798203
24.03233	11.40323	22.361	7.929953	6.37612	4.771109
23.96824	9.33338	22.20021
23.96824	15.78463	22.03609	21.9006	22.05177	22.28506
24.01185	9.64599	22.38127	6.814095
24.16962	22.30594	14.87602	8.371224	12.86332
22.26107	10.17844	4.419481	5.353413	5.264764	6.486909	15.88341
21.78168	12.37562	9.795253	1.55891	1.375292
14.62328	21.73629
22.39617	16.23181	6.160813
22.07059	18.37688	13.06108	3.008507	15.54251
21.41907	18.47145	12.70693
21.8658	13.26391	12.92574	8.738173
23.9921	21.11206	17.47413	9.13954
23.9921	16.42527	22.05343	8.100787	4.937502	14.1941	13.52994
24.00493	21.52502	11.35418	5.965391	6.469841	2.256577
24.0677	22.05659	23.47435	20.87212
23.95323	22.11443	17.67094
23.99004	22.12767	18.45429	10.59713	0.4245316	13.30107	17.92462
24.07588	21.73048	18.38259	11.34399	1.082998
24.03998	6.567049	17.83572	22.00545	11.10728
23.95572	15.78348	21.69247
23.97743	15.49387	22.21597	10.71824	7.540061
23.97743	21.70084
23.93963	23.40286	22.07115
23.95778	21.69788	9.016845
23.95778
23.99104	21.61385	8.632531
23.99104	21.6794	0.1015752	4.058912
23.96823	22.16378	11.80823	1.428766	8.721163	20.94467
23.96823	21.69147	14.9746
24.01785	21.37435	9.408442
24.01785	17.62176	21.70804	2.480049	14.84254
24.03793	22.22875	23.77665	21.2544
24.04651	20.82114	10.21869	0.2970954	7.929264
24.10174	21.73925	16.83695	10.73412
24.09301	12.44077	20.8531
24.15286	17.84996	21.93403	16.11502	21.68973	8.449449
24.06289	18.18415	21.65275
24.22665	17.95193	22.10197	10.87104
24.0917	20.85912	19.12571
21.35947	18.7859	8.955968
21.87197	16.3593	3.997675
22.33973	24.88136
22.15784	9.164937
22.33965	15.10477	21.73758	12.74444
22.13459	18.97359	16.044
21.64737	15.41977	12.86295	1.48346
21.76623	12.52692	21.70653
21.62746
22.05419
21.73076	23.99399
22.33267	23.99399	12.0344	6.319909	10.26309
21.78682	23.99399	5.202964	0.008503692	0.8919206
21.55653	24.07468	15.64066	11.45196	11.49266	14.67729
22.41532	24.06822	13.89327
21.68332	23.95401	11.77864	6.663959	21.97476
23.99395	4.562754	21.83294	1.989656	22.90808
24.05606	21.3374
24.16697	22.0705
23.97359	21.50649
24.20726	21.69942
24.08498	22.11683	22.08306
21.72957
21.41308
22.38908
22.22019	24.02965	23.37643
23.94276	21.32713
23.94276	1.452329	22.58788
24.19864	0.4020373	21.65406
21.63525	22.34208	5.548476
22.10009	18.10032	17.17513
22.20762	18.60813	5.212114	0.2882113	17.84354
22.82501	16.21755	1.311557
22.10187	17.13032	22.38035	7.351473	3.71044
9.956446	22.35147	6.53784
9.886666	22.22573
22.27473	1.819589
20.80147	4.239822	24.09505
23.96993	21.75135	23.62774
24.02736	21.59863	14.86745
23.9886	21.26581	18.1532	2.652624	22.548
18.23152	22.04936	19.47632	2.192649	24.18778
22.4372	5.481583	18.3625
21.36481	10.18381	16.02659	23.99718	11.38878
21.40167	15.70115	23.99718	10.32406	1.758309	7.470318
21.69917	14.40328	23.95153
22.08003	9.786948	24.0932	6.018181	9.648116
19.00606	23.98483	21.35907	15.00913
18.15465	23.95147	22.21469
14.88214	23.96909	22.03822	23.67676
9.707862	23.96909	21.72554
11.29906	23.96909	21.72305	4.650301
15.35177	23.96909	22.44147	0.2715052
23.97661	22.24504	18.35051	3.900643	23.50595
24.03421	21.50631	19.72417	6.622576
23.97468	22.51647	20.83228	17.40093	8.050012	4.71823
23.97468	21.69283	16.35773	7.273793	0.4995439
23.97468	21.69283	15.43229	22.27399	23.51996
23.72432	17.26536	22.27168	2.468114
24.17973	18.87024	21.71462	5.43093
24.11017	18.9607	21.20605	1.998519	9.653296	10.55742
24.24576	17.89996	22.03827	5.976368	3.802486	0.5283958
24.22619	17.61419	22.38592	7.878051	11.77942	11.60124
22.25984	18.51319	11.28434
22.26436	18.34414	8.332594	0.1087096	14.96039	21.63372	11.33125	3.247431
21.79057	18.45106	0.9558869	21.77336
18.17844	22.34491
18.15328	22.21467	10.62134	0.5224325
18.49476	21.92856	5.669442
18.43769	21.16329	11.85326	10.18934
21.18847	18.34768	7.437264
18.44827	2.367399	22.33662
18.80425	23.94815	21.48092	4.779487	5.554519	10.12429
18.71295	23.96897	21.90204	9.858323	4.674506	2.944812	20.68828
24.04907	21.75947	16.30021	22.44235
23.94183	21.16085	1.25509	0.9583636	18.90817	2.563183
23.99529	8.890244	20.65946	1.994985	4.945448	23.31843	4.589382
23.94402	21.31961
23.94402	21.85876	7.892254	4.515812
24.07496	22.19674	15.76013	2.666931
24.02006	9.814928	21.73842
24.02006	12.41939	21.53992	6.735306
23.98456	14.62686	21.36985	13.56726	12.19697
23.98456	15.66678	22.15375
24.13333	21.1866
24.02963	22.09104	5.505234
24.03534	21.6599	13.84888	20.71643	8.551771
23.98681	21.36164	3.025962	1.270467	1.746547	22.39927	22.00655
24.09945	2.77303	21.43344
24.22012	22.322	10.54606	5.061551
24.20888	14.01822	22.22039	5.586496
11.74186	22.08581	11.33705	21.72667
22.11756	15.63206	14.44937
13.17174	22.37871
15.64974	22.17515	22.09247
11.49654	22.09234	20.23663
15.94863	22.2595
11.37282	22.06739	9.976037	6.061078	5.355217	5.21976
12.52807	22.24153	21.57419
11.77654	23.87421	6.92375	22.14959	21.88081	5.406257	3.406073
22.57787	6.220658	24.40778
22.67061	2.143662	21.36256
22.30835	12.34246	21.72159	0.7339474
24.13996	15.15242	21.61577	7.25184
24.0647	18.32314	21.68993
23.94138	20.56301	0.1461556	8.616719
23.94138	20.79929	16.04406	8.779962	10.27258	8.380753
24.01117	18.38463	22.07795	6.112789	0.4440168
24.01117	21.68469	7.022325	5.742752
23.99151	22.06668
23.95572	20.98906	21.7021
24.15465	21.4212	21.06138	23.54886
22.05558	14.2752
20.8143	4.130937
22.2744	14.6563	20.93432
22.07556	12.65076	14.91023
22.22372	10.5698	24.16475
22.12584	24.04021	15.61454	11.64281
21.37822	24.04021	14.1002	2.346158	13.43534	5.735678
21.71362	24.04021	13.41815
22.01294	24.16155	11.10204
22.45017	23.92427	9.62529
24.10671	14.72408	22.00265	0.3439519	13.08307
24.06282	8.004035	21.075
23.96462	12.71609	21.4629	4.520144	3.804412
23.95253	15.4593	21.06058	14.90027
24.02652	18.12778	21.71275	5.573609	0.9083078
23.95324	18.00545	22.09877	17.37432
24.00315	18.37482	22.09232	1.614192
24.10053	18.63949	21.22595	7.977156	14.77899	17.88331
24.04561	18.46671	22.10029	9.502757
24.00297	19.29168	22.0553	1.74362	18.11864
24.00297	13.97203	21.74741
23.96763	18.07569	22.33354	10.25004	14.8201	21.1186	17.41172	9.94951
23.88588	15.77599	21.95592
24.08987	11.25836	21.98425	8.102584
23.94851	21.71411	14.77105	14.15387
24.04741	21.15303	16.49206	23.91193	4.575516
24.06741	21.77387	15.77921	10.86979
23.94655	14.68131	21.3874
23.94655	10.34129	21.29611
23.94655	22.07054	18.4326	8.571381	0.9679829
22.35811	1.43477	21.72072
22.0489	18.34323
24.02316	13.07844	20.85805	22.02862	5.461935	1.367703	9.155191
24.02316	10.2712	23.24081	22.19505	23.83718	20.9987	1.937226
23.94574	12.00727	21.30203
24.00141	15.00938	21.62561	11.85186	7.274746
23.95398	18.35303	21.16661	2.5855	11.37611	13.75885
23.95398	18.68332	20.68507	7.359328
23.95398	16.64597	4.043097	21.65944	3.091191
23.95398	16.68489	21.36464	12.62036	4.635928
23.95398	11.58568	21.66192	9.349089
23.96644	9.390337	21.36041	9.082125
24.14262	4.891936	21.62334
24.36414	18.13814	21.70707	3.347527	10.79425	11.41066
23.99183	9.770385	22.62001	6.303302	7.555985
24.03177	12.48045	21.32302	11.34557
14.7228	21.84016	23.814
22.58196
22.05778
22.32729
24.11176	22.36448
23.97549	21.23804
24.25296	15.75915	21.80176	20.85579
13.2875	22.10501	24.09895	1.179852
12.40824	23.9957	21.4484	6.178971
23.9957	22.18528	13.44582
23.94375	22.33464	11.66654
24.10087	21.66095	9.809839
24.04252	21.0873	17.18004
24.02263	18.35626	22.21041	23.62261	4.758643
24.03191	15.60965	22.22812	0.2305299	15.28335
24.12019	18.1797	21.2222	3.74615
24.2395	19.21218	21.22626	10.59563
24.2395	18.97641	21.57763	0.8173845
24.12602	15.5671	21.48749
22.36084	1.258984	0.8172265
22.71644	21.20761
23.93841	11.66938	22.0258	0.3161291	23.87264	23.661
23.94216	10.0679	21.42239	3.587093
22.12137	8.329951	4.565713	7.803067	22.06635
15.65586	24.01877	21.58217	17.26914	1.200897	22.8238
24.01877	17.28313	20.77575	11.35084	8.092257
24.01556	15.77612	21.18561
24.01556	23.60146	9.341004	22.30076
24.01556	9.162839	21.88322	23.48233	7.801965	2.353095
23.95896	21.43373	13.98169	10.78497	13.56205
23.93367	21.10234	11.52652	4.675298	10.90642	4.453653
24.27444	22.00776	9.227673	3.675008	3.555371
24.06337	15.48784	21.11533	4.170388	14.79563	1.799019
24.07594	16.27628	20.84276	0.2485221	23.32194
23.93889	15.37758	21.69444	8.834086	10.16379	1.846322
23.93889	16.40236	21.75681	7.755824	22.70497	15.96578
24.14219	17.30955	22.03475
23.90937	15.44103	22.10898	22.4786	0.6778177
23.89371	12.05499	21.69808	9.59492	10.36084	1.120511
