SurvivalProbabilities
0.03352599
0.06367798
0.04581181
0.08435755
0.0265546
0.04682075
0.04356735
0.04617872	0.05424343
0.04870951	0.0818564
0.06447602	0.05320965
0.03151126







0.02946638
0.05972334
0.1122869
0.05786747
0.08373288	0.05851315
0.04041986	0.0489496
0.04688906
0.09582309
0.05673026
0.06177155
0.05210482
0.06578593
0.07624905


0.05689473
0.05225069
0.07492316
0.05251546	0.06700414
0.09831278	0.0881607	0.06377154
0.04161266	0.08848664
0.0380105
0.04837944
0.0406101
0.04482026	0.0604365
0.06872332
0.08014387	0.06396034
0.06041631
0.07150427
0.0643614
0.03823868
0.0473049
0.08578125	0.04904493
0.0460348	0.06448847
0.0262749
0.02782008
0.05617647




0.05020144



0.03267617

0.02444695
0.05655446
0.04700024
0.08485138
0.0625284	0.04309729
0.03548605	0.04875041
0.04324137	0.02523616
0.03734332	0.02738297
0.04682009	0.06117945
0.1036157	0.06469809
0.06017619	0.05805817
0.04412055	0.05765495
0.03527747
0.07370842
0.04085402
0.07800706
0.06086032
0.07065475
0.04633269	0.03448272
0.04209402
0.05050517
0.09713603
0.02366647
0.03858816
0.05981102	0.04074745
0.04231499
0.01952424
0.03977459
0.05359232
0.04553588	0.08260743
0.04705916	0.04239263	0.04286414
0.07403075





0.06065892	0.06495029	0.05483318
0.0623489
0.05472414
0.07429343
0.04727776





0.0685265
0.07677128	0.01449076










0.04943426
0.0525592	0.05990891
0.02754898
0.1081116
0.07083544
0.03530397	0.04283712
0.03613726
0.0455974
0.05315468	0.06348035
0.05022162
0.03755167
0.04721824
0.04455149	0.02161203
0.03825626
0.05737536
0.06737077	0.03799095
0.05268268
0.04581557
0.09217277
0.05652633
0.03371464

0.0410662
0.08563915
0.08227447
0.03287268	0.05899095
0.03908876
0.05679431
0.0638319
0.06127796
0.04488186
0.06102763
0.04828218
0.04879214	0.05007724
0.04313463	0.1020577
0.07041922	0.06594484
0.08204557
0.05100427
0.07862835
0.05029777
0.08604595
0.040398	0.02635328


0.07937074	0.04722095
0.06835941
0.1120917
0.02200781	0.05437077
0.09168952	0.06100855
0.04248589
0.04000269
0.05388082	0.1019647
0.02961119	0.03741072
0.04953112
0.06021136



0.03585653	0.03261523


0.08746405
0.05695163
0.06343771
0.06687508
0.07584214	0.06223687
0.03319326	0.03175647
0.06352366
0.03886868
0.04901404
0.08233717



0.05601793
0.0638703
0.04960344	0.05228047
0.04880174
0.0575452	0.05020893
0.05819305
0.05267847
0.03998422
0.03983037
0.05494117
0.04397245	0.06712611
0.07065468	0.07446975
0.0575565	0.04865446
0.0591987
0.06415335	0.05615617
0.06388106	0.04873816
0.0198138
0.02621562	0.07759153
0.04658363	0.03853402
0.05979851
0.03075214
0.04308975	0.02478748
0.04004633	0.05880454
0.1024853	0.04830318
0.02044589
0.01096326
0.07827521	0.05969023
0.05439789
0.06610797
0.0517441
0.04883351	0.05832454
0.05773213
0.0923454
0.0492485
0.0497735	0.07989816
0.07657589	0.05927695
0.07515693	0.03895822
0.04228504	0.0354112
0.1101403
0.08727117
0.02831635
0.06196429
0.04653988
0.06898151
0.03979761	0.09274033
0.06136976	0.07932285
0.06616337	0.04723708
0.02754793	0.06500988
0.05036372	0.04741012
0.04434069












0.04734757	0.04534006
0.05557967
0.04695071
0.02486127
0.03545961
0.0250908
0.0301037
0.02161441
0.04303731
0.07587023	0.02856122
0.06993915



0.05406971
0.08455979
0.07458961

0.04605945




0.05930293

0.04625749
0.06558422
0.06079242
0.05044778	0.0191406
0.03105094
0.04405637
0.03806492	0.0428126
0.03721361
0.06465696
0.09564152
0.04456852
0.02727251
0.04846909
0.03337927
0.05768141	0.04766005
0.0487228
0.03456322
0.03823559	0.08620583
0.07724065	0.07434091
0.07752002
0.03804126
0.05429993
0.02240752
0.06712672
0.0696661
0.09287705
0.06843957
0.02412544
0.04551535
0.06011046
0.06325475
0.06271028	0.03624538	0.07937113
0.02974533
0.03121703
0.04954278
0.05216412
0.03942971
0.04817093

0.09641147
0.07331842
0.04642827
0.1228044
0.1117433

0.06917542
0.03528631	0.09136948
0.07510695
0.07631209
0.05529418
0.0883277	0.03364858
0.04964913	0.07346623
0.04366271	0.02368817
0.03363048
0.05696765	0.04997003
0.02828414
0.01578999
0.05825897	0.03063069

0.0575648
0.0406971
0.07523319
0.05396899
0.05270841
0.0572619
0.04209056
0.05109996	0.06609812	0.09115014
0.09562147
0.02392902
0.04779547




0.1033016
0.05659621

0.06641271	0.02776289
0.06771324	0.05449787
0.0605451	0.07056256
0.03539164
0.03331239
0.06349069
0.05996805
0.07654724	0.1201568
0.04901807




0.1044233
0.05656106
0.06575204	0.03203147
0.07765472
0.04082934
0.04574723	0.05147781
0.02852278	0.05656729
0.04807017
0.03686307	0.0508116
0.02291895	0.0268908
0.06310891	0.02274883
0.05819716	0.04077963
0.04069141	0.05280322
0.02352568	0.06609543
0.0526832	0.04755305
0.06088602	0.06855068
0.04772331	0.04349186
0.05406317
0.06564093
0.07118185
0.0649784
0.04279002
0.05016793
0.06871295
0.08777494
0.062924
0.05986715
0.03144993
0.04200406
0.04497467

0.05649425
0.04161634
0.04107765	0.03612591
0.05799472
0.08720452
0.03641966
0.07150056
0.04222759	0.06487776	0.04115082
0.0476008	0.06463936
0.06405615	0.0406435
0.04075556	0.04600721
0.06121438	0.0659494
0.06710824	0.07539642	0.06483644
0.07132858	0.0813591
0.03913972	0.06680316
0.09505936
0.06412171
0.06142439
0.05189727
0.05723492
0.03693798
0.0664002
0.03455883
0.02866676	0.03180892	0.1100952
0.03860993	0.07296455
0.03030755
0.03598772	0.0447286	0.03413217
0.03243648	0.05330424
0.0276669
0.0662992	0.09701214
0.03173147
0.05899789
0.03846465
0.04862633
0.07391856
0.05164695
0.05137302
0.05227625
0.06473913
0.06125943
0.08560916
0.07956124
0.02621392
0.06855066
0.04799677
0.02955349
0.08920917
0.02891664
0.07004503	0.04620138
0.08890682
0.09122035
0.05451144
0.05234467
0.02187566
0.04525833
0.07231221	0.04418021

0.01702356
0.1149057
0.05110171


0.05222177
0.08493819

0.04223884
0.06015162	0.05395792
0.04933124	0.04833405
0.04662206

0.02622054
0.05524665
0.08457103
0.04863819
0.06342708
0.09986969
0.06067567
0.06372863
0.02592637
0.06251266
0.03857962
0.04650535
0.08919765
0.039716	0.04219823
0.03022036	0.05118845	0.05310362
0.06824061	0.03726151
0.03959741	0.05661443
0.0404229	0.03395375
0.045936	0.05855851
0.05051115	0.08543483
0.04722663

0.05082796
0.04666349
0.07505008	0.05669945
0.1133686	0.07335504
0.03641647	0.07984187
0.02691485
0.1057094








0.04255527
0.03056155
0.04037094
0.05293836
0.03842488
0.03363294
0.05842546
0.05588636
0.05155405


0.06248853


0.0575067

0.03312267
0.06068112
0.05049236
0.03452039
0.04303604
0.04730967
0.04970951
0.02869766	0.04674517
0.02601171
0.05668342	0.108112
0.06249042	0.1080136
0.02801977	0.0293156
0.04460809	0.06485761	0.0707528
0.04601621
0.04979859	0.07862994
0.03759179
0.08191121
0.03211217
0.06202442
0.0517345
0.04122046
0.06018175
0.08428604	0.03728706
0.06003393
0.05363675
0.04429338	0.04427975
0.03298843	0.07724146
0.1106628	0.06356286
0.04612932	0.1086184
0.03578501	0.08365982
0.04136278	0.08791361
0.0770215




0.05387242	0.1131356
0.05270506
0.04612878
0.08558819

0.08290162
0.09656804	0.04779696
0.049821





0.04389119



0.05264468




0.03758384	0.01713756
0.05734926
0.02992524	0.07419543
0.05043648
0.03773161
0.0606781
0.06271318
0.06426233
0.07992734
0.07585066
0.05512005
0.05451764	0.0569892
0.0398505	0.06407075
0.06195227	0.05521611
0.02499613	0.04212121
0.04069002	0.0366502
0.03095754	0.0343072
0.02489427
0.02302305	0.0674147
0.04435569	0.05363627
0.03087735	0.04476399
0.060377
0.05621336
0.100996
0.08222672
0.03255865
0.02898391
0.04054682
0.05341666
0.06436673
0.06525119
0.05691322
0.07378492
0.04549352
0.05884726
0.0928374

0.06891092




0.04907024
0.05779018
0.04981816
0.04776414
0.03537197
0.06251563	0.03946941
0.0525708
0.02589546
0.1031926	0.05414993
0.0471244
0.08777447	0.0888136
0.0730303
0.04429782
0.05547622
0.03509105
0.06052713
0.06276544
0.0459785	0.07074709
0.05604323
0.04385765
0.07963011
0.08107258
0.01878593	0.04614948
0.08984143	0.03068222
0.04506405	0.07874589
0.04576348
0.05143811	0.02643893
0.04036579
0.08827629
0.0385589	0.0717214
0.06136561
0.0496866
0.03580907




0.04866846
0.03486994
0.03735415
0.1089092
0.09512761
0.03365283
0.04972696
0.04231144
0.07350678
0.07094301
0.07384646
0.07760637
0.0501435
0.04524602
0.06651992

0.03947887
0.04229342
0.06205097
0.0393111
0.0500938
0.06026442
0.06401993
0.06671337
0.03803332
0.04875704
0.09464019
0.046321
0.08811692	0.1069222
0.04573848
0.04137966	0.04764108
0.01793648	0.1013728
0.04911189
0.06713832
0.03224849	0.06300342
0.03970021
0.05874188	0.03680967
0.05168659

0.07418438
0.04985494
0.0753343
0.03345652
0.03738827
0.06416289
0.06233429
0.08163617




0.09022466
0.06234983	0.05930292
0.05962235
0.04385867
0.06981781
0.05161426
0.05791262
0.04339288	0.0720056
0.02156277	0.1052081
0.02794789	0.07807714
0.02582274
0.08378101
0.02793288	0.03230304
0.0316095	0.03719375
0.06307326
0.03815123
0.09949966	0.0867633
0.06602806
0.08511446
0.06694819


0.04853207	0.05242709
0.07615178




0.06505692


0.1148301
0.04190164
0.0251378	0.06907638
0.1008768
0.09990073	0.08528516
0.03683731
0.0411562
0.01741175
0.05527597
0.04857232
0.1066107


0.04946178
0.04493477
0.0868039
0.02305796
0.06452192
0.06195263
0.03529411
0.04943744
0.05270893
0.02900157
0.03972261
0.08236779
0.07790311
0.04489047
0.04971878
0.03651057
0.0483207
0.06729986
0.03808786
0.03183446
0.04938237
0.04177937
0.04603776
0.07374554	0.0403141


0.07325575
0.05857042
0.0486808	0.08766593
0.06976981	0.04534556
0.04057233	0.1140329




0.05348196
0.03875048
0.06670062
0.05134522
0.07249781
0.08971738
0.0648315







0.06786857

0.03051066

0.05740087
0.06552121
0.03160767
0.0555897
0.03834345
0.03768899
0.07257239
0.03244105
0.06292767
0.07410313
0.02611841
0.04456958
0.0509737
0.04504394	0.03107624
0.05550224	0.04956301
0.04926497	0.06966427
0.02311672	0.06441148
0.02328561	0.0628788
0.04504163	0.0968193	0.06143902
0.01964192	0.097559
0.05109422
0.06628586
0.0722753

0.04071684
0.05665654	0.02535628
0.04919267	0.02876675
0.07263872

0.06343925
0.08503569
0.04188926
0.06557458
0.08517171
0.08279061
0.03199341
0.07883169




0.05326493
0.0616693
0.0624561
0.03772745
0.01761883
0.0507732
0.05657243
0.06280622
0.06861882
0.04433616
0.05055749






0.06283038
0.05461813	0.02671056
0.04645051
0.0751595

0.03516468	0.03960593
0.04344775
0.03207118
0.1098459
0.05511527	0.04904229	0.03049639
0.0537786
0.07270798
0.02633102

0.04694804
0.06866849	0.05013452	0.0732899


0.05419382
0.03473139
0.04374867
0.08931831
0.06179171
0.05202852
0.07754315	0.07425181
0.04386468	0.07896062
0.05439368	0.02936682
0.04442164
0.02329189
0.06091282
0.04358113
0.05368029
0.06873625	0.06008409
0.04690235
0.04873497
0.116027
0.05274
0.03231998
0.07209405
0.08277912	0.0371057



0.07296473
0.07040608
0.07573776	0.05210977	0.1072969
0.08656612	0.05881275
0.05451835


0.0653827	0.03653417
0.02778036
0.05686812
0.08425284	0.04540214
0.03047424	0.06064035
0.059605	0.08569535
0.03130724	0.04742777
0.05523203	0.04215971
0.01711964
0.05882257	0.04591126
0.04264967
0.06776794	0.07557039
0.0329802
0.02315935	0.07833667
0.03020359	0.05728466
0.07869169	0.03562357
0.04208245	0.0635405
0.04306604	0.02685405
0.07667371
0.06209965
0.05508798
0.05980951
0.0331888
0.05648484
0.1054664
0.0564595
0.04411758
0.05515576	0.05956037
0.05791698
0.05337311
0.07196075
0.03229398	0.1090358
0.0354259	0.05712458
0.05780926
0.07373338
0.05141946
0.06925177
0.08864125
0.09030196

0.05520537	0.04315558
0.02097836
0.03575661
0.04713233
0.04095103
0.08388806
0.04248811
0.04482073
0.03431057
0.04208758
0.07863868
0.02949094
0.03330666
0.04070482
0.04055904
0.04283426
0.06649125	0.03107502
0.07542769	0.07535502	0.02494709
0.03889456	0.06595936
0.03529477
0.04181509
0.05464776	0.02868257
0.07996948
0.07332573
0.04769165
0.06977976
0.04045957
0.05986543
0.04407537
0.07875474
0.07187074
0.05734639
0.03725119
0.05746494
0.06809551
0.05250168
0.04278664
0.04078717
0.0230612
0.03318294
0.07736319
0.04481817
0.05857952
0.04215098
0.05589688
0.03952243
0.05448238
0.04692225
0.03871261	0.07850129
0.06055252	0.05484056
0.05322199	0.0568377
0.07586929	0.06588754
0.06651971	0.07094119
0.05143951
0.08439156	0.04775583
0.05765701
0.06293267
0.07224296
0.04814167




0.03396381
0.05871628
0.07077924	0.03460719
0.07747435
0.02642083
0.07051099
0.02243532	0.04035827
0.08478662	0.08321374	0.04768025
0.05289092
0.07675815
0.04519605	0.08671152
0.01869547	0.0610971
0.08696718	0.03591466
0.01836395	0.05550854
0.02696858	0.05137805
0.07927801
0.07862138

0.06506455



0.1070299



0.04338717

0.05372638
0.07886558
0.07239887
0.09251477





0.09301905

0.05182534
0.04577887
0.07410386
0.0822443	0.03777636
0.04836742	0.08415884
0.07969227	0.03209984
0.09415443	0.07226204
0.0752282
0.06116127
0.0431701
0.04851474
0.07591261	0.08880152
0.05824477
0.06756734
0.04107027
0.07449155	0.1119144
0.0458417
0.03904721
0.03616077	0.05826244
0.0484149	0.06185095
0.03948041
0.04561513
0.04401198
0.03174348
0.0284876
0.04307379
0.07066086	0.05276713
0.04486386
0.01927759
0.04479448
0.06467937
0.0538965
0.04358675
0.03410258
0.03318252
0.03234913
0.08993083
0.06074989
0.02817873
0.08810905
0.08145425



0.04439426


0.07828957	0.06081341
0.05706659
0.02451737	0.07527996
0.03964607	0.04943012
0.05730097	0.04158271
0.07663755	0.05315196
0.0466454
0.02678998
0.05771357
0.09480715
0.04309297
0.06430411
0.06901865
0.03986186


0.03280358
0.05112117	0.0415585
0.05623848	0.02693598
0.04563129
0.06085881
0.05427713
0.04273252
0.04367761
0.09549957



0.03023286
0.0323983

0.06898822
0.09382628
0.04179952	0.0611808
0.02592026
0.06283822
0.07325484

0.04053627
0.05334219

0.0856133
0.04957659
0.03720969
0.09916478	0.02234993
0.09465056
0.07054126	0.08864124	0.0915991
0.07039384	0.05808876
0.05673538
0.04333421	0.05565382
0.05285956	0.0842822
0.03133341	0.03718598
0.04809257
0.06072711	0.06765048
0.0467517	0.05931542
0.0530866	0.08892284
0.02546777
0.0514747	0.07227106
0.03685332	0.06605118
0.04258065	0.052604
0.02588579
0.06765486	0.06030578
0.07347742

0.04383106
0.03977272
0.03294701


0.05146462	0.05478205
0.04766949	0.0402876
0.04816595
0.05843229
0.08152022
0.05437606



0.05086605
0.07280047
0.03738732
0.04240664	0.04218573
0.03737659
0.1018234
0.09288132
0.03193218





0.05657258
0.07111876
0.03448656
0.06861887	0.1001142
0.08937644
0.03251067
0.07829038	0.05356996
0.04096971	0.03568471
0.03699859
0.08928962	0.06193666
0.03804646	0.08238239
0.03236702	0.08398874
0.0643329
0.05960716	0.03743862
0.0425359
0.02132596	0.05582046
0.05520065	0.05578001	0.08688722	0.03441279
0.04270796
0.03857479
0.04038819
0.02902094
0.03552681
0.1158264
0.08627706

0.07369088
0.02845504
0.03339449	0.05319053
0.06800299	0.04479496
0.04943204
0.04769689
0.07677541
0.05317405
0.1598666
0.05338399
0.07284157
0.06950709	0.04342315
0.02445058
0.04617232
0.06310749
0.04105588
0.07103468
0.044056	0.08199774
0.07191237	0.07927005
0.03296366
0.06261741
0.03664326
0.05032773	0.08604526
0.06490381
0.1000571
0.07347314	0.05194372
0.01919106
0.0491676	0.03976779
0.05094772
0.05166784	0.06139596
0.08895915	0.07508354
0.0701861
0.06557263
0.0420082
0.06840714
0.03795233
0.08982686
0.05651891
0.1001509
0.0702503	0.0351078
0.09962298
0.03522675
0.06762521
0.03585622	0.05479305
0.09797194
0.05969461
0.05652888
0.04500342
0.07416603
0.03749408	0.06041679
0.051675	0.04709343
0.04048294
0.05122295	0.08104032
0.03161114
0.03745266
0.03254439





0.0483479
0.06100636
0.05698503
0.05623495
0.08298979
0.03391789

0.1036911	0.05213493
0.06709043	0.04132939
0.06383196	0.05245075
0.05089637
0.03769849
0.04181922
0.05641637


0.06712785

0.07299727
0.05006841
0.1104199
0.06900106
0.09832085
0.0516838
0.09051071


0.08787969
0.08302616
0.04152856
0.04511477	0.02009031
0.04517128
0.06385156
0.03173424
0.04447662
0.0318187
0.03630159
0.0706751	0.05608007
0.07031193
0.04966382	0.04503302
0.1100108
0.01691119
0.06326435
0.05704598	0.06066744
0.0844031	0.03896189
0.05511782	0.08841345
0.0458579	0.0555344	0.03108586
0.05020208
0.09584103	0.06316686	0.06564969
0.04185643
0.03020174
0.07005607
0.1014004
0.07997226
0.03049931
0.03299661	0.1027682
0.06900603	0.05543782
0.08827926
0.05409592	0.06840229	0.03324869
0.04854539	0.05399634
0.0600006

0.04473673
0.0719977
0.05439148
0.0383626
0.04820994
0.07348787
0.03501662
0.08261921
0.02475713
0.06868163	0.07913871
0.07341212	0.04855521
0.07070173	0.08006173	0.07770247
0.02009707	0.05403347
0.05592874	0.07604841
0.0855092
0.04527964	0.03049766
0.03267646	0.08075248
0.06896572	0.06174251
0.02383202
0.02117959
0.03644071	0.08902934
0.06561179
0.04706206	0.04417563
0.01976997	0.0506426
0.05133675
0.06837529
0.04482479
0.02612696
0.03714796	0.05745018
0.07328296	0.06395066
0.04723519	0.03023297
0.0565903	0.0695821	0.06201862
0.0507002	0.08717258
0.05292616

0.06147233
0.06616105	0.07568073
0.04243686
0.04896049
0.04245232
0.03487858
0.02972437
0.08923402
0.07413119	0.04749991
0.05141007
0.05151041	0.03396776
0.06489455
0.04253642
0.05053903
0.085542	0.03999608
0.0520758
0.05386084

0.06570372
0.0392396	0.06797944

0.05418253
0.0499062
0.07730547
0.03571008
0.07182968
0.03028232
0.07501914
0.03365305
0.0242812
0.03542145
0.05164189	0.06326318
0.04870966	0.09325137
0.04061986	0.04916747
0.04047621
0.1088405	0.05635481
0.06857894	0.07606616
0.06728332	0.07171349
0.07972089
0.05044327	0.01986984
0.03570467
0.05093231
0.07277714
0.05283234
0.04574349	0.0513305
0.02500539
0.03789633
0.07295381


0.04899874
0.07722693
0.01810291
0.04878159
0.04859816
0.05063227
0.02510146
0.04765501
0.07914496
0.04381576
0.08026781
0.05447905
0.04068974
0.04925337	0.03999763
0.03054127
0.03974958
0.07947706


0.06309377





0.08215467
0.04387836
0.03441031
0.02906687
0.05462226
0.06949782

0.1017446



0.03371956
0.02502793
0.05375571
0.04484237
0.05282227
0.1072572
0.07882167
0.04073922
0.02384348
0.05159656
0.0472491	0.04633526
0.03494418	0.05706187
0.05655786
0.06921013
0.05485911	0.06661248
0.04869604	0.04608248
0.03291017
0.03573884	0.05050883
0.06925704	0.07789637
0.06703352
0.03682932
0.06042836
0.09569708
0.05149935	0.07197865
0.05812032
0.04566162
0.02512949	0.03615805
0.04139687	0.03888978
0.03915895	0.06113362
0.03214441	0.06165385
0.06415154	0.04615672	0.08935564
0.07967822	0.04499452
0.03757163	0.01985606
0.04828892	0.08382049
0.02748129	0.05362374
0.07058211	0.04130433
0.06811891	0.1012529
0.06402169
0.03371409
0.03195601
0.02091734
0.09449126
0.0480556	0.03495472
0.05694516	0.09826807
0.02761474
0.06154655
0.06147237
0.06155335
0.04491875


0.08046004
0.0618665
0.06777417
0.05482362	0.03737832
0.03969647	0.09514692
0.05147683	0.04155705
0.05229357	0.04346672
0.1013809	0.04047405
0.03337279
0.04004334

0.07398235


0.02985575
0.0464674
0.04884364
0.08822065

0.0543279
0.1013924
0.05571934	0.02273604
0.03191359	0.05360902
0.03734966	0.05306108
0.04089702	0.03524902
0.05893937	0.04746764
0.03913328	0.0662488
0.02159595	0.02611451
0.04241932	0.1030645
0.02943699	0.05741008
0.0593459	0.05624742
0.06895008
0.05108283	0.05058237
0.07317745
0.03336294
0.05272318


0.07262072
0.07650687

0.0300048
0.04781936	0.07071563
0.04058568	0.06201738
0.06094099
0.03150858
0.04778596
0.05781186
0.100392	0.07439482
0.03899404	0.03981678
0.08141252
0.0939266
0.04818625
0.03782937
0.03887279
0.05451178
0.05788983
0.03466652
0.06348763
0.06954176
0.06150682
0.05570357
0.05316698
0.07600146
0.03952536
0.05231721
0.1093829
0.04595507
0.0901158
0.03489633	0.03008843	0.0345036
0.03778092	0.02302589
0.04931703	0.0812126	0.06910149
0.1037285
0.05541632
0.07838072
0.07785143
0.05276487
0.0443792
0.03061399
0.08230522	0.04790392
0.0764233	0.09552086
0.02875142	0.06835704
0.09228908	0.06030189
0.0497491
0.05254026
0.02576953
0.02304518
0.02567733
0.05964507
0.04221504
0.06462051	0.04217695
0.04053389	0.0122567
0.05281612	0.06874019
0.01976637
0.03622115	0.07300538
0.03698701	0.04378269	0.03416166
0.04507131
0.06255697
0.06504638	0.05826218
0.06022312	0.04620957
0.03531113
0.03460587
0.0206147
0.03264466
0.06507142
0.1013931

0.06479533
0.08933377
0.02992716
0.02809695
0.09251798

0.04940244

0.028718
0.03951993	0.03764591
0.07737575
0.03882565	0.04865825


0.01447003
0.06263214




0.08866132
0.09334258
0.05821497
0.04477784
0.07609351
0.04181429
0.03685977
0.05400783
0.0735386
0.03757882
0.04404703
0.08621564
0.06870937
0.04947884
0.07360965
0.1068635
0.03377119	0.05795958
0.1406018	0.06343963	0.05870816
0.04934758	0.03911988
0.04241096	0.05647394
0.009865882
0.05980667
0.04556278	0.0349623
0.03514511	0.0822466
0.06447871	0.07999109
0.04098972
0.05543365
0.1094005
0.06220628

0.0770043
0.03335586
0.06013232
0.02637859
0.05290832	0.05029873
0.08256667	0.08055013
0.06527446
0.09518989
0.06690683
0.06149515
0.09694265
0.05806445

0.06605734
0.06835791
0.04529656
0.05038969
0.05305415
0.0297578
0.05427955
0.07137832
0.05418824
0.06767232
0.06792852
0.03270429	0.03428949
0.06996891
0.1034237
0.03888611
0.059012
0.05671722
0.04454362
0.06393403
0.1044476
0.07487667
0.04771231
0.09308694
0.04727594
0.052335
0.06132765
0.03466969
0.05857701
0.06897115


0.04004798
0.04457246	0.01342205
0.05528068
0.0527747
0.06651492	0.04372741
0.06736905	0.04419342
0.06368737	0.04378366
0.03976966
0.05224321	0.05889609
0.09118613
0.06753787
0.06102285
0.0679955
0.07132577
0.06703883
0.06400912	0.04828068
0.03200851
0.04728144
0.05808918
0.07848828	0.02670109
0.07886042
0.0503534	0.0533399
0.04227452
0.05917879
0.04671573
0.04967555
0.03532592
0.02980291	0.1052559
0.05720451
0.04524981
0.06879102
0.05777306
0.03684111
0.04395411
0.05749759
0.06152111
0.05882967
0.06158655
0.02903861
0.081516
0.06629805


0.03417293
0.03689642



0.0893033
0.06488429
0.04965895
0.06983264
0.08858346
0.05008713
0.05056213
0.07472876
0.08190656
0.05315491
0.04111681	0.07316435
0.03951784
0.03717505
0.02216672
0.03483851
0.04689488
0.0648678	0.03901731
0.04194956
0.03935074
0.04380716
0.03254744
0.05417514
0.04355345
0.07660756


0.07650051





0.04829757
0.03918004
0.05204366
0.07385929
0.03539107
0.05159932
0.06382745
0.04543747
0.03331392	0.05366024
0.02088749
0.04977598
0.0409482
0.03046029
0.04506371
0.04776989
0.09456697
0.0373943
0.06809563	0.0257409



0.04823628
0.04500112
0.0465141
0.07093415
0.05053189	0.08314324
0.05022068
0.04938067
0.07369452

0.04984704
0.05877355
0.06861954	0.09982542
0.09009168	0.06982982
0.04367081	0.01453297
0.04682962
0.05665043	0.04420658
0.04876524
0.05452881
0.05982113
0.04944932	0.1290205
0.07207443
0.07108228	0.06029987	0.05283371
0.04677724
0.02715364
0.02992839

0.06989209


0.06847874	0.03545206
0.07979162

0.07981661	0.05105568
0.0825593
0.05304816
0.08042839
0.0368786	0.04422019
0.04683895	0.05325479
0.08189825	0.03080141
0.02549257
0.0535169
0.03854272	0.06555485
0.05181497
0.0911292
0.03836592
0.04743367
0.07385841	0.05355916
0.05784661	0.06556257
0.05132963
0.04992183	0.01725291	0.04554481
0.04511415	0.03436329
0.06761958	0.0637217
0.08301095	0.04773793	0.02579892
0.06142455	0.03261286
0.03281943	0.07333445
0.03912045
0.05330878
0.02658639	0.03706503
0.03042309
0.08240782

0.05000535
0.04813339
0.04090394
0.06692878
0.07985639	0.06745815
0.0302578
0.0286784	0.04578685
0.02999651



0.03851415
0.06331506
0.03939947
0.02121113


0.09288438
0.06096926
0.05725066
0.04091604
0.05194518
0.06489185
0.08000752
0.07153876
0.05931912
0.06492047




0.06433446






0.03309632

0.04903265
0.06287603
0.05950144	0.07727072
0.07613937
0.01672948
0.06751003
0.04018988
0.02829448
0.0465004
0.04398723
0.0490988
0.05452127
0.04933034	0.03711466
0.03547099
0.04478026	0.07423351	0.08378571
0.05389902	0.03016723
0.05096568	0.06756698
0.04652984
0.06094797	0.0496966
0.03554989
0.05081311
0.03114442
0.06833575
0.05101123
0.08329871
0.03580766
0.05716745
0.04241409
0.06160587
0.05417358	0.02784995
0.04659567
0.05161731
0.06268008
0.02522895
0.09146475
0.05901127
0.06866555	0.1060864
0.06242224
0.05231691	0.03916226
0.06223639
0.07227992	0.06094462
0.0187512	0.0365912
0.06992445
0.1106748
0.06014437
0.0450412
0.03844552	0.1181901	0.04994217
0.01240584
0.05212105
0.07997417
0.03994334
0.05643597
0.03996087
0.08412489






0.04704569
0.06730187
0.06012786
0.05839267
0.05099492
0.0690922
0.05021369
0.05636162
0.04173982

0.04067891	0.1184036
0.03970303
0.03103676
0.0554554
0.03834959
0.04277821	0.02825437


0.03583876
0.05088923	0.04868308
0.05639488
0.09164134
0.01874305
0.06144552
0.06271931
0.02608533
0.02848219
0.03532108
0.03233513	0.02669071
0.1212863	0.04588829
0.06553426
0.05300238	0.08780582
0.06757333
0.05037363
0.08769502
0.0815163
0.04775139
0.03130383
0.03708112

0.1016746
0.07765147

0.05908481
0.05327045	0.01277878
0.04995085
0.02946608	0.06075203
0.05825941	0.03958619
0.02338567
0.02442166
0.06922475

0.05312019
0.0610372
0.04394333
0.06973036
0.07290275
0.07681898
0.04310464	0.07049342
0.05240768
0.08993886
0.05180396
0.03015483
0.05067071
0.06275782
