ExtinctionRates
0.02553271	0.02509502	0.01343288
0.005603953	0.01467521
0.003456446	0.007026165	0.003714157
0.008389984	0.02780823	0.03097645	0.004849888
0.01191385	0.006405953	0.01053617
0.001944052	0.04165419	0.04403022	0.002559507
0.004893625
0.02226964	0.005227101
0.003164424	0.006268847	0.004322599
0.01495627	0.002946432	0.002608668	0.004321692	0.01067294
0.02724934	0.003662115	0.008359903
0.01134745	0.06205047	0.0528335
0.01636091	0.03397845	0.005742233
0.003129101
0.001856086	0.01099872
0.03688822	0.004788422	0.03438153	0.01870579	0.002081951	0.03571461
0.01590485
0.0005322253	0.04046155
0.01045249
0.0007230872	0.002889322
0.1438662	0.004440053	0.007080747
0.01207134	0.01936411	0.03854043	0.002964298	0.01143084
0.03791436	0.01236915	0.002645182
0.003381562	0.02534882
0.002281462	0.01384647	0.07552782
0.004826564
0.02537583	0.01646002	0.03080677
0.0007229213	0.002344057	0.01293179	0.01731244
0.02914911	0.003638536
0.01758333	0.002653753
0.1197222	0.003254732	0.003816327	0.002607269
0.02792661	0.02045979
0.007177087	0.00238076
0.004703088	0.01643992	0.003620234	0.008275075	0.06753426	0.003393426	0.2571434	0.009375312	0.008783934
0.02076606	0.009933151	0.01124674	0.01730714
0.06263301
0.02411938
0.001828845	0.002705677	0.002612923	0.007216084	0.003384744	0.06547964
0.01004707	0.03013508	0.2036783	0.01358589	0.04968749	0.0153824
0.1961876	0.02815818	0.00327804	0.005576257
0.0299762
0.007324355	0.004014974
0.0008599449	0.02683661	0.008019583
0.0002628799	0.008830574
0.0006034189	0.01187931
0.01060116	0.2638866	0.00350743	0.01376366
0.01599927	0.001685212	0.2403603
0.01365535	0.00678555	0.005143227	0.002190831	0.006608894
0.003066957	0.01572461
0.00766053	0.0201022	0.004330661	0.01637085
0.001218399	0.002533361	0.006057768	0.009861339
0.03669122	0.02484692	0.001488234
0.05540106	0.02316893	0.04273615	0.008821641	0.1555577	0.005823169
0.009515209	0.00610133	0.01154047	0.06124758
0.002199645
0.00185053	0.009534827
0.05557749	0.006091949	0.0542155	0.004146123	0.01063041
0.06330041	0.003915207	0.003063339
0.008283508	0.006027952	0.02286324	0.02541405	0.02285219
0.02970967	0.01259642	0.00268098	0.03233898	0.01562952
0.00637592	0.004357652
0.05383306	0.01896197	0.0116223	0.001703964
0.001397183	0.01663503
0.009715212
0.002496235
0.01354445	0.001842629
0.00328479	0.01110268	0.0004745612	0.01133174	0.0103559
0.001570599	0.002921957	0.00485648	0.001429844	0.003648556	0.008012349
0.001033228	0.003359694
0.0047591
0.04310133
0.00440622	0.004695068	0.01284252
0.001855743	0.004468617
0.01103781	0.009624248	0.01166427
0.002233589	0.009827092
0.003213137	0.005744848	0.001554949
0.01058362	0.009524827	0.002289998	0.002261095
0.006297661	0.003115341	0.003230364
0.004794215	0.01157066	0.00865145
0.05264563
0.001885794
6.54001e-05	0.0144797	0.0160771
0.001619143	0.01047726	0.02206981	0.003765497	0.01082864	0.004755945
0.005956401	0.00668937	0.004239142
0.04613602	0.00326849	0.08391839	0.01291463
0.01764885	0.003335212	0.01130844
0.03563255	0.002972351
0.004246768
0.005616398	0.002475876	0.04315056
0.0721145	0.006148724	0.003475149	0.005998278	0.01224575	0.007571413	0.04058355	0.007482614
0.001336083	0.00524116	0.03993138	0.0220957
0.02146008	0.007187173	0.002746663	0.05737577	0.002245671
0.003231693
0.08072834	0.0003149841
0.003320458	0.01620138	0.007896516
0.00255995	0.01419542	0.01555499	0.03135276	0.01598005
0.04611142	0.006389864	0.07601888
0.0003606217	0.009289591
0.001623881	0.0105626	0.00510105	0.02580376
0.006681654	0.006185072
0.01707588
0.003311077	0.002648872
0.02454326	0.001540981	0.01699138
0.002323541	0.00615133
0.005228345	0.02538864	0.02975879	0.01198733	0.04383527
0.0580426	0.01408636	0.002652995
0.002739653	0.001953191	0.006273274	0.003864516	0.001987243
0.01025734	0.03174675	0.008524336	0.04135788
0.04645234	0.001698949
0.009838425	0.008675244	0.00463297
0.002963941	0.003434568
0.003815074	0.007807095	0.001251104
0.01403455
0.01578871	0.008829348
0.002529099	0.004154161	0.01345094	0.1008523
0.002082671	0.01672635	0.003355533	0.04645981
0.02750239	0.006112037	0.001603249	0.004882361
0.02580026	0.01094491
0.0658874	0.01126176
0.005303954	0.01485249	0.002907365	0.01108952
0.01137206	0.002523775	0.0006984189
0.00102912	0.002320025	0.007511169	0.00570241	0.006053323
0.01800799	0.01622427	0.006802154
0.001889245	0.05252302	0.009781745	0.003336015
0.001628066
0.1035393	0.004893805
0.002017482	0.008003839	0.01525149	0.008336654	0.00453152
0.007190145	0.002573167
0.007071208	0.003046926
0.00288209	0.1836364	0.00857451	0.01937719	0.1594878	0.01106595
0.004274982	0.001930654
0.00132418	0.001775676
0.008832074	0.001834326
0.01519763	0.003023094
0.03483226	0.02548528
0.02174285	0.002466788	0.00274814	0.002269264	0.004928898
0.0008758809	0.01626852
0.005326659
0.0002893323	0.008571822	0.004298961
0.002597847	0.1177962
0.01341429	0.01081216
0.0005419992	0.002251853	0.2320933	0.0009419818	0.0106954
0.0118761
0.02401053	0.03021388	0.1165994	0.008735264
0.001578868	0.01332262	0.01684597	0.01593058
0.007313623	0.006025711	0.01555766	0.02224902
0.007995222	0.008003496	0.001928877	0.001009581	0.03142773
0.005215554	0.001631581
0.01698905	0.0004134782
0.04239075	0.001525299	0.04535868	0.0004184839
0.01139299	0.002133192	0.008739058	0.01757512
0.03422884	0.04099742	0.007293669	0.1255704	0.03937506
0.001697836	0.00255365	0.004078816
0.2137137	0.01508212
0.04124421	0.0100959	0.4372965
0.001255898	0.003983162	0.0303813
0.008655317	0.01595613	0.06264081
0.01864972	0.01342438	0.01687076	0.001595936	0.01719419	0.0005555651	0.01447669
0.08798755	0.007468841	0.05464782
0.005842952	0.03217261
0.008092907	0.01892501	0.006716352	0.02384128
0.01169341	0.001141537	0.009468279
0.02926354	0.0467207	0.002953452
0.0525919	0.002227767	0.01739431	0.009020532
0.01250279	0.01965975	0.02924207	0.005132528
0.07470935	0.00513116
0.001892725	0.02567352	0.003031426
0.001865483	0.0007956184
0.006887732	0.04615983	0.0004457619	0.03602236
0.005093776
0.02537578	0.04232307
0.008554862	0.007878377
0.008745742	0.009759268	0.008376664	0.005990187	0.002340367
0.002671065	0.001312122	0.004320955
0.02249341	0.02878774	0.01607401
0.03454634	0.004162199
0.004104385	0.05224408	0.01608769
0.0003151289	0.0009622244	0.07300293	0.004591787	0.05723355
0.002729303	0.003085724
0.01845655	0.01256404	0.1566352
0.005564887	0.001845173
0.003388781	0.01304275	0.007055902	0.05394262	0.0426537	0.001577962
0.04084186	0.001108996	0.006672618	0.02120349
0.01831704	0.001059128	0.002027293
0.01109561	0.04581297
0.02353922	0.007537984	0.02766184
0.04505752	0.06828658	0.001141986	0.001612456	0.002003021	0.004229192
0.007284595	0.002841085
0.001815656	0.005338951	0.002651557
0.001212602
0.002814734	0.001130561
0.004339056	0.00899771
0.004055815	0.08066224	0.005599609	0.01189264
0.008355457	0.0003900886
0.004018116	0.002663347	0.002007038
0.01422582	0.01393939	0.05783283	0.003120623
0.003131767	0.00122756	0.002271904	0.01326229
0.001226666	0.0004993348
0.007663298	0.002113406	0.01342699
0.001314793	0.001281021	0.00367064	0.02841696	0.02117085
0.03399516	0.0221453	0.025871	0.009380051
0.001589536	0.001546594	0.0859737
0.0007654689	0.00594272	0.001312863
0.01778386
0.06212433	0.004990884
0.00371224	0.0005523764
0.05735651	0.002825175
0.05226743	0.0004714119
0.00482383
0.0009213238	0.0024762	0.007872189	0.104006
0.06647504	0.002763778	0.002909844	0.03968281
0.004141826
0.003107862	0.002621683
0.002233519	0.003470456	0.01569034	0.02004664	0.00526097
0.008850101	0.007583769	0.003585642
0.00669563	0.0110741	0.0005464933
0.06691633	0.002692821	0.002701886	0.001061539	0.01264907	0.002250701
0.01841155	0.01196939	0.01730329
0.009473857	0.00453821	0.05595062	0.001697606	0.01665139
0.001630602	0.01601441	0.06561209	0.01512365
0.03039664	0.01348782	0.004665566	0.01365625
0.001132126	0.002891509
0.02680454	0.007784567	0.005549102	0.02312412
0.0286954	0.1050538	0.002793172
0.005963203	0.00482283
0.03442324	0.0145906	0.08385204	0.006959296
0.02831106	0.01416571	0.009922531	0.08675882	0.002067943	0.01700982
0.0003241544	0.008239887	0.007146288	0.005588915	0.007950157	0.0111009
0.0009536818	0.001374387	0.009796968	0.00872199
0.003409909	0.02380735
0.001929158	0.002584063
0.01864401	0.02506336	0.01061445	0.001530187	0.02836573
0.02086927	0.002366666	0.03109833
0.002975546	0.006741685
0.02571757	0.001214988
0.006473068	0.001225506
0.001271837	0.04016115	0.006834051	0.05164526
0.07551463	0.002770501	0.004862384
0.002911219	0.004900689	0.02505185
0.001870626
0.02383209	0.002027723	0.002735538	0.003796827
0.01191413	0.000982579	0.002260713	0.002903546	0.0009122803	0.0005766814
0.002161543	0.01541579
0.001590782	0.003042135
0.1174078	0.005909987
0.01435994	0.01013802	0.03769713	0.008389891
0.001900974	0.01759268
0.003336083	0.01631493
0.04808675	0.0028175	0.03791797
0.001169382	0.0457627	0.04784086
0.02479944	0.004396141	0.005573348	0.003101801
0.03465253	0.002467242	0.003815742
0.03394426	0.01700367	0.005785489
0.01218578	0.002207925	0.008186135	0.001088266	0.001331473	0.0004431233
0.002090745	0.03553635	0.002666263	0.06809266
0.002140813
0.03776681	0.001244053	0.05771706	0.004122525	0.00222328	0.03115
0.008023513
0.00250512
0.002668715	0.006722835	0.009129956
0.01095945	0.008479999	0.07326478	0.008961565
0.03944211	0.004542893	0.001119394
0.01425794	0.00550249	0.0005891487
0.004361306	0.0005980675	0.02922237
0.008920212	0.03019481	0.004463013
0.004846214	0.02494213	0.025112	0.02562269	0.004555653
0.00823404	0.006753096	0.0005774099
0.003537886	0.002927842	0.04035103	0.009454853	0.01711465
0.009814853	0.004088903
0.1895509	0.00221567	0.1471611	0.02232587
0.005180913	0.006168035
0.01411937	0.001061685	0.004407584	0.0003673055
0.001773595	0.006469155	0.07472943
0.0004024382	0.01725979	0.005506474	0.009245455	0.05607182
0.04128499	0.005854365	0.003362196
0.02660421
0.01108331
0.007038848	0.00523265	0.02288134
0.0510034	0.002989364	0.02242008
0.0164107
0.003415934	0.01503714	0.008509771	0.02349143
0.05193469	0.02167948	0.01628509
0.00591779	0.0004276584	0.003611228
0.04572687	0.002856244
0.01715235	0.0123399
0.03086389	0.01119481
0.007907005	0.002291639
0.00244703	0.0007108441	0.0004682472	0.0004043684	0.0010397
0.04878534	0.004638535	0.03044495	0.002641844
0.008751461
0.0009192263	0.02186284
0.01992849	0.005246075	0.01200468
0.007123605	0.006413532
0.01058868	0.004203476
0.001228877	0.002865337	0.01347091
0.04549175	0.004827853	0.001284013
0.01422464	0.06590269	0.0466598	0.01537589
0.009058515	0.009762236
0.001292852	0.003699435	0.005524534
0.01385702	0.01324173	0.005313359	0.01569545
0.00325024
0.002451387	0.01609486	0.003656103
0.003718572
0.06304884	0.02191802
0.009331901	0.007809504	0.006544637
0.003617337	0.003109736	0.03977879	0.006269847
0.002444633
0.006003674	0.007312295
0.002694643	0.001817424
0.01920009	0.001679271	0.006145059	0.0006283223
0.00293275	0.0242409	0.00355129
0.003105881
0.01873303	0.008347583
0.01638725	0.01296448
0.02061198	0.006830933	0.1244191	0.01675913	0.01276277	0.02932702
0.007724607	0.009295635
0.003051288	0.0008657705	0.003865589
0.008373853	0.001944395	0.02640524
0.0205813	0.006098326	0.03106877
0.00244163	0.02094933	0.002513018	0.001312702
0.01054138	0.005412541	0.1977767	0.0004324218
0.07356366	0.002906229	0.05393308
0.02887956	0.01137521	0.02141568
0.007731221	0.01090435
0.006537495	0.004158929	0.06297814	0.02142756
0.002266726
0.004643741	0.006827746	0.001467075	0.01447476	0.003323145
0.0008489901	0.00207339	0.002212629
0.003545415
0.002445545	0.01817096	0.02535551	0.02205924
0.009031683	0.00316608	0.06824573	0.004556117	0.01453521
0.004859461	0.0100326	0.003939125	0.01492837
0.03223213	0.0102835	0.004248867	0.01482125
0.04706048	0.003297139	0.1033293	0.003083982	0.01994416
0.003789743	0.005123173
0.001502835	0.02650796	0.01851355
0.001357569	0.001679191
0.003497432	0.02673001	0.005194186	0.005531888
0.01695207	0.001266413	0.0002423072
0.01542198	0.003006334	0.001856747
0.05066937	0.009698603
0.002398805	0.008335425	0.005656822
0.05096077	0.02668766	0.0008951	0.004131168	0.001714211
0.01028995	0.234313	0.00848566	0.006901757
0.01024597	0.01109702
0.05551217	0.02208859	0.02536809
0.02059777
0.05281378	0.004456872
0.01176839	0.006731029	0.0002468688
0.01106141	0.008562511	0.005569626
0.002081117	0.00429496
0.006059225	0.00690296	0.006187509
0.07848358	0.02717806
0.002045957	0.01631045	0.05159799	0.009575492	0.0876774	0.001973705
0.03088029	0.004408056	0.001556983
0.006225945
0.006917231	0.01473913	0.003681506
0.001202945	0.001548477
0.1122322	0.01825246	0.008853429	0.01745984
0.03257868	0.001609025	0.004334335
0.04181075	0.004096084	0.008943032	0.00536435
0.05015477	0.007419229
0.004283801	0.0008993617	0.04094299	0.01440749	0.007929362
0.0776858	0.01295316	0.07005035	0.02141584
0.06853157
0.002483071
0.03696604	0.005728911	0.0009509823
0.003568801	0.0001648144
0.000974085	0.01184263	0.004344761
0.006261577	0.009138017	0.01447709	0.002413751
0.003050478	0.01334057
0.007231466	0.02407435	0.03968852
0.008982664	0.008563807	0.02865544
0.009373645	0.003461598	0.1554236	0.01219457	0.002462749
0.01983637	0.003053884	0.01950541	0.03731253
0.02323958	0.01729816	0.1421369	0.007785003
0.002346326	0.0166705	0.4063631	0.005231065	0.0694951
0.01626351	0.002049514	0.00118907	0.0003369705
0.0008869032	0.106688	0.008296524	0.01440378	0.04353074
0.002581291	0.04642396	0.0234884
0.002212192	0.02423712
0.008065904	0.00307494	0.02065571	0.006733429
0.02217558	0.02618079	0.0008086836
0.007442388
0.02750379	0.006669839	0.01588991	0.05005973	0.02935419
0.03998574	0.01380603	0.02215125
0.003582609	0.003595785
0.06563637	0.01557808
0.06082988	0.002496301	0.01284277	0.001071872	0.0313605	0.01594129
0.03104459	0.002716496
0.0177365	0.001821771	0.001254389
0.001297892	0.002183872	0.01862139	0.05758997
0.009149275	0.01646415
0.0183285	0.01134917	0.009441087	0.006520796
0.01632907	0.002034561	0.007059883	0.03010562
0.01190087	0.008459403	0.01910334
0.005305693	0.01356377	0.001034477
0.02038355	0.001591197
0.002065686	0.01349155	0.0002436826
0.06289664	0.03150377
0.01176849	0.00425011	0.06199561	0.003543455
0.003731108	0.01091793	0.01025858
0.08656981	0.01023134	0.01785217	0.09131767
0.001194402	0.007034797	0.001203944	0.00774376	0.004207265
0.003905777	0.0275841
0.00291766	0.04391953	0.01095524	0.004410978	0.03192596	0.01083693
0.006572913	0.002771249	0.01595504	0.02368377
0.01815772	0.003218949	0.0006334277	0.01889666	0.0005341401
0.03782971	0.005309428
0.00226675	0.01541721	0.01717476	0.01904538
0.06667112	0.02304599	0.01857243	0.06270136	0.006816433
0.00795297	0.06632929	0.004565975
0.001639515	0.01114478	0.03048383	0.006911873
0.001294576	0.06147152	0.009308168
0.03647252	0.007421236	0.01023364	0.06840254	0.07732135
0.0008232574	0.01942038	0.008695083	0.002692998	0.02024129
0.005762565	0.01807672
0.01697306	0.001516888
0.003004787	0.003135138	0.013679	0.01132145
0.01872494
0.001768039	0.01962379	0.04171923
0.01207768	0.007264447	0.001171046	0.07930731
0.03111405
0.04021762	0.005956567	0.05780334	0.005216218
0.002059968	0.01111709
0.03700672	0.00959888	0.002003846	0.001192836
0.003421462	0.008182121	0.02443479
0.001645712
0.01846406	0.008591415	0.1009928	0.01208985
0.003221701	0.004650353
0.001296723	0.00217359	0.0262045
0.01067832	0.004056149	0.01564858	0.01659853
0.01403341
0.0103991
0.004599805	0.07998201
0.01220963	0.01973986	0.001848177
0.04170972	0.008142312	0.02374491	0.01547635	0.00683268
0.001579945	0.001363526
0.04918308
0.02821828	0.02395364
0.01879534
0.03512313	0.01247096	0.01744333
0.002692516	0.0191111	0.06386042	0.01874723	0.01284065
0.0178427	0.00592214	0.004678236	0.008261595	0.4851553	0.03647816
0.001007984	0.008868917	0.002155832	0.007356398	0.01512375
0.02892294	0.02130558	0.002820933
0.003392818
0.02281053	0.006489771
0.003831297
0.029873	0.02441769	0.01139402	0.01546904
0.01443515	0.005905505	0.05764196
0.007898083	0.005120648	0.004588317
0.002476612	0.03586249	0.004179078
0.1049929	0.01135691
0.1409907	0.001278817	0.00550856	0.01611339
0.001027374	0.005324952	0.003388099
0.0002466656
0.01594587	0.002645382	0.006643829
0.005001562
0.0002802998	0.01451126
0.01299032	0.004870266	0.004104015
0.007902778	0.06932316	0.00525712
0.03557167	0.001224037
0.001365303	0.02944753	0.1076912	0.008688909
0.03735157	0.05949735	0.001041863	0.001048102
0.01116863	0.01119428	0.003434444
0.01348407	0.01656722	0.002671443	0.002951991
0.009842578	0.00789186	0.001165483	0.008091952	0.03398377
0.01388342	0.0002993153
0.008746831	0.003370655	0.3465526	0.001824214	0.0006591962
0.04932088	0.005164686	0.01746379	0.003011759	0.008212707	0.006177356	0.02379193	0.04324404
0.01653804	0.001055399	0.0005953572	0.005850099	0.008305489	0.01006769	0.07227762
0.006313269	0.0003857311
0.001170921
0.04166541	0.006410342
0.0559518	0.003345594	0.009373659
0.03643272
0.02067032	0.01068623	0.01817547
0.005863738	0.001343144	0.04148136	0.003231101
0.04512501	0.001920132	0.02798833
0.002045923	0.01219335	0.01755738
0.006522408	0.00389827
0.005111568	0.01270129	0.003671326
0.01479247	0.005392216	0.007091426
0.0179425	0.001313924	0.00481007	0.01915772	0.001558823
0.0004169331	0.003326024
0.03735273	0.02157618	0.008066018
0.03550177	0.0666508	0.05557833	0.01266025
0.0003418894
0.005399198	0.004754306
0.008245197	0.0004709486	0.01135676
0.004875457	0.01321567	0.006104094	0.02809883
0.005257768	0.002043287
0.01028273	0.006625874	0.02614434
0.00238023
0.002441456	0.03523248	0.001571882	0.002568037
0.001497806
0.08419771	0.03283797	0.00586451
0.002773541	0.01598494	0.1001296	0.02860238
0.003892072	0.004814813
0.04514154
0.3001111	0.004608255
0.01251934	0.002090357	0.003007179	0.005509826
0.04654069	0.00309564
0.009369954	0.01732808	0.007417043
0.001849661	0.01063399	0.02517298	0.003833006
0.008504122	0.006925185
0.005549978	0.03761648
0.0350323	0.006835794	0.03056297	0.006379283
0.01071832
0.002650741
0.005835346	0.008024194	0.0105883	0.01650748	0.01682806
0.01084194	0.1948318	0.01499917	0.001639018
0.005319121	0.004721385
0.002138259	0.002333684	0.02431825	0.0008892515
0.00283344	0.0006969322	0.00209231
0.003827126	0.003802624	0.00173618	0.007505466	0.02637793
0.007382036	0.003262855	0.01014091	0.00751336
0.006013961	0.004527326	0.7069596	0.01223977
0.03546095	0.008262543
0.03132734	0.02154067	0.008030328	0.002491001
0.006885681
0.002237856
0.006725142	0.006501913
0.004341345	0.01747638
0.0296695	0.01173741
0.02354278	0.01571249
0.02202553	0.0426167	0.02521806
0.005179155	0.02125895	0.001119193	0.04932067
0.004646122	0.01107999	0.02172422
0.002681534	0.03931243	0.006839425	0.01791838	0.00271866
0.01139113	0.01930576	0.0002062576	0.002824821	0.05550526
0.07733242	0.009712884
0.009143512	0.02169544	0.02201509
0.007450169	0.002384539
0.03011058	0.008242809
0.003474794	0.01614563	0.004090884
0.03399116	0.02331448	0.006202034	0.01800324	0.02778029	0.02178541	0.003391819
0.02309372	0.001142365	0.002333502	0.01268161	0.08593837
0.07458669	0.005434137	0.01883796	0.002934139
0.04246999	0.00302987	0.2072778
0.02198097
0.001628677	0.1105405	0.00212772	0.001941199
0.04288689	0.0004219889	0.009503379	0.002707018
0.007262872	0.05496232	0.008902603
0.03325943	0.06515083
0.01231865
0.006902695	0.002752789	0.0001603609	0.01475635
0.003668337	0.01458934	0.002709682
0.0629395	0.002241276	0.00496855
0.1330779	0.0207972	0.01333843
0.0117413	0.01129109
0.0006148872	0.005926693
0.02685439
0.003479055	0.0009830248	0.008308554
0.005799311	0.001101001	0.008377682	0.01448892
0.003825139	0.0004548398
0.005610682	0.007509361
0.007988511
0.05290966	0.01746259	0.000178298
0.002392365	0.02962772
0.01539074	0.03907331	0.01369926	0.0126173	0.01081773	0.01135025
0.001683089	0.003966789
0.0002074658	0.0373453	0.01913021
0.001538766	0.002695183	0.01865161	0.005903525
0.005457391	0.003718466	0.00210505
0.009435569	0.01337148	0.01862728	0.003145076
0.02571607	0.004110802
0.0560765	0.004057632	0.02935956	0.03447628	0.02120133
0.1076496	0.002572963
0.07937181	0.05088097	0.007540723
0.006301164	0.00949251	0.009364414	0.00401946
0.03742515	0.001273801
0.008386045	0.01035636	0.005100578	0.03712277
0.004387593	0.00327421	0.1811051	0.003626737	0.00141928
0.04919611	0.002682832	0.01342603
0.0005301663
0.02180257	0.0005971961	0.009240026
0.02038	0.02146804	0.004211152
0.004323369	0.02337651	0.002963586	0.005389549	0.01588638	0.04948285	0.00238194	0.0007136827
0.002095068	0.01146471
0.004529373	0.003683215	0.02342751
0.009850432	0.006191521	0.003644493	0.006412786	0.0159041
0.01870097	0.01677986	0.005876817
0.006273507	0.05793013	0.0009013675
0.01149736	0.002304549	0.03086961	0.01140928
0.00458559	0.00222045	0.004235634
0.02248624	0.001962279	0.01326621	0.00290035
0.002020203	0.0007636985
0.001837852	0.001805307
0.01054306	0.005414035	0.008741751	0.02384529
0.05104977	0.004756233
0.001628621
0.001053475	0.008381282	0.003792055	0.01427166	0.03964947
0.01347569	0.001863716	0.03633444	0.003594382
0.02005135	0.00133482
0.01435749	0.003509615	0.01144196	0.02095894
0.003221793
0.01047831	0.003014879
0.01122027	0.03470279
0.001115658
0.01036099	0.03613522	0.1191399	0.04214401
0.01053919	0.06270369	0.004711481	0.004220404
0.007531072	0.002187511	0.001796625	0.02474527
0.01983675	0.02016292	0.02429859	0.006950088	0.005017644
0.003931317	0.001405384	0.05338871	0.02532893
0.0173571	0.003421472	0.01236005	0.003573658	0.049701	0.009738857
0.01358014
0.02629754	0.005308706	0.01403301	0.0008504458
0.1387745	0.03254462
0.005510836	0.004476589	0.009557823
0.02096779	0.003242615	0.02795891	0.02538777	0.04677778
0.003910182	0.01846878
0.01609072	0.0007110261
0.001369756
0.04356033	0.00613798	0.0067905	0.02003615	0.01852536
0.01815633	0.008834248	0.01122536	0.00159673	0.006490204
0.001127488	0.008889812
0.01712455	0.02555444	0.0005131558
0.003731388
0.0008372246	0.05672502
0.02041747	0.01101891
0.004022194
0.005599699	0.001108169	0.008775175
0.01240176
0.006205479	0.001532746	0.01732367	0.08789499
0.07323373	0.001702387	0.3330634
0.001953645	0.009520937	0.00256789	0.01608711	0.01707777
0.003634817	0.003289501	0.03232723	0.05356979	0.04928507	0.01068167	0.003438703
0.03617719	0.003453226
0.04071078	0.001352049	0.001715019
0.02556568	0.003177404
0.00224532
0.006189449	0.02935231	0.0001978444
0.001269675	0.01091281	0.0009093918	0.1157789	0.1507771
0.004252905	0.0003366146
0.003896468	0.007868424	0.01866799
0.03193805	0.001072811	0.005423047
0.004177086	0.01343527	0.005594975	0.01070717
0.008023342	0.007304923
0.007192051	0.0008001237
0.008035593	0.004988258
0.003096254	0.02416525	0.01998698	0.1069136	0.03956065
0.03476349
0.009564594
0.004861715	0.003709236	0.008053804
0.002313368
0.03488967	0.02923103	0.01280339	0.06303456	0.002707168
0.04768245	0.02816432
0.03613563	0.004575172
0.002719841	0.02240632
0.01228465	0.002159459	0.02614516	0.02989327
0.001410166
0.002639891	0.007114872	0.0129904	0.0007984718
0.0008856589	0.004400489	0.009784227
0.0128901	0.005524019	0.00388821	0.01036936
0.002177538	0.007395875
0.006524727
0.003544424	0.1607232	0.005520994
0.01837745	0.04656776	0.001346514
0.06844927	0.002096684	0.00491409
0.004686331	0.007057299	0.004197376	0.01136323	0.002291049
0.003058264
0.01094857	0.0006008594	0.01178742
0.001483835	0.02411424	0.01103557	0.02423117	0.00464998
0.001146291	0.0008393527	0.04716986	0.01525968
0.09351918	0.00281921	0.02369815
0.03061693	0.01021391
0.006328311	0.01948689	0.0015392
0.01453195	0.006624712
0.009562128	0.009666589
0.004253523
0.001202031	0.01256983	0.005619941	0.01077234
0.003822273	0.06308488	0.01031394
0.00707306	0.008207149	0.01089835
0.1044161	0.02450172
0.01390525	0.005962642	0.01071695	0.1723575
0.01379841	0.0006948996	0.005539447
0.05653101	0.001408516	0.03957999	0.01548126	0.006047806	0.006435664
0.04846452	0.01215875	0.002762507
0.004123852	0.003750839	0.05333256
0.04219656
0.009054131
0.03775521	0.0003981099
0.05568642	0.04284899	0.001279448
0.06864482	0.00183561	0.07234139
0.01403814	0.002413483	0.03094261
0.002459235	0.354098	0.01064565	0.008198304
0.01306313	0.001635087	0.0154872	0.0887097
0.006936834	0.1526765	0.01209652	0.01914311
0.00591292	0.004010675	0.0342948	0.0216915
0.00647959	0.006618392
0.05013044	0.004270477	0.01889605	0.01209024
0.007354725	0.008491627	0.01470646
0.02318319	0.002249541	0.007205311
0.001624716	0.02483269	0.004544851	0.01957559	0.002557169	0.004176996
0.0008016067
0.01009008	0.008903472	0.06384937
0.008646749	0.00502216	0.03993242	0.006546131	0.008017985
0.008823094	0.01485835
0.00319668
0.03665154	0.02263483	0.00498234
0.008856292	0.007358173	0.005582046	0.006468734
0.03249541	0.002520965
0.001562364	0.001871763	0.02395477
0.003318228	0.002151515	0.00687842
0.05673829	0.0141197	0.01210362
0.01176558	0.007836472	0.03706963	0.01382772
0.04697482	0.002816015
0.007281077
0.004414696	0.002024949	0.01005655
0.03721529	0.03030263
0.005196782	0.001158915	0.009874045	0.01067236	0.02237212
0.03400498	0.001102457	0.1345807	0.1219237
0.06948938	0.01109068	0.08870795	0.02279048
0.02246427	0.0001201756
0.0797567	0.02968074
0.01391837	0.01423419
0.005105417
0.01233928	0.004750633	0.007038021	0.04585729
0.003378509
0.006579612	0.0350686
0.003093274	0.01437425	0.0475662	0.005940902
0.04848202	0.002858264
0.00923189	0.0009473381	0.02858666
0.09505924	0.02462242
0.01522175	0.00158062	0.001611108	0.01079798	0.008879954
0.0004648677	0.005947596	0.003898909
0.004502249	0.001117757	0.001353864	0.04632309
0.005150649
0.0009665615	0.02159946	0.006918093
0.006641664
0.002930404	0.00159175	0.01525963	0.0009412935
0.0004980875	0.00164509	0.002378016	0.00590782	0.001171537	0.007342568
0.01518176	0.006800696	0.05200396
0.006133845	0.00419277
0.004313752	0.01650742
0.004634357	0.002034813	0.01216337
0.1214456	0.002364263	0.007889459	0.1306248	0.07455635	0.003269169
0.005399467	0.02139651
0.00237632
0.003227975
0.006210834	0.001759952	0.0006624718	0.07261913	0.01239614
0.01522055	0.01447168
0.01102357
0.09720538	0.01254488	0.001997292	0.0004406726
0.002497035
0.01292468	0.07007396	0.005175139	0.007945709	0.02632789
0.01570134	0.04056053	0.01223788
0.005269569	0.019291
0.00978218	0.001429201	0.05777229	0.006282651	0.01890263
0.00254429	0.003864472	0.01320207	0.0003479934
0.00504155
0.03132875	0.01002603	0.024299
0.001949792	0.06595332	0.005598048
0.007848955
0.004887021	0.004964084
0.0178571	0.004086232	0.007997822	0.004748587
0.005568311	0.01074471
0.0633724	0.002861973	0.001515899
0.02049758	0.003569352	0.003519458
0.004452276	0.007796559	0.003475485
0.004474937	0.003841981	0.00684742	0.101141
0.003700475
0.003488743
0.01180322	0.0159358	0.02328228
0.001263883	0.0425252
0.01393498	0.003201525
0.04916524	0.01324988
0.01447574	0.005272735	0.00660522
0.0007767216	0.007726276	0.001982268	0.01401902
0.00709642	0.02237194	0.007579131	0.01098607
0.003536289	0.01203667	0.0245046
0.06194358	0.02831095	0.000406093
0.0031242	0.06145991	0.009925692	0.006510129	0.02802681
0.006977268	0.0019154	0.5287633
0.004198811	0.002446718	0.01004969
0.003266504	0.001062644
0.0002467479	0.008656931	0.03086002
0.0247629	0.006477825	0.002224681	0.1585216	0.06174176	0.01244335	0.0326134	0.08414724	0.002637465
0.01961237	0.002749547	0.004218314	0.004952371
0.002963192	0.003051145	0.03946251	0.004952541
0.01367941	0.001742923	0.09235983
0.003831258	0.07373419	0.02665102
0.0006519501	0.01043331
0.01336797	0.0009517456
0.04794252	0.02633933	0.02188739	0.004938636
0.01294757	0.006421804
0.005948925	0.003937798	0.008937493
0.01496028
0.00761457	0.01345713
0.02751814	0.01669436
0.002909551
0.02183652	0.004294078	0.02461803	0.019209
0.003147408
0.009177881
0.01591178	0.006832738	0.003479937
0.01034022	0.008261319	0.0007364715	0.0559868
0.02254888	0.005977674	0.006491955	0.04418563
0.001547775
0.002820527	0.006956808
0.02364194
0.003492772	0.006518476
0.02558607	0.06248262
0.02567468	0.01655546	0.02479833
0.0004781811	0.008743656	0.002685969
0.008838303	0.02007337
0.008094482	0.01372233	0.09592855	0.03276672	0.01974781
0.00248876
0.02832911	0.005236373
0.003762998	0.005403271
0.06566724
0.004966903	0.001554135
0.01268278	0.01941249
0.0004004613	0.002049245
0.006957394	0.007167234	0.007946122
0.002074856	0.02183089	0.0006314023	0.00377202
0.0009229481	0.004780183	0.01295712
0.02088658	0.01712	0.001160554
0.01099312	0.001007299	0.001697788
0.01284737	0.003112356	0.002528862	0.003273673
0.006595238	0.002088112
0.01673068	0.0208528
0.008757563
0.003240001	0.05113509	0.002350858
0.01468214	0.01042057	0.006751822	0.003725537
0.0135378	0.003164429
0.01473147	0.00498422	0.02214884
0.01160054
0.006030749	0.0008426079	0.006774081
0.007733695	0.009551661	0.006457052	0.01839051	0.01061529
0.008312698	0.006107261
0.001885127	0.002944952	0.008676581	0.006959923	0.0004834215
0.003839778	0.04541616	0.005497957	0.001935548
0.002001345	0.0007730085	0.01803683
0.01031884	0.002545013
0.007315633	0.002557957
0.06597236	0.002829813
0.002033676	0.08617492	0.01020812	0.000565775
0.0034857	0.01169804	0.0008620584	0.06600111
0.001862611
0.007011546	0.00180117	0.003612139
0.001431257
0.001040888	0.001037021	0.002644786
0.0009426706	0.000742323	0.01448905	0.01236638	0.007830678
0.0009363664
0.003211923	0.008940418	0.002787378
0.126104	0.007688482	0.02142841	0.01711218
0.009281749	0.04400783
0.0005863967	0.002349144	0.07660379	0.002982078	0.001228545
0.08015063	0.004071753	0.04007868	0.07466352	0.007376348	0.01645646	0.05524844
0.001389283
0.02047148	0.001324857
0.009551936	0.01692147	0.009922226	0.0195356
0.01508225	0.003811516	0.02681449	0.016474	0.03264056
0.03007316	0.01522631	0.01743503	0.004632239	0.04743348
0.008389374	0.0452897	0.002534317
0.006138645	0.02640268	0.04113225
0.03228081	0.01313006	0.07549552	0.002741425
0.01607978	0.002554123	0.01246956
0.0005896649	0.005802654	0.01474244	0.006054712	0.005179482
0.03090912	0.01326001
0.005380216	0.003257532
0.03097152	0.0002167984
0.008159781	0.001745121	0.00113674	0.001046448
0.002182697	0.003226149	0.01732997
0.009400465	0.001648448	0.0015452	0.009159741
0.04924935	0.01775398
0.007331023	0.03555831	0.2050122	0.007891838
0.002671302	0.039495
0.07012446	0.05646201
0.02461346	0.02166545	0.0007109637	0.01673438
0.006177884
0.01453013	0.002206886	0.1078309
0.001872331	0.01422613	0.0009088854
0.00121917	0.00195353
0.01116866	0.02306203	0.0252786
0.003168177	0.02213308
0.05123318	0.007757533	0.01602031	0.02455706
0.01966951	0.002331674	0.002155697	0.0347863
0.004185696	0.0129657
0.001198946	0.00749716	0.007303747	0.004696021	0.003257543
0.005371605	0.003219514	0.008512503
0.01514006	0.00313059
0.03151614	0.00575442	0.006376941	0.005989853
0.01040143	0.009506345
0.0008404941
0.03324546	0.003757171	0.004504043	0.02581936
0.002284557	0.01143515	0.005264347	0.08577233	0.1152989
0.004601513	0.02820813	0.003453042	0.0186797	0.01975238
0.08250023	0.02358112	0.003910942	0.0005078698	0.05414949	0.003133095
0.001057129	0.003039065
0.05113618	0.0589183	0.0136094	0.01506547	0.007987101
0.001762295	0.01232557	0.006487781	0.01038999
0.04113552	0.00951043
0.0009044846	0.01625598	0.001216098	0.008692858
0.0003241494	0.01093729	0.008237675
0.001280235
0.01351241	0.01269668	0.04526849
0.004890913
0.006903685	0.01696399	0.0189766	0.009280954
0.001990148
0.00926741	0.002060487	0.01070253	0.03017387
0.00588428
0.01509709	0.0005541749	0.0003613318
0.03157961	0.005021041	0.006848333
0.0057124
0.008125461	0.004977835	0.00215468	0.001144462	0.003030074	0.01079952
0.0008073926	0.001938254	0.00948897	0.01219467	0.02724293
0.003898857	0.004043978
0.009616063	0.007061599
0.003512811	0.003280531
0.004026194	0.2376872	0.007360393
0.04970138
0.0178712	0.003771923
0.009884842	0.003411861	0.01640305	0.01226794
0.004067562	0.03304741	0.03532586
0.05990459	0.005707134	0.008752803	0.009874773
0.00339777	0.0003702904	0.001858395	0.001714705
0.04526037	0.005800601	0.003383274
0.01016839
0.04517768	0.01164944	0.00683185	0.0007610804
0.1234959	0.001848583	0.008127331
0.00372746	0.01149233
0.00812922	0.0007690515	0.03591517
0.007036178	0.007463847	0.001256557	0.003694744	0.005536669
0.1050359	0.01064089	0.02425823	0.007118497
0.002007991
0.02194597	0.01091615	0.3484345	0.005279869	0.004423858
0.02762536	0.1260804	0.002511141	0.002935535	0.01982759
0.01260303
0.001131024	0.04409167	0.01046508	0.009581247
0.00540354	0.002574997
0.02682031	0.004734213	0.002081792
0.01207844	0.05296354
0.01791146	0.01292621
0.003050815	0.005376059	0.0005714001
0.03267032	0.003234259
0.003724245	0.003206194	0.00660638
0.0006784742
0.02281986	0.00663722	0.002471458
0.01322315	0.01024427
0.006682382	0.006113382	0.0006751512	0.023115
0.01226551	0.005004914	0.002963469	0.005536368	0.01430058
0.00252441	0.001044296	0.007813206	0.002289677	0.005983161	0.002649123	0.004932045
0.0007929943
0.02067135	0.04411483
0.003036467	0.01623281	0.02921398	0.002248957
0.005699971	0.01546058	0.004111224
0.01490041	0.003513564	0.001941612
0.03076389	0.006312614	0.00438508	0.03560892
0.01074304
0.04411835	0.002295529
0.0005601772	0.03691258
0.006494369	0.001476634
0.01100819	0.0192527	0.002455204	0.01759553	0.004617728
0.02099118	0.00359865	0.06284394
0.09196098	0.001286817	0.003616114	0.02788639
0.008332858	0.02722485	0.01424664
0.003238598	0.009297662	0.003232408
0.000760142	0.001191139
0.03132333	0.000804301	0.003675677
0.002571495	0.007557932	0.0004749871	0.01027595
0.0001324443	0.003937681	0.0009667563	0.1086734
0.01538995	0.003758374
0.002565815	0.001572577
0.002314638	0.003483654	0.009831923	0.01029827
0.002785272	0.009099863
0.007324606	0.00769131	0.01045374
0.003953399
0.01103364
0.003645863	0.009394992
0.008767691
0.07466512	0.004164447
0.003872795	0.01109117	0.07759743	0.05685586
0.02571691	0.04060967	0.004820422
0.04921684	0.01149957	0.211502	0.01799676	0.003097559
0.005682536
0.0428495	0.003699408
0.01873131	0.01790942
0.05140323	0.001981144
0.001323404	0.03513216
0.0005171145	0.008389601	0.004009803	0.0007679633
0.008918844	0.007018791	0.006682508	0.001779835
0.0002551928	0.006810844	0.04086125	0.005726862
0.005315922
0.003941107	0.02447875	0.004287498
0.03099667	0.0236634
0.01126084
0.002374448	0.008962144	0.003276771	0.008830856
0.1338557	0.002518391	0.002939512
0.02157693	0.001029959	0.02941404
0.01542722	0.007003456	0.007864734	0.03993419	0.006191559	0.01051437
0.03024255	0.006085391
0.007291691	0.0001979187
0.01446336	0.01328176	0.005994631	0.01320051
0.00206809	0.008364934
0.01585208	0.003402791	0.006874443
0.008847702
0.001007348	0.01051698	0.0322162	0.07327592	0.01029635
0.01502496	0.005808561
0.1203295	0.01354208	0.01206232
0.04835738	0.005367743	0.01513603	0.007098086
0.038121	0.008925756
0.005673675	0.01631584	0.006862992	0.0045326
0.02331005	0.00595009
0.00471107	0.002089963	0.006010174	0.009021563	0.03501363
0.0009969572	0.01998442	0.005073811	0.002925376	0.0666186	0.0007279873
0.06138886	0.002094208	0.0001936596	0.01792014
0.002322104	0.008067423	0.03996615	0.03295975	0.009611167
0.01110633	0.1244358	0.008614974	0.02085421
0.007874238	0.004428435
0.03658942	0.05512089
0.003308969	0.06150894
0.001144344	0.01024816	0.0438624	0.00321121	0.06844729	0.0046128	0.009706606
0.01215377	0.003590912	0.4757664	0.03241618
0.001437479	0.0005979071	0.009897796
0.00884854	0.0008072839
0.00924282	0.003486756	0.3080782	0.007116311	0.03331027	0.0005340711
0.006385399	0.05490931
0.001186986	0.004672998	0.0003775195
0.002869513	0.00525242	0.00169232	0.03964734	0.002277006
0.004439061	0.0139756	0.0116763
0.0003857004	0.002820178
0.005266275
0.003780455	0.005312334
0.0005008832	0.0348869	0.000609806	0.007756786	0.002835322	0.01640225	0.005354061
0.005458128
0.001009763	0.08410562	0.003234476	0.004939031	0.002350782
0.0005178565	0.02154254
0.01589032
0.004965409	0.00794717	0.001870033	0.00403864	0.009204275	0.009575799	0.1504303
0.02241784	0.007959451	0.05447803	0.00828636
0.03949715	0.005962061
0.004084154	0.02661696
0.001975194	0.0005270997	0.01945398	0.006457169
0.031026	0.01895632	0.0009456984
0.001135574	0.02118568	0.005722464	0.008172731	0.007347975
0.1602104	0.0008353693	0.003948434	0.008613454
0.00174462	0.02691332	0.1339733	0.008264306
0.01209723	0.001988849
0.01819941	0.00924403	0.001201956
0.006493068
0.008266217	0.04512853	0.05992516	0.001219594	0.02245072
0.07090858	0.005034609
0.03718556
0.004177465	0.0004958116	0.009036546
0.01168556	0.005011387	0.2485149
0.01261861	0.04474273	0.0371941
0.004526559
0.01020691	0.00326693	0.02090684	0.0101701	0.1516924
0.0193872	0.00281715	0.004378965	0.05028074
0.005459052	0.008391845
0.002115079	0.04537556	0.04657844	0.00157876
0.02057001
0.01745817	0.002060831
0.04810781	0.01168177	0.01847494	0.006260593	0.0204343	0.004383544
0.004855727	0.009909172	0.000459591
0.0004916168
0.046076	0.004529978
0.006836467	0.03335736	0.01450723
0.03894257	0.002964823	0.001053441
0.001295364	0.02073737
0.01829865
0.01291074	0.009132507	0.005305965	0.05736281	0.001710695	0.006789237
0.02993908
0.01464788	0.0008326329	0.01978074
0.01856898	0.0195019	0.00383314	0.01599626	0.007215846
0.000610877	0.01640021	0.003641706	0.009792057
0.002773498	0.009497854	0.001583686	0.00404059
0.001092989
0.007971732	0.02081206
0.006624795	0.1387397	0.04790223	0.008613472
0.01924484	0.0002491785
0.007638774	0.003318868
0.02205859	0.008057143	0.05962519	0.00520775
0.006403942	0.0004766016	0.0154673	0.01217134
0.00808612	0.006062203	0.2002928
0.01605222	0.0009597625	0.05258104	0.03287783	0.04360938
0.01615078
0.1057193	0.003268838	0.001123575
0.004538489	0.006450874	0.02555558	0.003383158
0.005977283	0.002799304	0.01183464	0.01324502
0.006173869
0.03075086	0.006940914	0.002450501
0.003751739
0.018394	0.008987148	0.01955607	0.03157645
0.02118433	0.02735195
0.0100311	0.005776178
0.004833267	0.02075416
0.02168154	0.02310508
0.001848707	0.03014546	0.0007460978	0.005497454
0.001386423
0.0003670862	0.01185088
0.009138629	0.01134893	0.01335197
0.01176886	0.01976301
0.006911382	0.01554582
0.002515525	0.02726799	0.01094736	0.1842508
0.03628509	0.01055181
0.01337037	0.007634628	0.00492694
0.007054655	0.02686433	0.02016137
0.03993161	0.01387813
0.008684603	0.01062249	0.03217874	0.004341176	0.006149973	0.01567066
0.05517818	0.004709395	0.02019592	0.006575475	0.003973941	0.02230434
0.01305928
0.01959658	0.01077374	0.04037953	0.01121917
0.05368902	0.01062357
0.01358402	0.005220662
0.01175274	0.02598958	0.0008934026
0.07906922	0.006130183	0.1002753
0.02199004	0.003866249	0.02343495	0.01734584	0.01352526
0.006892247
0.001627391
0.008118087
0.01059377
0.01192519	0.007024172	0.01716013	0.008429793
0.000989404	0.002976817
0.06073096	0.009297241	0.00237111	0.004635281
0.0004644417	0.0236062	0.0028249	0.02096955
0.1614128	0.001546244	0.05921237	0.004007574
0.05261578	0.003772828	0.006146939	0.01363507
0.07157104	0.0007403114
0.01342311	0.01848471	0.01484321	0.003613088	0.001622865
0.01272271	0.005871848	0.01866295
0.01391032	0.01185935	0.04040684
0.02645604	0.001001039	0.006743868	0.1248896
0.01512525	0.00456195	0.002876533	0.02254125	0.006464044	0.01886699
0.05759043	0.01991923
0.007309424	0.0004828003
0.0561464	0.002793319
0.008906522	0.01208496
0.01086855	0.008396697	0.06218274	0.0008977626
0.466415	0.009490787
0.00699468	0.01115373	0.002584922	0.01067417	0.001673766
0.01054477	0.004563075
0.00265031
0.2081587	0.002070793
0.05023997	0.01102861	0.01838711	0.02227343
0.012074
0.01127049	0.003623031	0.001030591
0.01060941	0.007104858
0.02922317	0.04376385	0.01253341	0.003673807	0.01896934
0.00708274	0.005117817	0.001039771
0.00464091	0.007557041
0.005242003	0.01063325
0.001717155
0.02065169	0.02620191
0.004793911	0.006274144	0.05559392	0.002954934
0.0004044136	0.002492372	0.09139535	0.009709664	0.2631396
0.004009747	0.01360004	0.002439692
0.004806758
0.0166423
0.04662264
0.01371546	0.00983535
0.01652523	0.04354043
0.02549917	0.01625967	0.01836935	0.01355098
0.002011451	0.02071665	0.005399686	0.001959474
0.006082836	0.01513681	0.01218903	0.002754507	0.001101075	0.01946889	0.007961339
0.004547933	0.004156841	0.01133911
0.001696324	0.005830739	0.005570972
0.007156669	0.003917802	0.01002838	0.04732993	0.008489619
0.004616126	0.003464103	0.01009888
0.001543905	0.001354233	0.007363278
0.007481162	0.003320773	0.005250136
0.01067017	0.0005227432
0.008665512	0.008628794	0.0119556	0.05120163	0.0061919
0.07956161	0.0256608	0.002778417	0.002053978
0.2197903	0.03899781
0.003804298
0.009361452	0.009807722	0.001236846	0.01260189
0.001537855	0.02044495
0.1311016	0.02070108
0.01907241
0.00219987	0.04042903	0.007226824	0.0004434607	0.02496354
0.007532195	0.0138995	0.001153347	0.03345348
0.002022568	0.006561988
0.0009482794
0.04309799	0.03060246	0.004869193	0.0008102726
0.009399151	0.001646729	0.01359784
0.005967081
0.001877037	0.009745149	0.0003094442
0.01112297
0.01426532	0.003895409	0.005716259
0.0152957
0.06193554	0.0007495379	0.004966999	0.1213217
0.01701498	0.0005935136	0.001756558	0.00477467	0.004917208	0.01386005	0.2254737
0.01992312	0.01234335	0.04079572	0.01678955	0.005241236
0.01072472	0.009445217	0.03847851	0.009978433
0.004661464	0.004157288
0.008406876	0.008551288	0.009470029
0.003062199	0.0004842216
0.001606309
0.004408385
0.005135933	0.005518906	0.04964957
0.01748035	0.01187996	0.02415608	0.006014066	0.00274636	0.01083452
0.01941413	0.002534464	0.002760609	0.0008923961
0.009674257
0.008092085	0.00329315
0.02269912	0.01390251
0.003223043
0.04284035	0.003047
0.003591033	0.01586615
0.0459661	0.00574117
0.003282358	0.001339789	0.008402526
0.03659667	0.007601508
0.01195439
0.01469758	0.005998403	0.02163662
0.003062085	0.05578335	0.004276378
0.001377865
0.004038013	0.008962381
0.008816661	0.03797857	0.06672822	0.007941299
0.006418454	0.003754106	0.008835103
0.001556213	0.019357	0.02664893	0.007423613
0.006497268	0.005820167
0.02045429	0.01075065	0.0009431424
0.002147105	0.01286593	0.336066	0.01412714	0.01881065
0.009792799
0.05539632	0.004567474	0.04636189
0.0284422	0.004421463
0.0156217	0.05470303	0.01579413
0.002386514	0.008299698	0.002606267	0.02218984	0.005578815
0.002945269	0.01755851	0.007990365	0.004258744
0.00251187
0.1300882	0.009264014	0.03170105	0.002206468	0.06585881
0.0006766501	0.002181706	0.01997662
0.001936837	0.001999569
0.03824252
0.01270767	0.05650111	0.02408156	0.08956714
0.00243719
0.0009571009	0.003464498
0.009354241	0.001379633
0.001267271	0.02218439	0.006155422	0.0802377	0.01201725
0.01174237	0.001271521	0.01715869
0.01465716	0.02771728	0.01342416	0.01698472	0.01443052
0.009290041
0.001415989	0.125875	0.01074817	0.01710426	0.05951265	0.009631173
0.06149071	0.01251094
0.002703089	0.001439474	0.01608301	0.01249144
0.03176686	0.0004391659
0.00593614	0.01027196	0.001995566
0.002399006	0.0104484	0.002695128
0.03142052	0.01258502	0.0266885	0.00218075
0.01141966	0.118413	0.0006492306	0.006303907
0.02385533	0.003859786	0.08074748	0.002368104
0.03480126	0.007692943
0.02542343	0.007407758	0.01007041	0.0004966106	0.01795744	0.01557506
0.01530618	0.01541687
0.07057202	0.01331636	0.004946156
0.01370091	0.00318847
0.00263975	0.006383532	0.01519299
0.008296619	0.01707349	0.008673636
0.001331801	0.08904336	0.001421152	0.01053867	0.001542269	0.01593154
0.0128488
0.04517135	0.00565937	0.001447712
0.05747198	0.001715593	0.02659273
0.01061058	0.0009597128	0.02116845
0.004930781	0.01044803	0.02474244	0.02971177
0.008593644	0.009347723	0.05178842	0.001560172
0.03827413	0.01700705	0.01127308	0.01552586	0.002468876
0.005864118	0.001771947
0.005522129	0.01107376	0.0957397	0.006184415
0.003315839
0.02331168	0.008466443	0.06779562	0.04195136
0.002393347	0.1284639
0.01149156	0.001904444
0.0006424431	0.002643172	0.003448516
0.004242596	0.06490421	0.04189926	0.03130782
0.03011493	0.001034625
0.005271903	0.005681134
0.01331257	0.0004695145
0.009163119	0.02372511
0.04765892	0.005567642	0.004938439
0.02250707	0.01156428	0.00595453
0.00336134	0.001895283
0.006394813	0.006658351
0.1089292	0.006753822	0.02061648	0.001565375	0.0140514
0.002659972
0.003108817	0.006752649
0.01295476	0.03649666	0.001864847
0.002924261	0.02098318
0.004380369	0.02471556	0.01256846
0.0195695	0.004232705
0.01360899	0.0009764736
0.05420372	0.001538779	0.01341541
0.001373077	0.02904135
0.01210069
0.003626924	0.01895684
0.008852138
0.02408728	0.01914014	0.001635771
0.009309367	0.01720475	0.2905807	0.01357261
0.01117876	0.07677588	0.0002918666	0.06456342
0.03839623	0.0003924122
0.2677016	0.03727335	0.00371795	0.007882617	0.01118842
0.02137383	0.006034315
0.004168433	0.09517738
0.06434598	0.008384737	0.002654759	0.00547279
0.007449154	0.005878029	0.051104
0.003334186
0.02008859	0.006676653	0.02817347	0.001752445
0.01024832	0.006063422
0.001073366
0.000833087	0.01114388	0.00258228	0.02771762
0.006172835	0.06442347
0.01297136	0.004128506	0.0006581984
0.003422986	0.02331236	0.008217206
0.001083441
0.01146584
0.01512233	0.006771403	0.02199313
0.01391297	0.01425972
0.003519015	0.01072923
0.03221033	0.001868394
0.00363904
0.006977476	0.01099159
0.0078536	0.009773596
0.001021621	0.005275727	0.02899515
0.02772776	0.00215567	0.1139567	0.02691257	0.03025958	0.001368828
0.008186735	0.002206571	0.007230442
0.011823	0.009330549	0.00344885
0.0009680646	0.001062032	0.01382013	0.0207669	0.004465596
0.002000041	0.0008085554	0.01439436
0.005442361	0.01005899	0.02489974	0.005320071
0.01910805	0.004834074	0.03640208	0.01070159
0.007982332
0.004075663	0.003482387	0.02482167
0.02230962	0.009411242	0.007811199	0.0008631523	0.05814839	0.09499321
0.006922952	0.0005938959	0.008092483	0.01072972
0.03312857	0.008364605	0.001082413
0.008139444
0.004068763	0.01689101	0.01005026	0.01457794	0.01573627	0.02359441
0.014819	0.00192625	0.0040292
0.01815493	0.0009985581	0.01744246	0.02013821
0.01750659	0.02473278	0.007698969	0.004061564	0.02750077	0.04126739
0.0005915711
0.06191212	0.1584225	0.01164285	0.009587111	0.007434731
0.03317992	0.009669617	0.003869457	0.001367568
0.008361306	0.006316039	0.03552384	0.003239961	0.02752482	0.008068399	0.004513627
0.008431163	0.03687868
0.02306862	0.002635549
0.003490926	0.01798051
0.01134683	0.0009614578	0.002564734	0.008017576
0.002175598	0.01122077	0.003208217
0.03811718	0.007133168	0.004803315	0.005095062	0.01526726
0.002959889	0.006469157
0.004285353	0.03802806	0.007824181
0.007167173	0.007728334
0.004077756
0.01476524	0.0237879
0.3349318	0.001191719
0.005719566	0.03047671	0.002000728	0.005108957	0.04875013	0.002328641
0.09618043	0.02580323	0.04272727	0.05321898	0.01402687
0.01075544	0.01466064
0.01421791	0.00910067
0.05918794	0.004125591
0.0218678	0.003067796	0.004743446
0.02543785	0.03889374
0.006190861	0.004087765
0.0224041
0.003841777
0.01380764	0.007100007	0.008408929	0.02872582	0.01644584
0.004988463	0.003860939
0.003263961	0.04346887	0.03303882	0.01393357
0.01106814
0.00576076
0.009413115
0.02771095	0.01388232	0.01595967	0.003608884	0.004991379
0.03199494
0.001733442
0.0103385	0.01342825	0.04287056	0.001641514	0.1087257
0.0007470168
0.08497738	0.008186072	0.03128999	0.03286191
0.0916959	0.01845378	0.01048932
0.008131322	0.001259416
0.00118463	0.02816668
0.00796095	0.02441547
0.01712556	0.03816251	0.003776966	0.003405259	0.004105852
0.01293724	0.004433356	0.06540659
0.002555121	0.001720287
0.03697864	0.01222345	0.0106916	0.1797022	0.03035534
0.003546402	0.005923169
0.04519445	0.01307854
0.00793034	0.005682408	0.005073493
0.00150938	0.005631777
0.04482309	0.01024649
0.001196158	0.009261302	0.03250974
0.01759067
0.004186464	0.01224619	0.03649367	0.01026253
0.005092136
0.004599709	0.01302819
0.02146771	0.01217551	0.01867629	0.01770057	0.08689629	0.01262487
0.08478026	0.01016363
0.009024647	0.02175699
0.009902553	0.01028792	0.000768706
0.00275855	0.001056285
0.007365364	0.004112028	0.001985902	0.06888218
0.005830909	0.00131182	0.008093038	0.005878808
0.001619008
0.0001370699	0.01086208
0.007165183	0.001839882	0.01739835
0.0259991	0.005384043	0.002194204
0.005586288	0.002599868	0.01631785
0.04574232	0.006801044	0.001908576	0.002279799	0.004987711
0.01882014	0.001792228
0.008987567	0.03331121	0.009624925	0.002952994	0.04987971
0.04278052	0.008341202
0.0001612401	0.04566504
0.009815731	0.002264143	0.01021464
0.003745654
0.01406385	0.0003555462	0.009501938
0.0001960431	0.01718031
0.009465543	0.05722288	0.005917552
0.07087785	0.02412261	0.001377513	0.02413178
0.0212346	0.0007612026	0.002154597
0.007405523	0.08812725	0.0007589537
0.002075857	0.02480223
0.005269982	0.005660241	0.001372404
0.01233308	0.004432467	0.02849741	0.0185756	0.02350539	0.007262853
0.04737736	0.005810383	0.002495407
0.006282201	0.01763408	0.0003278102	0.0152346	0.01386333
0.01383142	0.004527682	0.002012088	0.01711877
0.0310244	0.006300383	0.01982212
0.01842547	0.005550968	0.01032401	0.01736375
0.07181657	0.02102571	0.001720328	0.1032157
0.004573539	0.004888774
0.005500587	0.002353143	0.08040337	0.02958451
0.01540124
0.04900565
0.01320566	0.00151206
0.00829298	0.0306185	0.01009623
0.0342723
0.01121393	0.001490169	0.01317321
0.01234877	0.0008742328
0.01144144	0.006709402
0.002769999	0.01346198
0.02222085	0.03043599	0.008588739
0.002674964	0.001755179
0.001217643	0.006275079
0.04025048	0.01530814
0.002931297	0.002049183
0.001622759	0.008928422
0.003453659	0.01095322	0.003286819
0.001004034	0.001061364	0.006585793	0.02486972	0.008383948
0.06218578	0.01900622
0.009320091
0.003154385	0.01107344	0.03835781
0.001032092	0.02135302
0.1924027	0.006774611	0.01020503	0.002023199
0.01845053	0.01005501
0.1037027	0.003322932	0.04103624	0.02971052
0.03498644	0.08257112
0.03013994	0.002610991	0.006891115
0.01665346	0.002913131	0.001596338	0.008650971	0.002126542
0.003920567	0.1058237	0.004163841
0.02988872	0.003758908	0.006834607	0.01021891
0.02071869	0.007306154	0.00198123
0.00229557	0.004044948	0.1192303
0.003640336	0.06780168
0.3581673	0.0161799	0.005406624	0.008108675
0.04023508	0.006753874	0.008865021
0.02067494
0.002142561	0.003983443
0.1767403	0.03858772
0.001590769	0.000387193
0.2170645	0.001420129	0.009403207	0.007635101
0.03768241	0.001394054
0.01701152	0.001324112	0.005218267	0.00237473
0.009382434	0.001311651	0.005148945
0.004149537	0.004971862
0.02198617	0.003615731
0.0307132	0.002407222
0.006680734	0.003064508	0.008471083
0.01838515	0.02035345	0.006250032	0.01123637
0.003683921	0.006902158	0.04414086	0.02409936	0.005801739
0.003776854	0.01307977	0.009230772
0.007727743	0.003556523	0.05127139
0.001193077
0.003689161	0.02078758	0.03509341	0.001130025
0.001987267	0.01843625
0.01068873
0.1396028	0.00213779	0.002973777
0.02077629	0.003046543
0.2384242	0.009113654	0.007917792
0.03378451
0.01978912	0.009370367	0.008703824
0.008282359
0.007423619	0.004601839	0.0210475	0.01410817
0.02264551	0.01063934
0.006596098
0.02337322
0.05387472	0.001885217	0.02172608	0.02654464	0.001889502	0.005846846
0.01096081	0.01517366	0.01892935	0.1113809	0.02113487	0.002290217
