ExtinctionRateChangeTimes
10.26708	22.99972
4.859631
22.69511	21.3875
16.68412	7.90863	2.552982
18.96871	5.003296
20.79098	18.25925	15.9677

13.60254
9.379483	16.28283
17.82542	4.150187	3.824022	15.45894
23.14679	1.867836
9.510946	7.671568
10.57381	8.975246

22.09681
9.724467	16.88105	21.29447	23.73337	13.61803

19.35682

12.76957
18.74582	1.034435
6.933008	14.46134	7.708779	24.3116
6.243483	18.53908
17.7089
10.63915	4.633538

7.600886	17.68295
4.058785	1.51755	4.823551
17.3074
6.732141
21.9741	20.40575	19.43433
14.50531
17.03361
10.82538	11.22583	16.34045	9.904366	11.67185	7.270137	17.20672	12.95359
8.14822	7.272863	22.61195


13.97542	22.90242	9.046544	16.27885	24.49456
24.59168	8.380251	21.22711	16.32718	1.462146
10.3392	6.654505	2.819493

13.03787
24.4732	10.512
12.29146
2.522125
0.426624	3.801391	9.273389
20.40046	3.220851
18.93494	5.060151	14.61251	11.76774
3.29756
18.43247	17.27939	12.53265
14.373	0.5710481	21.86443
10.67888	5.10426
10.01332	12.92934	18.59884	4.830522	3.634897
14.00336	19.72497	0.7116937

4.178575
21.70957	13.70412	4.285162	9.150116
21.5389	20.34767
8.908121	21.68123	22.94734	12.86209
5.373476	19.24624	24.95558	12.28205
18.77679
6.730179	10.31275	7.56214
22.86944


8.867261
0.8441394	8.188834	2.769542	7.143515
1.453434	22.75507	4.654216	3.630061	3.912362
13.2566


2.631107	22.0426
21.02663
21.18293	4.524924
20.17248
4.562131	4.429255
2.179088	23.08028	10.67233
16.296	17.37018
24.09822	20.95374


2.352532	19.16092
2.939738	7.041654	3.806412	7.230533	17.88947
19.89691	1.118997
10.02264	9.566587	1.193256
13.67735	9.319292
5.603095

15.08405	17.89043
19.57581	5.41827	7.394753	12.6449	1.38221	15.88013	24.05048
22.64288	4.792391	4.808604
19.44086	22.3633	12.32985	18.80097

10.49862
3.854307	24.4759
10.31357	3.528012	13.58099	19.81562
7.746701	4.60985
6.250194
15.55818	19.47969	17.12838
12.15286

15.81907
22.79373	12.64882
4.723865
6.380268	13.93255	7.177718	7.394056
9.34989	22.06669
11.5327	11.76528	5.172127	13.74271
17.14961	17.10486	3.937558
18.34606
6.002774	2.290677
7.610634
0.3259073	14.44519

17.63548
1.574916	7.705068	20.75285
16.31914	11.39946	5.654825
5.266146	13.11091	23.03075
24.99177
18.85526
21.08401	4.093458	4.650676
19.62652	23.16795
19.59497	0.5554032	16.85367	12.31163
21.52835	23.69952
10.17016	18.1824	20.55088

5.651163
22.03887	21.1244	23.39662	10.92334
23.34077
2.673122
12.01152	19.17888	10.87992	23.5108	21.70869
19.2801
16.48962
20.67358
20.31843
0.7350191
5.525646	0.02278336	2.054486	6.445399
6.084099

19.60373	1.122088
24.91178
15.18976
3.237469	13.79416	15.43599	16.62999

13.18724	9.215232	15.43798
17.81286	15.70191	6.758077
12.02258	12.79086	0.07485682
7.250371	0.8763089	18.17397	8.422794
18.41842
6.349538
12.99985	7.918576	4.163606
21.84172	19.80151	1.799538
23.74602	4.165366	23.26041	20.92312
2.693931	12.15853
9.378636
19.58634	24.96252
14.82349	14.36694
8.273705	24.87252
1.896718	21.9085	16.27291	23.46098	15.94678	20.9295
4.223392	13.28191
17.56416
11.72863	20.17655	23.20069
10.35917	10.78151
21.05012	24.72617
9.810972	11.71423	13.62462
5.817342	3.719972	18.73514
13.30676
23.63141	0.02602742
22.46166
22.40857	5.814186	5.969118

11.04371
3.901254
7.795308	10.40532	11.50952	3.339378
21.1569	10.38163
9.628191	20.97666
14.15185
10.54627	3.668442
12.6681	6.485389	7.662146	8.644058
20.90789
17.48475	13.70829
13.02059
11.16726	10.41114	4.253936	20.96904	15.47487
19.92074	19.24107	9.415733
8.729365	10.87516
24.92332
18.13026	17.35356
12.58448	14.13555	16.51128	10.26859	11.6569
24.78137
12.22217	8.177732

12.73391
18.59169
8.818521	12.66474	21.70597
2.71633
19.03731	4.270147
13.89687	13.79164	16.33517
16.43051	6.867483	19.56283
1.28692
20.03165	7.356492
22.5036	13.55613	2.473107	2.231187
2.79455	2.607254	7.05615
9.408563	0.4429877
7.974433	18.53483

5.510073
23.1638
17.98152
13.19264

21.10385	17.00128	14.65169
14.65507	8.809766	2.982603

5.971046
6.738815	1.526405	4.947426	4.326123
2.411513	12.05456
8.380714	17.04361
6.008499	19.80693	1.598939	7.809935	12.46733
13.72498	6.135387
17.12242	3.490984	13.36173	23.34171
19.64812	0.03266054	7.201112
20.18832	23.57682	23.74454
19.3209
24.35705	23.57785	1.176458
12.4509	2.059909
19.80122
14.37336	2.189863	10.86057
6.983591	17.85752	7.612406	4.839045	0.6248978
18.32138	19.8639	0.8045617	6.761429	12.50939
15.22492	18.92066	23.6588
6.402692
6.763872
10.35918	19.59629	0.2769022	17.66504
14.38731	4.436842
23.09345
14.44325
19.82061
1.145597	1.765613	1.59137
12.69053	22.87631
8.824864	2.829236

5.605527	17.67711	23.75515
1.392869	18.89353	5.744006	9.495495	16.71254
22.67288
5.598577
0.4796273
16.96903	22.35721	3.700783
22.37955
5.269221
8.881897	8.116016
9.886095	13.89835
23.63249	4.411143	11.6387
6.753098	5.109113
4.452926	7.02199
19.7476	7.203913	15.22473	24.24191	18.7518
6.68717	16.59839	12.0222

23.29108	10.36532	12.99694	16.05146	1.817729


22.55083	23.44515
16.72862	4.387216	19.78842
22.0946	12.37654
22.90479	15.94991
20.67959	13.04688
24.97858	24.32528
16.91263	12.26562	13.32126	8.23184
12.36531	24.17157
20.76788	5.169847	8.825855	4.974511
6.550117
14.45379	11.88138	4.247264
6.281654
14.21478	23.27739	24.67578
15.84746	0.2288769
17.24823	10.51622	14.7377	13.39176
11.06607	18.81355


19.36731	7.627718
19.93655	11.10634

23.95923	5.926046	2.531474
15.81985	18.68541
14.79547	15.34077
1.583308
4.153219
15.14291
19.79553
2.200182	3.477313	13.93871	14.61271
22.375	0.0256107	12.46793

9.003894
5.144524	5.131954
17.31264
6.225322
20.62639	3.648089
10.56065	0.7131512
13.2215	4.315352	8.804915
12.00544
4.528614	12.56896
0.2549983	5.241908	23.09903

9.66063	18.71224

2.742757
8.554973	24.42632
16.87787	8.576202	21.44586

16.6144
18.6711
16.18379	10.21349	16.07416
15.76066	3.034319

14.9522
19.48074
16.96206	5.358807	2.221911	20.51175	1.31295
0.9915007
23.95354	11.26549
6.998953	2.173588
4.758937	21.33807
2.521812	21.43981	19.85076
18.83799	12.0872	3.607276
1.185228	23.58228
2.608404	10.73857
18.78267
17.61089	15.08237	9.847864

19.03208	5.125683	5.767623	14.15786
0.4471814	9.538648

10.05529	13.99365	5.634171
13.62386	21.66849	22.4246	8.739085
4.324373	11.86864	9.391945
19.65127	24.53904	11.6271
18.65908	2.901354	5.795188	7.68699
2.398493
12.02388	18.36794
13.37863
16.57744	6.157863	2.704666
17.6604	18.00629
9.761693	1.337404
8.199489
13.6164	7.680965
16.64178	21.6848	8.911907	5.391255
3.155335	3.524984	12.98543
11.69813
22.65429	3.524354

4.031913
8.761342	6.702652
4.073727	9.91998
23.41725
8.490339	5.312531
12.64739
23.11513	17.22132	21.49312	1.746585	9.964663
3.155183	15.10367

0.9614631	4.733036
15.05081
11.02797	23.27636	14.25558
6.56964	21.50195
13.74854	11.33793	10.86594
3.828013
23.43796	11.17076	18.33759	21.86379
0.1481233	24.30999	20.95972


8.905192	22.9533
5.82432
14.71075	22.58307
20.97272	2.349029	3.616216
8.287697
13.37014	5.916329
22.11354	17.18206
10.79724	21.82102	10.6942	8.086336
16.55872	2.932064	18.83831
14.40928	11.29492	8.378449
19.2309	15.53937	3.075555	9.234197
16.86121	5.660337	2.258764
5.309687	13.53258	1.990706	12.29741
24.1519	9.103842
0.559325
12.17993	3.291301	23.19446
8.951743	12.49574

17.70971	1.406382	0.2348754	21.68008
22.73508	24.67776
23.36019
19.63273
6.090904	16.78106	10.33586	8.567456	14.29655
11.53086
9.778592	2.594647
23.70481	13.02164	6.145658
6.654541
20.42806	15.20622	11.65186
5.160869	5.473498	19.29211
24.89791	18.4219
16.24509	2.965796
17.95531
20.773	4.428588
10.83901
13.67635	19.99656	22.73898
2.302803	21.46486
3.278382	6.368566	0.5383091
8.837404	24.70086	3.138385	5.131473
23.90568
7.818721	0.4562069	4.705567	8.386404	18.73511
15.4768	1.183857	2.651092
10.71937	0.5505802	10.75325	12.13327
5.960787
7.724933	24.22346	20.72694
12.38193	0.04940008	1.6887	4.331762
2.354624	7.233402
17.74417	17.65691	18.27364
24.17661	11.2574
7.853099	21.4169	24.53465	7.926183
21.47227	15.83673	5.130379	10.90334
7.990444
0.1380814
20.63957	22.18033	3.183786

19.18488	14.43243
21.11583	5.318838	18.76968

22.48343	11.48331	13.65726
24.52909
16.37731	11.59577	23.03561
20.09993	18.80447

13.58421	4.62081	13.94278
11.66749
0.7120753	13.5246
9.791118	24.59195	9.944766


23.92415
7.890605	16.66092
16.27202	7.717451	5.403899	17.53342
1.433137

7.354211

8.234217	2.2828
17.072	13.39849	20.16912	9.760152
3.406119	13.69625	20.3637	12.20753	4.404111
12.12381	1.875778	9.679022	6.226334
4.190162	11.03444

17.84948

7.950376	6.868822	18.82345
22.79706	24.28697
9.490634	18.30231
19.1978	8.822067
4.049283
14.58789	12.73604	15.81445
0.5332099	10.75611

11.9236	23.19786

11.52567
19.38073	2.57994
24.29465	6.315744
1.770822
16.95852	13.1722	23.72339
8.509553	17.78015	2.66122
4.224105	14.65498
17.42618	6.669031	17.53629
19.95253	15.05908	19.43493	8.536504
13.17874
11.1742	8.252925	0.2829047	18.1661
5.345408	24.29848	1.735225	8.748056	6.844021	16.99624	13.31956
10.33099	6.382608	22.99614	1.359817	13.59068	23.63154
11.53038

20.41846
19.89106	23.80597

23.18129	1.283374
19.31226	21.34605	2.113007
20.70546	15.54319
10.9276	21.84009
0.3271305
3.41598	19.85961
24.32093	13.18901
9.757396	9.252071	23.59246	21.55488
3.44733
18.43725	6.167609
7.608823	15.11495	2.680533

23.78413
1.746812	5.349016
9.479889	14.85784	18.21987
5.445416
11.62069	5.001587

24.86725	16.36514	8.438937

8.4395	16.21218
17.89589	16.96423	10.44424
5.700924

3.012886
18.25606	18.97288	0.5750678
4.079765
10.7544	9.225393
16.44414	2.242616	0.1691108
5.758636
14.52159
5.429546	22.11954	13.76789


21.01172	17.23157	7.846161	7.504178
6.628398	21.38299	16.21246
18.14962
7.247146	17.42723	3.401366
3.204988	14.06148
24.60016	22.11168	0.8468839	0.7598424
18.08983	8.101515	23.99299
6.583309	6.640577	11.68533
5.69026
24.94647	16.41631	13.12638


1.087981
11.30158
10.89008
17.27867
23.07944	2.114831
21.50587	10.83221	4.364317
24.41997	12.84363
15.19133	16.44256	12.14273	12.19602
1.715332	11.51838	22.9777	13.92431
15.91932
23.79844	7.526818
16.44834
17.66597
4.345853	6.319604
18.95506	9.526964	0.581454	7.719343	4.522046	9.14795
4.896093	14.80852	16.22201	1.733867
15.30021	8.946245	0.833638
18.93976	9.579843

10.89604	5.760754	18.15006
24.75285	23.99224	4.000457
7.178518	4.757617
19.04889

12.11571	19.28366	23.70029
23.1065	22.00394
1.530152	22.20424
4.102973	12.88923
6.76051
23.64467

5.292514	19.40436
22.13183	10.9634	4.095412
3.825893
20.48436

3.390107	5.810142
10.4122
19.05093	19.62968	23.93936	18.8632	4.975314
9.115807
9.865352	3.189763
8.141855	16.78591	20.29323
24.69335	14.42792
2.781219	10.80662	8.368242
14.05952
11.32757	7.616472	16.15035	19.67015
13.2312
12.80785	16.05032
2.336797	5.801971	15.62974
2.921912
17.85684	10.63577	12.76867
23.69806	9.009938	16.8459	5.876829
20.46651	18.18427

1.549673	15.94869
17.01982	1.874548
1.865204	20.96111	1.594673	15.51415	17.44729	22.88955	22.95843
12.73532
7.766653	24.49491
18.92751	8.28395	17.15323	9.900556
24.00308	1.83018
15.15442	17.12237
18.97317	14.31883	4.851425
20.10752	24.71763
19.66916	1.076502	19.23144
3.058982
15.25741
23.77955	22.60289	6.49188
20.86959

17.09352	3.497216	18.58585	16.40964
17.08255	0.8307288	7.021962
2.11923
8.787858	24.26403	22.11461

18.54435
22.07939

23.55991	0.05162237	6.855016
22.93766	5.086875	1.439237
18.1108	2.087649	8.306263
0.2056528	7.30593	16.36422	21.32514
14.73787	14.32452	22.40053
8.226101	2.476418	14.10663	11.55287	21.91297

22.19084	22.79497	13.55364
3.039646
10.28358	1.42413
10.39594	15.85233	23.6225	4.07746
15.47692
11.79963

6.671934	15.21677	19.97628	11.68894
18.52238	21.83735	2.453875	5.748292
0.3443037
13.14564	21.10698

15.65518
0.1385036

7.031392	23.37211

12.03028	12.35222	12.25873
14.56126	6.487655
20.06735	14.73743	17.70053	5.365306
18.79848	14.45934	8.488076	24.59292	0.02800348	1.046738
2.126694
11.3798	6.455272
0.7383429

12.37168	16.89324
9.759731	13.70943	2.926276	13.43986
3.898507
19.82419	10.01385
19.48485	11.04133
0.604438	14.87938	14.31505
14.11654
7.79048
9.47691
15.31464	18.49393	0.6264224	19.1863


14.85789	7.191737

5.73133	5.125723	22.36091	4.581789
1.210634
0.3032759
4.644994
19.19341	6.07551	3.539141

7.589606	11.76149	17.32763
24.86622	17.11842
6.068871	7.654937	1.26053
5.781519

8.172631	13.66251
10.48642	20.77964
14.02099	3.380446
24.1285	7.66321	18.00469	1.067194

6.842532	15.7619
13.94984	3.29666	23.47432	5.450881
9.017714	2.878831	5.272819
17.7543	1.661657
5.191297
6.153069	24.37734
0.8212085
6.143544

18.51167	10.43123	2.955654
11.58778	13.1038
17.90647	14.95728
11.5948
16.36333	4.502209	2.680619
23.31949	2.905552
13.81774	16.36559	17.04452	6.569752	8.42707
19.63014	18.70282
18.99655	13.00659


2.60075
22.11475	23.00934
12.50052	11.8147
16.03809	11.28019
4.037189	19.37631	0.8464098
9.98573	1.262506	7.333967
10.244	17.40141	1.257758
10.82969	0.7913532	13.85958
19.53544
13.56926	7.319482	1.49511
17.0092	24.43309
21.3829	22.87097
17.36065	18.67458	12.88278	17.69049	5.161786

18.39895	6.091427
20.10429	15.65848	10.77393	19.71887
9.431343

13.47039	1.931037
23.91474	16.47291	10.90494
16.44441
12.62178	6.81678
1.665301	14.04033
11.46846	6.406981
19.73574	16.00726	4.078545
21.46413

20.87086	2.490136
24.55878
3.20379	21.89838	2.017472	24.59899
19.79638	12.062	4.938661
20.13712	11.17352	9.925144
4.837006
16.50893
11.95571

2.381354	2.346891	22.85814

9.792626
18.10127	7.782134	24.04811
5.371396
0.0470651	9.8365
13.90054
18.94145	22.7854	17.33474	8.303586
15.00299	3.913252
9.129552	4.691721	23.49621

12.60625	15.04301

12.85189	3.673913	7.39444
2.259522	6.041009	7.391751	17.83719	24.93913
12.24099	24.0889
18.98209
23.49781
16.7726	16.24068
6.342907	19.56854	3.506889	10.13593	20.09688
2.029842


8.120473	18.54709	13.42126	12.0914
3.390708

18.24201	11.12878	6.236085

8.427246	4.05348	8.689407	0.9575705
16.54267	19.63222
23.69254
20.88003	11.75541	17.77414	13.43703
22.62931	14.1133	7.265044

21.4404	20.49501
3.902086	9.16828

12.20354
21.58587	14.37601	21.84363
19.63896
13.40716	1.425621
11.53079	20.1923
1.093874	16.94548
6.443455	17.74717	14.02621


14.52851	2.910618
23.27765
21.8717
0.7716208
22.68401	20.56817
10.74697	1.841526	20.74125
13.77659	22.81491	23.89916
20.81889	6.608769
6.449713	20.29274
8.761939	2.984648	2.672894	11.8156
16.67343	14.33778
1.936566	1.809104
19.35415
11.5698	9.395933
18.91166	15.98398	5.755917	23.05397	10.23656	11.50773	18.74634	23.43542
21.91569	21.23538	22.5698
14.0977	24.62018	8.428492
12.65783	0.04504663
24.97121	23.51159
21.34184
3.13554
21.24581	20.70664	8.760384
16.61092
14.13121	0.430108

8.140148
16.27738

16.29894	3.846192	7.422485


22.7103	12.73905
12.49599	1.912814	1.244357
9.57212	14.98917	2.756327

21.00421

12.34308
25.00518
9.487045	8.886115
19.56995	8.703645
24.10012
9.566254	1.892253	20.73057	13.58321

20.92383
19.00113

19.76527
8.585735
6.395104
0.7634923	3.206132
2.322644	10.52947	1.784686
21.82717	0.1907849
6.533542	16.30602
19.78905	2.855035
0.1390408	1.305883	0.08537483
15.64824
12.66443

7.82854	17.19416
12.01257	12.03388	25.00681
11.00263
0.269449	20.08826

24.43522	19.06399
23.22007	10.58241	16.11827	5.453511
22.16377
3.811307	24.72547	18.91051	24.48486
11.85831	19.59798	11.99607
6.13308	1.885365
6.397832
19.76121
11.13924
1.389272	18.93267	14.77903
9.667012	8.642845	1.96953

14.77412	18.59718

20.5145	13.45925
6.880617	13.08668	11.85866	4.963501

8.27943	22.39829
18.89934	17.96827	0.56012
15.69315
8.220296	8.480125	14.75269	9.788714
21.8124	15.66944	8.405514	2.721744	17.26789	4.356294

10.34113
20.89696	4.850905	5.006246
15.32423	2.855313	23.71141	13.45027
14.91412	23.9114	19.58247	1.809866
19.1902	23.5382
18.70118	2.272123
21.58127	1.16829	8.332455
9.112026	16.89137
1.950839	21.54995	1.007777	21.18156
7.884142
24.2013
12.33853
7.506431	20.45721	24.07428
20.63042	5.048735
1.045209	5.430741	12.9712
8.765933
1.074377	9.082511	20.21179
0.8196215
19.34345
7.620418	12.29452	12.69143

15.46582	3.695493
22.56322	17.46627
11.77711
1.178263	11.46107
13.79863
16.02713	12.32127	0.657012
21.29861	18.44291	6.431099
18.76796
6.683372	20.61846	13.95662	11.28121
24.95717	11.50687
0.3185753
8.053757	21.49451	5.945732
18.36564

14.01783	16.55219	0.5199209
17.77837	20.27029	16.07733	14.70721
6.702826	18.3749	11.37821	17.25632
5.890747	14.9812	16.44656	0.2311488	18.23515
7.7015
1.822773	0.4662551	10.55817	6.425532
23.1005	24.27765	6.413551
9.1893
2.575145	4.934184	0.6248746
22.87352	17.59164

12.48524	1.904078

6.267112	21.86882	15.96951

18.18097	6.57544	5.445948

13.10539	3.392726
12.46155	7.348484

16.27202	9.778715	12.83863	11.53296	15.06639
10.13978	22.99095	19.79279	8.216112
9.498397
18.11769
20.03164
24.70892	15.8634

19.51355
17.38306	1.9924	9.162573
4.892504	22.09485
2.66501	5.737814	16.46765
13.11872	0.6858091	7.015936
7.659711	7.32996

15.2457	4.814283	2.148683
16.58322	10.96736
14.91996
24.1745	7.087463
21.8077	24.60759	3.473523	0.657175
6.559536	3.179437	9.149022

13.67545	2.881388	8.461622	2.847933
5.974778	23.22506	11.64664	0.2715811

9.695789	10.97034	7.339102
22.75054
5.981545	22.05935
22.05028
12.25974
14.18403	19.50994
14.70458
14.53662	2.209094

17.77328	16.70669
14.83086
14.49735	16.96489	10.19833
24.59362	11.35165	18.97205	22.72652
4.381431	7.230035	12.41817	8.975384	3.54989	18.02725

9.336922
8.616362	10.45541	12.92243
17.61038	2.323698
15.24789	22.31615
2.713248	23.8866	0.9594083

18.23547
23.79344
19.45719
16.68341	24.13536	6.186277	7.693768
13.38391	8.030336
2.542324	17.34962	0.5363949
2.718893	1.945893
23.31578	0.8971787
7.326306
4.88328	15.03799
16.61889	9.54747	14.27903
22.50377	18.99449	2.504631
8.105962
6.99354
14.58524	5.546853	2.094218
16.24171
20.26573	3.029446


1.497457

16.83735
18.90194	6.250088	18.86907
1.978319	18.04133
17.5193	13.3566	22.81331	13.01809

9.202778
9.463322
3.355953
24.88381
24.53633	14.13738	4.981341
0.1653125	19.95139	24.11993
19.73789	23.24996	20.73011

24.77559	4.98148
1.641042

12.83789	18.91336	16.09924
9.49387	10.04037
1.825015	18.85598
7.964514	5.537902	2.837308	17.26249	6.570356
0.2781657
7.714764
15.5194	21.72911	17.48259
21.37274
20.05909	10.72315

2.655611	16.27418	3.025468	4.044955
17.99771
6.796179	16.28406
22.99826	10.31112	16.72978
23.22258
7.4998	19.88479	15.89122
9.145711
3.26027	4.78918	21.38148	9.640648
5.635384	10.09547	14.04961	8.948007	4.59569
1.252698	9.559445	1.030702
24.56063	17.73824	16.9132	7.132634
15.1794	19.27682	4.497409
20.67238
25.0204
24.88215
7.237747	12.53775	18.07453	9.280477	19.80799	15.07154
9.288563	9.108465	12.13629
21.27903	10.88322
10.09932
13.8272	10.16489	23.62154	24.33414	3.92093
9.775538
4.082037	10.00338
4.613972	6.696283	17.42827	10.70888
24.36558	10.48895
12.70021

19.14374
13.7484	17.43005	15.08401	0.4642602	8.769573	15.61197

22.49574	6.198198	2.68133	5.396933
19.74581

21.72938	9.130098	17.45437	6.290457	12.88791	8.895132
8.801216	10.2704	11.108
4.962864
10.649
20.05461	8.594284	4.595728
18.76966	23.71884
11.38373	18.76257	4.615287	3.124828
7.012872	9.486462	21.38519
6.7911	5.339668	21.76164
11.23424
19.95231	8.684941

6.028696	0.7401361	7.969941	5.851461
20.41805

0.3781105	1.821286
12.47289	10.01094
14.56362	2.559556

21.75768	20.1027	2.229641	17.98589
8.430705	23.51313	8.244129
14.4183
21.23188	9.083367	18.2587

22.93748
17.90444	6.980827	16.35146	0.1790195	19.49467
4.190419	1.007042

7.570985
0.446156	12.18152
16.98374	18.35501
24.23225

11.76259	0.2332414	9.013072	7.48218	14.8433

4.295682	8.043267
4.615852	23.73306	13.61973	11.93633
0.772261	4.341095	6.288151
15.38905	11.83442	2.26948

14.86939
6.383454	18.93011	17.02078
1.539972
1.956429
24.36865	7.248776	20.77896
12.62548	9.053326	0.8236452
14.44307	7.970378
2.233738	1.017573	13.37712	13.83254

15.06062	14.40724
18.31271	2.32587	19.00907
7.946376	9.052685	22.66777

19.01474	1.643414

6.615533	3.269069	20.36964
21.02989
21.56108
13.73997
6.294812
20.95386	22.16067	12.05247

11.73786
2.307453	14.37989
3.46096
15.39096
8.368496	3.240883	2.192138
13.41855
0.9384378	16.00765
9.475024	17.8729
15.80041
0.4631964	23.84144	1.907707	15.72936	16.36425
0.5995281	23.44484	18.70393	11.94727	7.024488

15.92173	18.71152	15.89056
14.03415
23.15541
13.05141	6.827743
7.298833	6.784545
23.20142	11.01589	22.89249	23.78012




14.20069	3.839847	17.36507
15.95159
17.04791	12.49997	12.19637
15.83991	11.47335	1.150239
17.95177	6.117106	13.70327
24.0286	12.84527	0.559363
0.5182276
12.21888	3.011942	20.14233	0.7224389
19.88799	4.979413
18.91272	0.6917871
24.37192	19.14007	15.03947
10.06675	14.02183	20.80367	10.27048	18.83202
12.90556
1.632544
11.70166
20.92189
18.99846	1.132803	19.18681
18.8174
18.09143	18.45213	24.13988	18.35103
6.336835

1.771053
8.608433	15.31661	2.350659

18.4032	19.44118
20.50845
6.023172	0.8008636	9.536759	11.57039
1.990134	17.0811
21.60465
20.2393

11.71923
12.1329	7.376599	20.30558
15.12662	4.323694	0.6085659	14.88619
1.484806	11.81246



18.82198
17.978
10.19445	22.3295	1.056483
11.88219	15.81685	11.64263
20.62063	19.08862	12.72059	10.29862	12.7445	4.650298
2.051079	9.299451
3.093551	16.05721
12.19382	2.946405	5.231578	6.596274
2.598302	2.848687
2.738377	7.827258
3.517179	14.40431
3.736231
18.7259	0.5189782	9.318705	24.03492
8.719197	12.2231	12.32641
0.6538037

9.747843	12.31504	24.50943
5.769748
14.83279

24.23298	25.01394	8.68271	2.223099
14.21436	9.595862	11.18374
4.569161

11.47968	6.811004	21.49498
22.26118	17.92404

12.86116	22.83937

13.94226	24.30631

19.12575	4.372437	16.3864
3.13369	21.70464	19.0133	8.09009	15.23759	7.158688
11.76872	22.43605	20.86831	13.58528
1.0642	3.536245	16.1725
23.75839
14.29792	16.12498
17.36233


17.77445	15.25164
17.4279	22.13717	8.274486	14.1244	4.886117
14.87884	8.068855	0.08120628

10.1257
4.050264

23.20146
23.25714
10.81867
16.69241	2.592046
8.91289

1.978238	10.44051
3.058056	4.258604

24.2151
13.45473	2.348522	21.22975
9.272473	19.37776
0.3711892	1.066756	22.48184
9.003541
23.17449	20.76333
13.48938	13.18971	16.23933	6.837369

21.14722	6.787198
1.020343
7.879476	21.42357
20.88689	4.857115	15.70642	3.705821
2.279657	8.666922	5.58202

21.57917	7.856437	18.71542	15.13329
13.08074	10.96978
2.249116

6.021269	6.461046	24.04054

8.194393
18.48746
24.62053	19.31483	14.81811	14.29892
22.86675	18.07103
2.392319	0.7434873	2.189013	6.040185

14.28641	15.19118	21.44926	12.59868	0.2193234
14.83785
15.4179	8.551057	9.284495
20.70889
9.202488	14.9103
24.21598	12.02785
2.278142	21.51264	2.007263
5.734499	21.69022	18.65545
21.36395	7.126471	22.40781
2.439518
4.736881	10.77793	0.1768494	9.921985	20.09145
19.1165
6.142576	21.90641
6.938261
18.72493	21.13055
22.17468	19.09644
8.712339	23.96975	3.43072	20.94494	14.01835

13.66844	16.6576
7.335557	1.682065
19.65899	16.8564
13.8264	13.78339	9.154509
14.18574	17.18862	10.67012
9.423305	12.03611	18.24245	23.64364
24.52697
23.36952	9.221646	16.67277

18.1798	16.62991	3.869055
23.75987
4.467556
18.31728	10.192
1.772897	7.243648	10.78302
11.21045
19.0443
13.75394
8.952848
17.43627	21.78067
2.947701	9.26314
18.10957
10.42388
23.89663	6.626249	0.1410035	13.09041

3.457112
14.15375	21.24647
17.4073
21.15636	20.46884
8.999775
10.92265
3.952766	2.977085
21.65159

21.91594

2.848585	8.25724
16.08538	12.33657	15.94332
3.120711	16.46692	1.273229
3.572945
5.553522	9.260058	8.373096	13.83451
20.17305
24.81332
2.255686	9.140119	14.90056
7.251841	13.91643

15.31911	4.47912	15.76705
16.73735

4.403241	6.196123	1.211228
5.555207
13.92727	11.69085
21.51536	20.94627


20.2538	7.820225
20.96558
22.38017
24.77146

14.07524
21.44678
19.07411	3.800633
20.7858	0.2307628	3.825732	13.39994	22.31363
17.6967	0.8784532
9.130973	8.31193
22.33052	11.7184	15.53738	6.130357
12.87971	1.752342
16.72686	21.36278	7.503395
19.50047	8.061499	4.909236

10.96207	8.366267
23.59697	20.79387	5.162897	9.013905	0.169359
5.6073	8.389989	7.528217
21.1	16.33605

22.53614	7.103536	23.44045	22.46334	7.005921
14.67037	12.43537
4.622442	14.48746	20.0097
18.96206	3.416352	10.38706	13.02637	17.76339

12.39225	14.00954	15.23418	8.249668
22.59575	23.3379	20.96184
16.61263	22.44223	15.90403	6.9979	19.62936	17.53086
10.72331
17.71536
6.17038
5.600553	12.09164	4.97794
2.279422	10.05312
22.32795	23.67741	9.692892	13.32891
6.772856
22.07513	0.3320126
0.9356284

20.38792
5.301241
7.442967	8.028737	1.192077	19.14578	17.23663
4.971758	5.598969	22.67988	4.505406
4.117487
16.02313
6.193028
4.350289	3.134483
2.5204
16.02072


14.85192	19.32413	23.56913	19.283
4.898053
5.861903	18.38139	10.72661



23.36913	16.95906	19.70116	1.992708


24.40041	7.01937	9.778474	5.770766

14.6553	8.514889	1.162897
12.09097	6.66521
23.81838
9.915469
1.906225
18.88638	15.22902	23.89811	12.41918
18.74643	7.561193
6.417473
18.38191	5.057512	12.96202	21.96932
21.33517
16.34253
24.47213	21.41123
23.71867
7.874883
10.30317	23.07044

20.39031	5.606546	7.457498

14.41276
0.8926466	12.00692	12.69594	11.14923	4.62357
13.98741
10.50898
16.73847	5.080126
6.469235
8.995218	1.925414	0.281929
6.628147	10.01957	19.55479

3.255045
18.56906	14.24511
22.70859	2.221051
5.041469	23.45102
22.53861	12.01219	11.30184	9.652266
12.65484
24.93199	9.457631	4.554975	16.25026
13.64664
0.327804
21.4578	5.24407

15.99067	16.30388
11.45287
4.137056	6.584396
6.567697	16.65748	5.20533
5.177504	8.117052
8.256214	12.76429
22.33738
8.285706	20.57191
20.32986	15.60588	6.195353	23.34409	21.1945
19.04983	1.376698
19.95393	14.28305	6.545769	6.702127
1.592228	15.56378	4.26679
15.38002	13.07189
16.03467	3.583152	24.53325
9.77203	20.53096	8.315096
0.4933418
18.71648	6.741333	24.69925


6.570963
1.705576	5.540044

8.421463	6.122235
9.30086
23.4312
22.56387
21.6896	9.54295
6.925412
19.73318
17.22747
9.060342
15.53244
21.10019	21.50604
14.82051	2.888731	7.329985	18.9703
19.84564

16.06767	23.63705
8.843596
24.97507	3.742602	18.77893
2.910493
1.239844	14.00329	22.92073
21.1778
5.092205	24.94352
3.277295	6.472298	12.53009	8.056316
22.16826	4.668097
5.411266	14.95402	21.53508
4.173511	7.455161
18.96693	3.740743
24.78712
2.958942	0.9727498	14.56953
23.13697	12.10064

1.261058
15.39583
11.14202
1.483227	23.90635	6.976528
3.218826
15.42669	2.984736	16.30076
4.638326	11.30512
7.849321
20.38587
1.617405
24.13626	14.01699
15.26985	13.70317	23.28186
10.35167	21.90583	6.722332	4.753915
22.39672	3.063392
13.04956	8.351138

16.49097	8.946385	22.60312
24.27747

13.96922	19.86767
15.89635
3.002275	7.261203

6.484817	2.074508

14.57004	4.911707	0.7843608
10.79838


21.88586	9.909791	2.268274	4.850167	17.50128
22.53448	10.64841	5.986437	18.3064	13.97461
