MassExtinctionTimes


16.8428	1.360499


13.92692	2.291233
17.79531

15.86459
18.06594	11.74764
9.665099
10.85839
3.700555
17.41428
11.5733
14.66175
18.25373	11.60961	10.36211
15.32361	18.26978	9.61476
16.98956	8.856582	14.61979	10.36452
18.43118	17.18642	11.72589
17.35655
18.44661	18.25923	4.822444
18.48709	11.17427
18.37528	17.07626	9.868126
18.38922


18.20302

19.01534
18.33859
18.42955	15.7539
15.64969	1.310127	13.61769
18.43242	16.98877	9.21238
15.80364	17.89788	0.2088049
17.23674

3.529734


18.02676	0.8696095	0.4369754

17.82589	3.355056
0.5374851

17.79013
18.46192
16.57036	10.32112	18.7968
17.4026	11.27198	15.4623
17.55888	15.44138	4.028558
18.43142
18.78183
15.68005
18.47949	17.144	9.34494
18.60532	7.723484	14.1357	16.69312	1.06189
18.60737	10.13602	16.40925
12.69699	18.16269	15.78803	4.629169
9.207103	16.36518
17.89105	10.99149
16.20988	18.17096	3.296776
17.312	17.83667	11.30525	2.766629
18.15067	15.82909	10.70095
15.69719	18.45581	8.889261
9.668129	18.25476	11.96363
18.20047	18.35406
15.1824	18.36606	1.425785
16.9949	19.08701
18.28355
18.19508	11.38308

18.38363
15.72785
18.35496
17.8191	17.26359	9.046962
15.37986	19.02336	9.530069
18.43995	11.6522	17.23216	9.260394
18.35473	17.34803
18.06067	4.206275
0.2901808
14.72484	0.4090475
18.32184	16.63651
15.54614	18.18863	4.172904
18.37136	16.86595	9.949956	11.07167
11.40475	18.19792	15.75004
18.34364	12.55648	16.32257
16.2081	11.74009	18.3884	14.17731
18.6526	12.53975
19.12469	10.41646
9.60072
18.00683	9.380192
18.21214
18.27175	0.7838918
1.48336
16.86551	13.95184
18.10747
11.20968	18.24432
18.28101
18.36976
18.38917

18.43893	8.825902
15.05549	17.48622
13.74231	17.89152	9.60508	7.791557
17.0565	8.04972	13.77525
18.49213	16.26072	12.58819
15.72186	17.33877	11.1096	3.573016
18.39835
18.2106	2.856991
18.14853	0.492236
17.19531	10.33552	14.83901
17.89505
14.66431
16.99768
17.25884
17.82219
7.34848
6.05196
17.73804	0.00372684
18.4214
13.84122
18.29194
18.33187	8.112392
18.45594	1.881361	4.005014
17.14979
18.35589
18.24146	11.41923
4.654385
16.74147
18.04395


17.62203	9.012803
18.0941	3.607561
18.43515	11.76983	4.353752
18.20942	12.48392
11.72898	0.4513721
8.20435
8.683758
18.36882
18.4023	6.535045	11.85576
18.32932	11.4895	18.1355
11.04955	9.559896	17.2049
18.39969	16.54128
18.83628	7.339861
17.14899	0.629965
9.998901
18.34914	15.53643
18.45201	11.66127
15.76825	18.14925
9.914664	18.22023	15.60209	12.4745
18.3409	14.45185
17.90785
18.37646	16.53673	9.077844
17.35409	14.42356	0.006852886
9.718795	18.05649	15.66063
17.80849	13.85713	5.002492
18.14692
17.78241
18.52365	12.16163
18.37315	7.77768
18.26168	10.62715

14.42818
13.76836

17.40199
18.43074	15.14341
16.39082
17.83001
16.43102
9.844082
17.97439	1.519203
17.31124
18.05814
18.45772	7.879008	13.6953
18.07711
16.52519
18.32637	9.457869
18.07433
7.672752
18.01735	9.396491	15.60183

18.47009
17.89202	10.67389	0.6253241
17.2944	17.61118	4.152235
16.83114	18.23375	10.82706
15.45739	18.54323	8.790647
17.14814	14.06216
18.3629	9.773367
19.07106	9.181808
7.580816
15.62783
18.5885	14.30855
18.0686	11.36616	6.694809

18.10189	15.90521

17.17223	18.46879
18.46129	14.47341	0.6757626	0.1738634

15.06055
17.1065
15.78704	9.060851
15.69837
18.38018	14.25463
17.71196	18.26809
18.24957	1.131778


16.74497	7.446785
18.17184	9.738782
17.70054	18.26892	8.880685	10.84482
18.41784	14.56762	9.519269	6.890196
18.12947	15.85835	17.10236
17.03085	15.06812	1.66796
17.23273	18.33944	0.1740182

17.45976
12.19444
18.28365
11.12772	17.34596
18.27845	15.74015
18.34311
17.575
8.603851	17.84573

18.4342	9.614309
18.59722


17.51757
18.12926
18.06286	8.603419	0.05606764
15.2925	18.2652
18.43036	18.18755	11.13028	2.004955
18.41551
17.03435	11.14096
18.34213	16.13293	13.80806
18.41658	9.313173
18.2885	11.33744
16.10108	0.893056
18.47011

18.48784	11.56733
18.46754	9.581278
18.48177
8.471923
11.38968
0.0807431
18.44755	0.1560693
15.79303
17.81642
17.35183	18.24992
14.7207
16.20999	18.07289	9.617003
17.98782	16.01888
15.42267
17.79289	1.753556
16.90845	10.86123
17.5482


15.49197
17.12852	12.09139
18.95177	15.55626	17.71315
15.76686	18.472
18.472	8.391656	15.37428
18.38462	16.30047	10.04777
16.70253	17.29427	8.374171	11.40964
17.11593	14.78083	10.22045
9.696782	16.90705

16.50242
18.13501
18.373	17.1844
9.716978
12.25197	9.766004
18.65193	15.69839	9.404892
17.30831	10.96844	13.69345
8.974993	18.33115	11.25166	18.36204
18.33115	16.68429	9.969182
18.31359	8.954705
9.478168	15.92779	18.06132
3.199352
16.81698	10.90843
17.98124	15.34314
18.39936	9.420944	16.85881
17.64653
17.49618	15.03184
14.69175

18.39629
16.53356

17.18817
18.30216	10.82436
17.3361
18.4714	9.741286
17.74767

15.72552	7.290592


18.40839

18.35366
18.38771	14.53994
15.48554
11.76788	16.30046
18.42673	8.963947
18.20797	11.32739
14.75611	18.41376
10.75236

17.20582
18.17998	12.20489
18.43254	12.0157
14.88049

17.40395
18.00155	9.886002
16.6893	17.96578	11.40662	0.1342035
11.06396	17.28686	15.16298
18.43568	15.69143
17.35548
17.16775	15.28112	6.851136
18.23275	15.56505
18.23857	17.20687	3.623884
17.73854
17.98634	6.136989

18.29158
11.48848
13.53523	18.50247	9.067638
15.82544	18.67868
7.768205	15.4418
17.83138
18.21706	0.1857665
16.8487
18.66265
18.32199	15.7132	15.9989
18.29606	9.772493
18.10398	15.11439
18.13842
15.52765	9.031803	3.732258
18.13085	1.512862
18.39056	11.21226
18.18947	10.72224
15.23826
18.10318
14.9551
17.25479	8.05119
16.94172
18.61868
18.44428	14.8051	9.191656
15.56346
15.28227	18.45243
12.02996
16.89075	10.73799
18.48718
17.18444	18.30601
17.92686	12.59092
17.67907	17.27082
16.03096	18.22749	9.497573	2.987354	11.10798
14.95711	4.720807
18.25019
17.30724
18.47485	15.34274
18.05521	10.88941
10.96505
17.31464	16.86407	11.50937
13.82405	18.35494	6.019503
12.09016
17.63724
15.25774	18.1862
18.16502	15.24376

18.46752	9.139571
17.5781	14.69896
18.8664	15.59934	0.4468872
18.48748	4.125549	17.89625
18.35083	15.63154	0.1258777
16.30358	18.66095

16.85982
17.812	7.468169
16.633	18.48647	8.570281
14.61794	17.99206
18.26783	9.90457	17.30264
16.87125	9.160635	18.11207
18.83027	14.47948	8.73596
16.6834	18.42628
18.00618	16.24231	9.267182
17.98208	12.11356	13.94981
14.42089
15.74847	16.69153
12.41095
16.72621
18.44452	15.0175

11.57116
17.58642
17.9542
16.79877	0.678251
9.363089

16.91673
15.02177	3.893896

18.40087
14.37813	9.920896
14.83594	17.3268

0.1868866
9.51526
8.918141
18.32272	1.301066	8.99582
18.22484
18.10585	15.80833	15.01932
18.43397	15.65682
18.28189	15.73789	17.10743
17.00016	16.40969	5.316841
17.80085	6.985675
17.99194	17.04115	11.77501	5.678244
18.29246	18.15444	11.32097	2.661925
18.05046	14.99791
15.12842	17.17399	11.487
17.86324	14.91351	11.50388	4.15645
18.17977	8.28179
17.25426	16.25583
15.76118	18.11274	7.747783
8.821976	18.06206	15.00934	0.1304075	2.912549
17.85345
18.12876	11.24932

17.15719
16.46568	11.08905
16.87755	18.89713	5.872762
17.01365	18.10057	9.802202
14.47019	17.84494	9.3089
13.09687	18.25524	17.95615
14.06718	9.246826	17.09219
18.4123	9.400344	17.41908	16.22602
15.75004	17.32555
16.52137	18.30981	9.697219
18.00835	6.606647	8.964969
18.18964	14.89822
19.02911	15.37308
18.29489	14.71713	9.255937
12.51932	17.38046
11.37807	16.43526	19.03232
17.29711
18.6852	15.13609
14.68871
16.23993	18.24752
18.45309	0.3032581

16.11229

17.51241	8.758153
18.36669
17.05169	10.20342
15.22051	17.0956
0.2730812
17.31299	11.73761
15.29204	18.29552	10.89134	4.227929
19.09998	8.979795	16.29199
18.47926	14.22368	10.57362
17.01745	14.50102	6.62227
18.24892	0.544028	15.29079
14.96827	18.06663	8.093508
13.58386	10.39361	18.40954	16.35935	9.320197	0.5321703
10.54394	17.28203	18.19885
18.48585	17.13007	11.14884
17.98036	15.51822	9.891547
11.6067	18.34301	18.27578
13.71296	17.34111
17.02097
18.18196
17.43404
18.31856	8.742806
18.3122	15.68488
18.11572	9.745513	3.253604
14.00942	18.34012	11.59841
15.77397	18.16708	11.45629
18.48268	9.364399	15.15517
17.07438
13.93369	13.39263	17.79829
18.44737	15.91699	9.436401
18.44737	15.705	0.4692128
17.47829	14.97312

12.18961
18.19554
17.56585
15.31156
18.30386
14.42652	1.916723

17.00668	0.1518295
6.7639
18.47591	18.19756
18.35201	15.26697
17.35446	14.78562	9.728943
17.70527	9.13627	15.84338
9.66805	18.08057
17.07628
11.65498
17.55596	3.964416	9.037629
14.91017
15.26981
17.22872

18.30978	13.90994
18.31563	18.4318	8.124034
16.58643	10.5132	7.12288	18.37356
18.32267	15.16197
18.47643	12.2372
18.14174
14.38147	18.30383	9.527798
18.59352	15.29221	8.893081	0.5013102
17.19206	7.622841	18.77909
18.43934
16.89604	12.07303
17.64735	2.767059
12.30789
18.27929
17.15997	9.735145
16.72735	0.8759383
18.46775	4.127189
18.52268
17.28486	10.87668

16.84054
12.44392
17.67932
16.95518	17.33377
18.38455
16.92519	17.01518
15.56187	16.23096	9.197968	0.165107
18.43435	18.66197
18.47287	16.88375	15.28112
18.89448	8.506798	3.863921
17.09839	12.28687
16.4555


17.68651	12.05064
16.29813
16.61177	12.45242
18.82758


15.28765
17.01473	0.5464059
18.45612	9.570159
14.41385	17.69822
16.9884
18.37771
18.44033	18.1143
18.55469	14.41425
16.88935	14.26527
18.10344	9.493967
7.852245

18.24116
15.15223	18.40569
18.47177	11.47795
7.734756	9.451615
17.57642	15.76213
9.484965	1.589459
18.23954
12.10788
11.62534
18.27367
18.01455	0.07750075
15.0431
17.33339
17.66753	16.87109
15.67633	11.19445	16.91905

8.886877
18.42001	8.608273
17.31599
9.327828
8.750247
15.29663
18.32459
18.21322
16.7157

18.42613	17.56898
17.89484	11.17757
11.09738
18.22624	0.05757855	16.37734	10.05319

17.22297
18.39003	8.067349
15.17645	0.3315805
17.90992	16.13445
18.48046
11.32352
18.39223	3.122204
18.11673	15.76947	0.01842538
11.60487

14.2514	3.170943
17.26771	17.86245

18.35387
18.12761

18.90045
17.93001
17.12033
14.79906	18.40101
18.3244	16.60911	3.180248
17.72364

18.25444	11.07484
14.73553
14.98644
14.86069	18.42752
18.1153	15.02479	0.06404334
17.39031	9.802614
17.16559	11.44757	0.4984908
17.87165
18.35805	9.363835	15.18678
17.91476	14.93774
18.15948	14.93215	9.779983
18.17804
10.13305
18.30665	15.58578
17.24807	14.10237
18.06354
18.36736


18.41237
17.33489	1.884804
18.80569

18.45356
16.57923
18.00504
17.05124	1.793137
18.02452	18.47118
17.22698
9.856095
16.20883
16.94989
17.15333
18.33702	16.67888
18.14687	14.22148
18.29242
10.48542	6.547393	1.309717
18.42804	11.39219
18.41101
16.75368	17.52978
17.5956
18.11079	11.93279


11.17037
14.13031
18.00078	9.646338
17.92872
18.32875
18.3263	15.32061
11.44168
14.12228
15.14597	18.35202	10.97983
15.78836	8.230366	18.44658
17.9477
4.820377	2.930737


18.18008	14.992
17.58275	14.02059	2.977095
18.26441	15.63375
15.79962
18.4189	17.33466	10.22869
17.70325	8.439732
17.25917	16.35608
16.56804	14.03307
18.00226	9.077449	13.76021
17.107	10.58207	14.28263

18.32785	16.14374	14.19501	0.09875505	2.948095
18.3318	16.02222	13.73049
18.11585	11.38104	15.34824
15.02409
14.98671
18.47143	15.41838	4.192403
17.64098	3.193522
18.37405	15.59138
17.20835	14.42707
18.25643	15.45562
18.32824	9.797398	17.75774
11.64161	17.24914

8.489604
18.43384	17.11687
17.53801	8.730924
17.20596	7.578782	13.61978

12.88131
12.8472	18.23038
17.78842
17.0733	9.54872
16.96436
18.27143

15.54392



17.86781	4.118029
17.19718	18.42001	0.2239567
18.20449	0.629152
17.87	15.73528
17.25288	18.48581	11.6989
10.51072	16.98118
17.28296	14.17088
15.94849	9.891716
14.60334	15.6477
18.54505	14.97327
18.243

14.92521
16.91229
17.97466	11.71151	18.29847
19.08288	11.46367	2.74343
17.27666	9.018725

1.635109
18.2797
14.06154
18.31417
18.68113
15.92623
11.07004
16.951
18.27084
17.98964	11.14692
18.04671	11.44972	18.02838
18.2054	7.357639
18.34817	18.22796
16.82379	15.64767
18.26652	9.289058	14.90115
18.40957	16.0597	4.212944	10.54722
18.3807	8.822004
18.04303	15.17378	9.463199
9.566187	18.43834	15.15621
18.07105
18.29731	8.670201
18.58289
18.22513	12.68541
14.82518	18.46166
11.14574	9.675655
16.78281

17.34154	13.92362
16.89438	10.90165
8.924586	15.17916	17.79982
19.09229	17.86451	1.361648	9.37956	9.999697
17.33767	1.621392
17.18323
18.24946	11.54207	15.68777
17.22962	19.28852
18.28457	15.46747
17.8365	11.62986


18.06626	3.93189	12.78485
15.91081
18.39173	16.41011	18.36236
18.25908
11.41134
16.61334	17.15407
18.25359	17.17062	12.84739
18.16383	16.39994	9.773286
15.79013	3.751877
16.82514	8.300811
17.23796	17.98887	10.5156
15.7656	7.288458
15.14905	18.4095
18.43031	16.18576
18.47483
18.3919
17.93489

16.43721
17.99706
18.35954	3.709934
16.89821	18.40496
18.00575	10.18018	17.99496
18.43469	17.08099	10.81653
18.47509	14.65333
3.349534
18.47944	16.03746
9.860126	17.98062	15.46563
14.15355
18.47394	18.63533	10.44217
18.34583	15.22184
18.347	16.78951
15.61731

17.85432
18.47957
12.69838
18.46206
17.20949
16.88324
16.708	0.5367237

14.23533
11.48886
17.46021	8.602798	4.1914
18.36523	9.396829

18.39125
18.09281	0.6624363
17.62914
18.71634	12.6103
18.41806	4.051707	12.75693
16.56557	16.668	9.542581
16.46333	15.86405	9.902693
17.45079	8.624654
18.27494	10.83249
17.73796	15.44625
8.974834	18.09998	0.2759262	16.50802
18.48222
8.475136
17.88537	9.55034	15.47413
18.05998
11.62276
18.45026	15.20685
17.06773
18.45782	10.67429
16.82666
18.43858	11.16689
11.22684
18.4649	15.83669
13.317
17.93685
18.33591
18.40381
8.908856
18.30845
17.36586
6.959084
18.21323	0.1214638	8.787327
18.3933	17.06799
18.63998
9.959437	19.26926
18.4068	7.755927
18.33249
10.15876
18.46009
18.33691	7.519902
19.13221	18.04736
17.9008	11.18903

15.44673	0.6014082
18.41405
9.984163	18.28839
17.09474	4.316994
0.8333246

0.7226054
18.22385	11.63472
17.79467
18.26967
17.51827
15.47148
18.35311
15.49425	19.01985
14.10925
18.00865	11.69284
14.59767	17.28421

18.49193	9.310908
2.663672
18.1233	15.67028
17.92063	16.79348
14.7018
7.799789	0.3065632	17.94848
18.48219


15.58297	18.26949
17.13889
9.717614
11.51508
19.2902	7.022052
18.29609	13.83692
15.05448	18.23589
18.42777	14.66018
18.35595	9.30914	7.990313	0.3681636	0.1323957
16.32875	17.65807
15.06967	17.66229
18.46413	14.67104
18.39297	16.88649	11.27031
11.1046
18.40783	17.54025	11.02407
15.70814	16.03822
17.25749	12.68224	9.247834
17.79288	8.807973	16.67806
14.80347
17.73208	8.405823
18.37241	12.3714	4.059641
15.12386	16.67212	6.399603
15.18107	17.67149
18.12235	1.150961
17.32177	17.65892
17.5664	9.576096	0.2306413
16.31086	10.8053
18.41599
18.27742
18.46684
18.45734
18.48671	17.06785
17.56376	18.42802
18.15492	13.60673
9.060641	17.35784
14.07657	17.27187
18.0425	13.77011	16.77048	9.698967
18.32915	18.29629	15.3668

18.2252	12.1203
18.19455	14.154
9.575109
18.45749	18.95007
18.16732	14.1118	8.027501
11.69262	18.01345
16.51159
8.762076	17.98036	16.5439
15.58018	18.22455	8.716328
17.87762	18.50973	5.371923
18.08148	17.73581	10.89345
15.13426	17.35805
16.87709	15.22805	3.988804
14.86364	8.028317	18.25879
18.0949
11.17097	17.60612
17.99094
16.72228	18.43484
15.87618	14.43616	18.30043
16.1877	18.1384
15.04073	18.00701	12.44591
18.6627	16.06281
17.21202	9.769263
16.92851	9.810451	18.50324
18.19396	11.69039	15.25892	0.7864323	2.737544
17.77155	13.52731
17.31458
14.99508
15.73815	2.030085
17.17888

16.54553	11.27124
16.58688	9.702128
17.03295
14.32396	17.7807
17.69945
16.87679	14.59317
18.48586	14.98889	4.005673
17.94099
18.14178
17.61184
15.35575
18.01488
11.2159

8.950308
17.24942	10.32407
18.36938	8.194417	14.17693
17.24353	16.17518
18.15253	8.742264

16.76485	11.77734
8.561176
14.90923

18.43589
18.14294
18.27366	11.09027
17.86036
15.15899	15.72278
18.83141
17.69741
18.56944
17.77312	1.086869
14.54415	8.74436
18.47752	12.50772

9.82563

15.26806
17.34745	3.669798
18.42439
18.23543	10.50572	15.39874
15.74576	17.86665
16.44792	11.78099
18.28442	7.78845
18.43089
17.27335
10.51748	18.23692
18.13519	15.29421
18.41184	8.685964	1.020405
17.15489	9.6876
2.113464
15.48483	17.90176
16.89674	18.50777


18.04577	14.28004
17.87814

17.31972
15.67055
16.13874	2.171163
17.57161	8.412194
16.28149
17.30658
18.3457	18.15096

18.36094	0.436532	11.88496
0.06580601
18.13361	16.22829
18.47783	6.952317
17.04148
15.67626	1.869291
18.25449
18.50254	9.539029	12.60974
18.35964
17.09112
18.40257	3.359419	15.7273

17.61818	9.651409	16.69369
18.37246	14.99041
2.865164
17.14451
18.00219	4.782927


16.8675
18.45907	9.567556
9.777486	14.2335

15.64318	18.35381	15.19553
14.1816
17.35616	15.40172
16.91915	18.52095	9.884871
17.12336	7.810474	11.02485
18.28657
17.19502
18.10917	17.24654


16.55832	8.336872
9.263853


14.47236
18.37092
4.074058
17.19086

12.68187

18.31953
17.19666	9.485924	14.67907
18.26994	16.23834
18.23804	14.19675	8.681424

3.801216
18.32815	17.28145
18.35072	17.31456	4.658258	10.77323
17.18432	15.13628
18.32309	17.2188
0.06323222	17.1248	6.835107
17.78562
16.74215	8.533294
18.10421	15.34862
17.23883
18.05288	8.598297
18.35461	9.427716
18.28177	8.887846
18.40072	1.017664
17.03467
18.34308
16.98463	19.32717
18.48811	14.09669
18.11706	14.89225
18.20121	15.23467	16.76265
18.35503	0.5628727	17.56152	9.747148
18.01449	9.075997
9.244031
7.488817	15.70854
17.33507	10.3233	17.56745
18.46559	16.60956	10.94258
18.26524	18.45054	9.241493
15.67576	18.32736
15.58672	11.60864	19.52153	15.24123
17.07262	18.31711	10.72848
18.43473	15.43712	10.57489
17.75346	15.36712
18.36242	0.08864007	15.71464	9.567136	9.599049
18.4317	9.113254	16.32618
15.3785	18.39125	9.20674
17.90351	17.00919	15.33016
18.50204	9.815373
18.39057	15.0876	9.204096	14.56079
18.36553	11.81879	15.5087
17.9365	12.51477	9.70292
15.49949	8.504221	18.0962
18.43413	10.00274
16.95675	17.27064
18.41637	15.94219	8.334881
17.11878	18.40231	8.007574	6.909105	3.969186
15.07362	8.508227	18.4869
11.72012	18.2859
15.23279	18.35037	9.466534
15.37711	17.25717
17.11748	18.32491	1.458847
15.59647	17.32571
18.36891	1.675009
18.34091	8.98036
17.13561
18.143	14.91578	10.88149
17.91751
18.47254	16.56475	7.249981
16.21142	3.215385
9.099133
16.6454	3.634321
15.5169
18.40791	10.35278	17.1618	2.94174
17.52703
14.95809
17.9621
8.66041	18.98303	15.2565
18.09061
9.642977	18.26218
18.02006	17.76278	10.74563
14.33012	17.46303	18.24391
16.93838	15.79354	9.846555
18.47739	18.42631	9.539108
16.7554	15.08906
12.23611
14.81703
18.68517
14.89497
18.47856	19.09553
10.94669	18.48854	18.12074
18.20403
16.65477	0.4420203
18.3346	16.43314	7.799929
18.43864	17.19532
16.11861	18.40176	8.552345
16.05485	8.831063
14.89193
19.01473	16.99823	11.72865	0.2089574
17.81893	17.16451
16.90127	18.02396	14.55448
15.42028	18.50824	9.679213
18.67261
11.14105
15.43496	18.37931	11.49922
15.00109	9.164972	16.57907
9.230992	17.70754
18.33992
16.63895	12.09307
18.4559	9.548451


12.59562
18.33338	8.336954
17.99034
16.87579

16.89364
16.62383

15.30154
19.06352	15.71786
18.84628	9.550911
15.24352
16.547
18.36752	17.08024
15.50732	11.59201
10.51611	18.50567	17.01658
8.25704	16.66713
16.53725

18.22683	9.759299
16.88259
18.3522	11.97556
18.30895
15.66264	0.7944878
18.37232	15.89901
15.79686	7.925724
18.30298	18.60709
18.39395	16.90018
18.03264
15.69179
15.70495	11.09365
15.44727	16.77769
15.37965	16.51804
1.516052
18.47661	11.83743
18.25929	11.88854
18.48279	11.48923
16.9055
18.4372	15.90424
18.4458	1.621826
17.13188
18.5256
18.48843
15.00256	9.981081

18.03896	8.209339

18.48215	9.064188	3.55115
18.42048	5.261709	10.75995
17.97031
17.96667
9.967807	18.47853
17.34666	11.77489
18.29877	14.86878
18.26311	15.4084
14.90771
18.88566
17.52875	16.89067
15.02833	10.15653	18.41027
15.58813	18.19661
18.21824	11.36902
17.25996
18.67947	8.73371
17.773	6.727027	16.9318
18.13043	11.39044	4.205336	16.84017
17.33453
14.12745
17.00365	17.84865
18.42876
18.43358	11.59741	2.831081	8.224294
11.22421	16.1505
18.78997	18.35407	9.371608
18.16615	15.30354
16.87654	14.68704
18.09365	10.65704


14.90428
17.82743
18.50179	9.9382
11.87539	18.05597	15.73053	9.291942
17.07393	6.83732
15.7324	17.0484
17.94576	10.47371
9.06639

18.01343
18.36519
15.90166	18.32988	9.51839
18.20282
18.20959
18.51225
18.00151

17.15433	18.38406
18.44877

18.27622	0.5409112
17.94075
10.87199	17.78126
16.52933	13.09514	1.989064	3.579268	18.41554
17.12131
17.44431

17.04378

18.25563
18.37276	14.09981	9.818874
14.49555
17.30409	12.54807	9.813933
18.38137	0.4153333
18.52239	0.5650212
16.97976	8.445062
18.23718	16.61795
9.62419
15.97315
17.11521	8.751215

16.60742

17.25629	9.473238
18.27442	9.612644	15.54049
18.15605	9.939987	14.94644
15.63153
16.94946
8.912859	16.98584
14.49924
9.035765
17.84649
18.30586
18.46843
18.24826
18.22461
18.2133	0.2195496
17.01787
9.038585
9.664606
17.98319
18.36399	12.71983
18.47858
18.07442
18.44311
18.81816	8.194182
18.04923	0.1494544

4.921164

18.08132
18.43294	13.83329
18.83398

18.31309	15.58826
11.47599
14.61256	18.14747
18.30672	16.98057
16.77088	11.05088
18.4062
17.19775	8.290256
18.04193	15.64503

18.02232	15.42801	0.4188544
15.76631
15.63868	18.45997	0.5986269
18.38785	1.351428
16.44267
18.61752	8.589692
18.15235
9.599423
18.45325
17.14849	8.502901
18.47584
16.30857

18.41972
18.18278	16.75669	10.64773
18.30807
17.2062
18.02998
18.43085
18.13049
17.97074	15.69963
17.22516	13.83452
14.91527	17.81996
1.92887
9.336156

16.03047	18.03636	0.0363653
16.41977
18.0537
14.22874	18.17611	9.003597
14.90699
18.39941	11.06134
18.42843	14.79679	15.25668
18.09696	16.97819	9.572509	14.22461
18.05166	15.76349
17.1408
15.58964	18.13134	2.373583	7.63345
18.05648	18.33938	7.506106
17.80031	18.20711
18.39133	7.178058

16.37954
18.36923	7.219799
18.20851
15.64559
15.94805
17.9521	11.28182
14.59057	18.40351
18.51116	0.1010891
9.480855
16.58638
15.20017
17.45877	18.10169

15.375	17.16001
18.33989
15.72275
11.29987
8.211602	15.15824

15.73162

16.05334
18.32021
18.01267	1.067349
15.45133	18.28194
15.34901

18.11159
17.27277	11.29966
18.30684	9.242833
16.65389	9.925692	18.0216	6.93231
18.305	17.04513	10.85284	0.6320997
18.3604	16.82726	10.20665
16.94332
13.88564	18.01377	0.5069807
17.12531	18.45795	9.905515
16.73416	9.720849	18.34048
16.36894	10.44075
17.10319	10.7375
17.06681
18.15797	15.27374
17.19095	12.23762
18.10398	15.48777	3.215104	9.831301
16.47136	18.23191
18.36377	16.95104	6.882777
18.44848
11.55388	17.60853
1.694714
17.29091	8.92868
17.25877
16.92989
17.1552
18.26946	8.727589
18.85316	9.730157
0.1300284
15.01265
18.11653	17.46394
18.19737


18.81857	16.81475
18.47733	5.202069
9.961941	12.53471
11.1717	4.551379
17.65118	15.42015	1.492345
12.54342

17.76228	15.68932
17.21647	8.400045
16.74835	9.709331
3.636394
11.48938	18.19244
16.54976	17.04156	9.295734
18.38058	9.148423	15.36243
17.69187
18.20216	17.10208
18.40414	15.3708
18.31875
18.05138	9.229732	12.50962
16.37765	11.55355
18.37494	12.19018
15.48223	18.10689



15.53453	17.75667
18.45987	14.91632
16.82785	14.90237	8.390835
14.80648	18.31035
18.42536	18.28052	15.18728
17.41269	17.185
17.24083	15.73493
17.50062
15.30785

17.21691
17.24282	0.05632624
17.13685	18.39233
15.6037
17.9813	0.2683602

16.97127
18.45578	9.504463
16.6352	1.176986
17.90007	16.76765
17.14061	16.86762
18.47224	10.89513
15.67165	17.78127
10.24024	18.4956


16.4541
