Iteration	posterior	NumSpeciation	numExtinction	numMassExtinctions 
100	-225.544566002089	8	3	0
200	-211.375281139621	4	2	0
300	-218.882016895741	6	3	2
400	-229.483375676624	8	4	0
500	-218.754172630265	6	3	0
600	-220.562876134201	5	4	2
700	-216.790969833617	3	1	1
800	-219.148406006014	6	2	0
900	-214.363932418646	5	3	1
1000	-217.441015320985	6	5	2
1100	-219.835125722802	6	3	1
1200	-220.448539138479	5	3	1
1300	-219.52270630193	5	3	1
1400	-217.338229447431	5	1	1
1500	-218.716154301568	7	2	1
1600	-220.09559427634	5	6	1
1700	-219.876225854674	4	1	3
1800	-218.110739858177	5	2	3
1900	-219.309945789475	4	1	4
2000	-213.187686942609	6	2	3
2100	-214.858778279303	4	3	1
2200	-231.930005141735	8	5	3
2300	-217.606518962338	3	3	2
2400	-213.037154434269	4	2	3
2500	-220.111946102258	5	3	1
2600	-222.04617106775	5	1	0
2700	-220.224764925454	3	3	0
2800	-217.331699489662	4	4	1
2900	-223.561510876714	7	2	0
3000	-212.936312391656	4	2	1
3100	-218.331931643024	2	4	1
3200	-216.184984923745	4	2	2
3300	-225.24365815069	7	2	3
3400	-224.724790407817	4	9	3
3500	-220.679201117364	5	4	3
3600	-227.054389951976	6	1	1
3700	-220.788707143161	5	1	0
3800	-217.531095038406	5	6	1
3900	-225.548510820926	5	6	0
4000	-222.310933708161	6	4	0
4100	-220.395497218663	4	1	3
4200	-222.436529307258	6	2	0
4300	-233.207892803164	8	3	2
4400	-219.994259990584	4	2	1
4500	-227.536877250014	6	2	0
4600	-230.713831967765	5	4	1
4700	-217.813397521311	4	3	1
4800	-215.732663850859	3	5	3
4900	-214.51926280679	3	2	3
5000	-220.580750083788	5	4	3
5100	-214.813103972843	5	4	1
5200	-233.495385784378	7	3	1
5300	-226.976071050644	4	6	1
5400	-212.186645042751	3	4	3
5500	-220.194074443109	3	1	5
5600	-217.589612865356	3	2	3
5700	-227.356903617011	2	5	4
5800	-219.676316622342	2	3	2
5900	-222.571851912507	3	5	2
6000	-225.501727458538	3	5	3
6100	-214.450688852649	3	2	4
6200	-214.363466382987	3	4	3
6300	-207.568885182296	3	2	3
6400	-213.242467225307	3	1	3
6500	-217.798456672132	5	1	2
6600	-217.208545437593	4	2	3
6700	-220.867392672071	5	5	2
6800	-217.74418546502	7	6	1
6900	-212.06990723743	5	2	2
7000	-223.155015958704	8	1	0
7100	-218.332233133499	6	1	1
7200	-218.563024447327	4	3	1
7300	-218.064176833593	8	2	1
7400	-212.806007142158	4	3	3
7500	-212.760709745808	4	2	3
7600	-214.710309325205	5	3	4
7700	-215.933702776774	6	4	2
7800	-217.002145331778	5	3	2
7900	-231.369886541585	8	3	1
8000	-225.437390974205	4	1	2
8100	-208.952793369589	4	1	2
8200	-218.096943975901	5	3	3
8300	-213.795636017295	3	6	4
8400	-212.288531241419	3	3	3
8500	-229.394907259833	4	4	3
8600	-216.693783633529	3	3	4
8700	-221.560298391184	4	2	2
8800	-221.77937139823	6	1	2
8900	-222.090214126997	7	3	1
9000	-227.707519355161	7	8	2
9100	-222.679314262642	7	4	1
9200	-216.792812691285	5	5	2
9300	-225.072483907643	8	1	1
9400	-219.476332298548	5	2	2
9500	-230.174682786487	9	3	1
9600	-218.286890164327	4	5	2
9700	-220.221440005475	3	3	1
9800	-215.24876100011	3	2	1
9900	-215.720346279892	4	4	1
10000	-224.681783919328	6	2	0
10100	-218.001048880017	4	1	2
10200	-215.991179259021	2	2	2
10300	-234.853217009345	3	3	4
10400	-215.857913309699	2	2	3
10500	-225.532102353938	2	5	3
10600	-219.681399092375	3	3	4
10700	-214.038322956826	4	5	1
10800	-220.769829754394	5	4	2
10900	-220.013108393333	5	2	2
11000	-221.182139904173	4	3	3
11100	-213.83968113909	5	2	1
11200	-212.930558525758	5	3	1
11300	-219.783481860639	7	1	1
11400	-213.762144955581	4	2	1
11500	-218.168915427225	4	4	1
11600	-219.647441881503	4	4	1
11700	-219.766981479694	5	4	1
11800	-218.413264759818	4	2	2
11900	-223.252158325154	6	2	1
12000	-220.177037580951	7	4	1
12100	-209.56858175633	4	3	1
12200	-220.545152915503	5	5	2
12300	-227.263845296336	6	3	3
12400	-219.33775132212	4	4	1
12500	-215.572489438971	4	1	1
12600	-223.743525878891	5	2	2
12700	-220.88754836753	5	5	1
12800	-226.496719649542	8	2	1
12900	-216.180267871815	4	2	1
13000	-231.718293060509	7	6	0
13100	-210.518538510157	5	2	0
13200	-213.961139736908	5	2	2
13300	-216.791894227309	5	2	2
13400	-214.261295019897	4	2	3
13500	-233.007981125006	9	2	2
13600	-228.138706590859	8	5	2
13700	-224.447408032133	7	2	1
13800	-215.993326844526	6	1	1
13900	-216.925933520805	7	3	1
14000	-221.461459886421	4	2	3
14100	-212.625721521144	4	2	3
14200	-217.903545207215	3	5	3
14300	-211.495249733273	4	1	2
14400	-231.719110996935	7	4	2
14500	-219.597274827239	5	4	2
14600	-218.972552717081	6	4	1
14700	-214.757309417116	5	5	2
14800	-213.612683595258	6	2	2
14900	-214.616535417651	4	2	2
15000	-217.183725687505	4	4	4
15100	-223.69487755805	4	4	2
15200	-237.45201665408	6	5	1
15300	-210.789137134284	3	3	3
15400	-226.202555332579	4	2	3
15500	-221.172154014676	3	3	3
15600	-217.954404330799	5	3	3
15700	-226.712749023098	8	3	1
15800	-222.514562400943	5	7	1
15900	-235.865039962773	6	3	2
16000	-222.748565071365	7	2	2
16100	-218.032952392272	4	4	2
16200	-215.159138679674	5	3	0
16300	-221.629605767912	6	3	1
16400	-218.009633488082	4	4	1
16500	-215.845476868828	5	4	0
16600	-224.218405279926	6	2	1
16700	-212.875325372219	4	3	2
16800	-215.596788278393	6	2	1
16900	-217.769012408217	5	4	1
17000	-210.899508193549	4	1	1
17100	-234.140197118858	9	2	1
17200	-224.474814879636	6	2	2
17300	-213.652651090223	5	5	1
17400	-224.039925952434	7	3	1
17500	-233.749320950142	8	3	3
17600	-218.699458512073	6	2	1
17700	-221.577914764816	6	3	1
17800	-238.090493389681	10	5	2
17900	-211.916612139102	5	2	1
18000	-219.117694789552	4	3	1
18100	-230.508608888738	8	2	3
18200	-228.501733217939	6	6	0
18300	-210.054612663879	4	4	1
18400	-220.583775843387	5	3	3
18500	-226.964483986442	3	2	3
18600	-223.229609988907	4	3	3
18700	-216.833105208151	3	6	3
18800	-215.384747026995	4	2	2
18900	-219.717365519248	7	3	2
19000	-221.809388819865	5	1	2
19100	-221.383485422443	6	2	1
19200	-214.02653999322	5	2	1
19300	-220.96840756531	5	4	2
19400	-217.735944288206	5	2	3
19500	-216.400925522684	4	3	0
19600	-226.149004522321	6	4	2
19700	-220.77218724837	6	4	0
19800	-219.984554335379	4	2	2
19900	-234.303471178105	9	3	4
20000	-220.452920263727	6	5	0
20100	-227.547673722503	7	4	1
20200	-218.535404191116	6	3	1
20300	-218.027336882777	6	3	2
20400	-219.020616371087	6	1	1
20500	-216.590999555805	5	2	2
20600	-214.238728012748	6	2	2
20700	-225.796783659703	8	2	2
20800	-213.385054681045	5	2	0
20900	-212.611657267618	4	1	0
21000	-220.507115511683	6	4	2
21100	-225.05846181481	6	4	2
21200	-219.378764836334	3	1	4
21300	-215.593253753715	3	2	4
21400	-214.235069069084	3	5	3
21500	-216.545014525996	4	3	3
21600	-214.463436957979	5	3	3
21700	-217.799231321451	6	6	0
21800	-220.250533671435	6	3	1
21900	-222.422699672048	6	5	1
22000	-230.667971523644	5	4	1
22100	-221.233635853029	5	4	2
22200	-209.056981325566	4	2	2
22300	-213.237075012606	4	4	1
22400	-232.685324709906	8	3	1
22500	-218.275937131284	5	2	2
22600	-222.435932914124	6	4	0
22700	-225.008906042077	7	6	2
22800	-214.720902928207	5	6	1
22900	-207.155129915212	4	4	0
23000	-212.298310863443	5	2	0
23100	-230.588603787628	10	2	1
23200	-219.54064758438	6	5	1
23300	-219.917234665144	5	3	3
23400	-214.330591962806	5	2	2
23500	-221.102833095729	5	2	4
23600	-210.254126240754	4	2	1
23700	-225.608816331544	8	4	2
23800	-219.453548953607	5	3	3
23900	-217.914277676676	3	3	2
24000	-216.306175037622	4	1	2
24100	-228.352759935161	4	4	2
24200	-212.543341478972	4	6	1
24300	-219.639194270278	3	2	0
24400	-220.050932281496	6	2	2
24500	-215.514158620701	5	2	2
24600	-213.961761868694	5	4	1
24700	-212.176710292864	4	2	1
24800	-218.978801115777	6	2	1
24900	-221.977416082351	4	3	1
25000	-219.492214484412	5	3	2
25100	-221.268510448255	6	4	1
25200	-213.716605514361	5	3	1
25300	-221.383158849966	6	3	2
25400	-214.345188274468	4	6	1
25500	-214.359710093268	3	4	3
25600	-222.656989029328	7	1	2
25700	-219.477983337033	5	6	1
25800	-217.28152353007	5	1	2
25900	-219.629400671755	5	1	2
26000	-214.399260850914	5	3	1
26100	-223.119662456274	5	4	0
26200	-215.697329890335	5	3	0
26300	-212.654312411613	5	3	1
26400	-225.656157446715	7	3	2
26500	-217.988905427866	2	3	3
26600	-218.355524231414	2	5	2
26700	-209.301526242593	3	3	3
26800	-214.551468317256	3	5	3
26900	-221.453212026665	3	2	4
27000	-230.341794310311	3	4	3
27100	-218.113359765899	2	2	2
27200	-222.492541270363	4	4	0
27300	-221.160258518083	6	3	1
27400	-224.976078126977	7	5	1
27500	-228.690704420778	8	3	2
27600	-224.044451984918	4	1	1
27700	-224.889220712883	4	1	2
27800	-216.285374682531	4	3	3
27900	-217.062151916821	4	3	3
28000	-216.172090650995	4	1	4
28100	-216.178251873551	4	4	3
28200	-218.571059345313	3	3	2
28300	-214.560194228076	2	3	3
28400	-227.82482102065	6	2	1
28500	-232.76086520123	8	2	2
28600	-226.450843357349	6	2	2
28700	-218.31055748142	3	2	3
28800	-213.772195193296	3	5	1
28900	-223.258780677599	5	4	2
29000	-226.06662303838	6	1	1
29100	-220.304655441269	5	2	0
29200	-218.755750585717	4	3	1
29300	-222.391462278017	6	2	1
29400	-215.730750704372	3	2	0
29500	-217.05526100269	5	3	1
29600	-219.506498474279	4	3	2
29700	-226.688521263632	5	4	1
29800	-219.416615794174	5	2	2
29900	-214.639800987997	3	3	1
30000	-216.613626431632	4	4	0
30100	-225.559957005719	5	1	2
30200	-216.37123084479	3	3	0
30300	-219.762174313484	3	1	0
30400	-219.409754922861	3	2	1
30500	-224.301665341077	6	3	0
30600	-218.022682776962	5	4	1
30700	-215.299200686195	6	1	2
30800	-217.257781825172	5	2	1
30900	-213.077654275581	4	2	2
31000	-217.138292245526	6	4	2
31100	-227.468083808476	7	3	2
31200	-226.815689339457	6	1	2
31300	-225.581062203896	6	2	1
31400	-222.234097759565	3	2	0
31500	-229.947076906371	5	6	1
31600	-220.471961794578	4	2	2
31700	-218.022123265805	5	3	2
31800	-225.545980024508	6	3	1
31900	-219.104363908146	3	3	0
32000	-217.160987563836	5	4	1
32100	-222.851656155256	4	4	2
32200	-216.826251988533	3	3	4
32300	-219.787463317219	5	3	3
32400	-215.002029461365	6	2	2
32500	-224.853452795256	8	4	1
32600	-217.601997835355	5	1	3
32700	-211.605059914861	5	5	2
32800	-218.621514386818	5	3	3
32900	-211.977259919881	4	1	1
33000	-220.220406273667	5	4	2
33100	-216.655405035156	4	5	0
33200	-213.49603750233	6	4	1
33300	-224.610140941892	7	4	1
33400	-231.383393031026	6	5	3
33500	-215.312057452925	5	2	2
33600	-222.306005713302	5	3	2
33700	-209.941780067104	4	2	1
33800	-222.847364412749	7	4	2
33900	-217.439217266914	6	3	1
34000	-219.667886616797	5	3	1
34100	-219.363982608165	5	2	3
34200	-210.922573043471	4	3	2
34300	-216.522095931073	4	5	2
34400	-220.579284735235	5	4	1
34500	-218.64775334268	3	2	3
34600	-224.227930592963	4	3	2
34700	-225.210683172664	6	1	2
34800	-216.205344630482	5	2	2
34900	-225.738899501543	7	3	1
35000	-209.306628851971	4	3	1
35100	-214.696043497491	6	2	1
35200	-215.926581847378	5	3	2
35300	-227.560052602575	7	2	1
35400	-221.442472346411	4	6	1
35500	-220.638951459607	6	3	3
35600	-225.305534071183	6	1	1
35700	-227.067316734316	6	3	2
35800	-221.104173867427	5	2	1
35900	-226.758386771662	4	4	2
36000	-215.47180073824	3	3	1
36100	-215.555555181694	2	4	2
36200	-217.709880828068	2	2	2
36300	-219.222443322209	2	5	2
36400	-226.329955583843	3	4	5
36500	-227.664644654013	5	1	2
36600	-226.271487257127	7	1	1
36700	-214.925421164365	4	3	1
36800	-215.428526771591	4	2	2
36900	-223.195511538403	6	3	2
37000	-221.40584935737	6	4	1
37100	-216.584568845009	4	2	3
37200	-220.44917877607	4	3	3
37300	-223.445944556933	4	3	1
37400	-229.892779881508	4	5	1
37500	-219.412987629744	6	4	2
37600	-214.916059588482	4	4	2
37700	-222.60190735259	5	5	0
37800	-226.320766527427	6	4	2
37900	-219.590498265505	3	5	2
38000	-222.998601647136	5	3	3
38100	-222.612770672811	5	2	3
38200	-223.704447394093	8	4	3
38300	-217.918943017935	4	3	2
38400	-216.706977178312	5	1	0
38500	-225.461914080234	7	5	1
38600	-224.457141049448	6	3	2
38700	-210.098746004953	3	2	3
38800	-217.059868731784	3	2	2
38900	-218.187701561785	4	6	3
39000	-215.777858324056	5	2	3
39100	-218.536942572302	4	3	3
39200	-214.995884415595	4	4	2
39300	-216.195480895656	5	2	3
39400	-227.090448826183	5	4	3
39500	-228.395788421106	5	4	1
39600	-219.569266551301	3	3	2
39700	-229.528868186464	8	3	1
39800	-221.195651166219	4	2	1
39900	-220.37128570979	4	3	2
40000	-221.41872447697	4	2	0
40100	-227.432992596358	6	4	1
40200	-219.251575416318	6	3	1
40300	-224.123092594137	5	4	1
40400	-223.745713230382	7	5	2
40500	-224.613331532389	7	2	1
40600	-219.808878533989	5	6	0
40700	-222.30970312954	6	4	1
40800	-222.327592274631	6	5	2
40900	-214.742084519371	5	2	0
41000	-213.042431739748	4	4	1
41100	-227.592114721235	5	5	2
41200	-216.421051881914	4	3	2
41300	-220.953294454767	7	4	0
41400	-220.346208815647	7	3	1
41500	-232.602059254577	7	5	1
41600	-221.354853239234	6	5	1
41700	-218.316469770538	5	2	3
41800	-214.508859072434	7	2	1
41900	-215.245981258688	5	4	3
42000	-212.863357158373	3	1	2
42100	-221.304919708667	4	3	3
42200	-226.530146004339	5	4	3
42300	-218.831405308847	3	1	2
42400	-222.172113753576	4	4	4
42500	-218.231370155455	4	2	4
42600	-210.376060677023	3	4	2
42700	-213.604367294051	3	3	3
42800	-212.207634891549	3	1	4
42900	-218.276419149174	3	4	2
43000	-213.108060140429	3	2	2
43100	-213.966932622826	3	3	3
43200	-219.311692706261	3	4	5
43300	-219.050442677086	6	1	1
43400	-217.336693595503	6	1	2
43500	-216.042466425394	4	2	0
43600	-220.792099344674	5	3	1
43700	-225.454895389279	3	5	2
43800	-219.64022916504	2	2	3
43900	-212.015357379031	3	1	3
44000	-215.753093272745	4	2	3
44100	-213.462496992688	3	1	3
44200	-213.139997013807	3	3	3
44300	-221.074498942906	3	5	4
44400	-223.018199407213	4	6	2
44500	-213.293642517884	3	5	3
44600	-220.967011127853	3	3	3
44700	-210.742783795942	3	1	2
44800	-216.609690067178	3	2	2
44900	-210.654848739632	3	1	3
45000	-222.453208589931	3	4	2
45100	-222.390919627053	3	3	3
45200	-211.889365982313	4	3	1
45300	-213.015366570324	4	3	2
45400	-225.497278863539	5	2	1
45500	-220.704928313933	4	4	2
45600	-216.146026690425	6	3	2
45700	-216.474989301581	5	1	0
45800	-214.686884663936	5	3	1
45900	-222.940367064966	6	1	0
46000	-218.744814874778	5	2	2
46100	-211.830305326759	5	3	1
46200	-215.744480109036	4	3	2
46300	-223.425838726819	4	2	2
46400	-221.562961529893	4	4	1
46500	-223.127994648141	6	4	2
46600	-214.909490529355	3	3	4
46700	-214.743704077807	4	4	3
46800	-220.797511473313	3	5	3
46900	-218.251464867581	3	2	3
47000	-218.972052377778	5	5	3
47100	-229.9663532205	3	8	3
47200	-228.892027649175	2	7	6
47300	-213.284813485796	2	2	3
47400	-215.561784117425	3	1	3
47500	-216.160323343506	2	2	3
47600	-219.055949436666	5	3	3
47700	-221.427002429419	5	1	2
47800	-216.340654667898	4	3	1
47900	-212.260752319309	5	4	1
48000	-222.205436575593	6	3	1
48100	-223.899169186579	8	3	2
48200	-220.26694950063	6	2	2
48300	-213.991282023433	3	3	3
48400	-214.125309749399	4	3	3
48500	-217.695573963097	4	5	3
48600	-218.440224580823	4	2	3
48700	-222.065509422507	4	3	1
48800	-230.624932675792	2	4	3
48900	-216.653814202205	3	1	3
49000	-214.601069890338	3	2	3
49100	-226.952665368501	6	3	2
49200	-218.359725932818	5	4	0
49300	-214.813680179789	6	2	1
49400	-216.876854408068	5	3	1
49500	-215.785443118888	5	1	1
49600	-213.109496531908	5	4	1
49700	-215.534707222052	5	1	1
49800	-225.792852267332	5	3	2
49900	-221.472727340324	6	4	0
50000	-217.341475521931	5	2	2
50100	-227.025640523479	6	1	1
50200	-231.284080623795	8	2	2
50300	-219.535518196062	6	4	2
50400	-215.576034783751	4	2	3
50500	-222.237224784764	6	3	3
50600	-210.169155949083	4	4	2
50700	-213.036185760452	4	2	1
50800	-225.453226581263	7	2	1
50900	-230.472764723056	3	4	3
51000	-221.096371688197	4	1	1
51100	-221.064105781845	6	1	1
51200	-218.429554202609	4	5	1
51300	-233.448201157519	7	4	0
51400	-214.542657855941	3	2	2
51500	-214.558868683562	2	4	3
51600	-215.277367403088	2	3	4
51700	-214.491360719307	2	5	2
51800	-218.377998976785	5	4	2
51900	-220.669191156248	3	4	1
52000	-210.683716623191	3	2	3
52100	-215.6082781316	3	4	4
52200	-214.962941057456	3	1	3
52300	-214.594888119792	5	1	1
52400	-214.233855270009	5	2	2
52500	-219.925005484055	6	2	2
52600	-224.679965344184	7	2	1
52700	-213.846088965922	5	2	1
52800	-219.970716125658	4	3	2
52900	-218.828975589176	5	4	2
53000	-226.160572063824	8	3	2
53100	-222.162352616661	6	5	1
53200	-221.518690426774	6	5	2
53300	-227.582268482517	7	2	0
53400	-216.296958129142	5	3	1
53500	-216.073122400335	6	2	1
53600	-223.060697127995	7	2	1
53700	-215.446983819302	5	3	2
53800	-228.313519672706	6	7	1
53900	-225.745289789611	5	5	2
54000	-219.603886872724	3	4	4
54100	-219.875190407183	3	3	2
54200	-212.024829665292	3	1	3
54300	-222.892623560614	4	4	3
54400	-232.627242185626	9	4	2
54500	-219.174480677142	4	3	1
54600	-226.513130563552	5	2	0
54700	-216.197710504756	6	1	0
54800	-219.061326239524	5	4	2
54900	-209.971503001928	4	3	1
55000	-219.335960805236	4	3	2
55100	-238.824879292823	8	3	1
55200	-227.615700335726	5	2	0
55300	-216.600607796708	4	2	0
55400	-218.238525957241	3	1	1
55500	-216.63106600439	4	3	2
55600	-214.309571857987	2	4	2
55700	-217.313715163659	3	2	2
55800	-214.053385844063	4	2	1
55900	-221.073536781077	4	1	1
56000	-217.399273521394	4	3	2
56100	-217.309505275994	4	2	2
56200	-220.492820249681	4	6	2
56300	-216.065327369166	5	2	2
56400	-227.098078043971	7	3	1
56500	-212.798056961488	5	4	0
56600	-211.49922398005	5	3	1
56700	-220.079520771984	7	4	2
56800	-214.690643527723	6	2	2
56900	-233.441092488984	6	5	2
57000	-226.042446882542	7	2	2
57100	-235.880698622904	9	3	2
57200	-208.227402121887	4	4	1
57300	-219.330104954357	6	2	1
57400	-218.44608885649	5	4	1
57500	-218.163537108118	7	5	1
57600	-223.267784339495	7	3	2
57700	-217.636863417897	6	1	1
57800	-216.452519511883	5	3	1
57900	-226.572056761275	6	3	2
58000	-218.058164683296	4	8	3
58100	-216.323201288104	4	2	0
58200	-213.301947034681	4	3	1
58300	-210.167589277919	4	5	2
58400	-222.028988916365	8	3	1
58500	-216.408284955502	6	3	1
58600	-220.20958799646	6	4	1
58700	-214.465769854865	5	3	1
58800	-214.388516390529	4	4	1
58900	-217.97130344581	7	2	1
59000	-211.533547855648	4	2	1
59100	-215.987607261195	4	4	0
59200	-222.162444782488	6	2	2
59300	-217.056901433194	6	1	2
59400	-226.98283178901	7	5	1
59500	-226.042006519588	6	4	4
59600	-224.241399723802	7	2	0
59700	-219.035138655624	6	4	1
59800	-222.572702578954	7	1	2
59900	-218.29499024417	7	2	2
60000	-223.383073946477	5	2	2
60100	-214.468351325934	5	1	1
60200	-225.151505259269	4	4	1
60300	-224.876206643584	6	4	2
60400	-220.020863735912	5	4	3
60500	-218.886622948711	3	5	1
60600	-228.839103296313	5	4	0
60700	-225.135004393542	5	6	2
60800	-220.73236090976	3	1	2
60900	-221.890832930657	6	4	0
61000	-229.583048826813	5	2	1
61100	-216.751006855304	4	3	1
61200	-219.829075436623	3	5	0
61300	-216.565054242546	5	2	1
61400	-224.7474365151	6	2	1
61500	-224.045914110876	4	1	1
61600	-230.289887768451	5	5	2
61700	-222.910621833551	3	5	3
61800	-215.709807268202	4	2	1
61900	-218.591333566484	4	3	0
62000	-216.135858683815	4	1	2
62100	-223.080798492869	4	2	1
62200	-222.900819414903	5	2	1
62300	-212.865845995982	4	1	2
62400	-213.762522929308	4	3	3
62500	-216.800510136758	5	1	2
62600	-223.455378958421	5	4	3
62700	-225.199036433191	4	3	1
62800	-213.741163928146	4	5	3
62900	-220.902905990846	4	7	2
63000	-220.261182839647	4	2	3
63100	-211.919423735925	4	3	1
63200	-220.370701961566	6	2	1
63300	-213.148611439746	4	1	2
63400	-224.732108143684	6	3	2
63500	-224.318285434534	5	5	1
63600	-214.53669714685	4	2	1
63700	-215.120097275553	4	3	0
63800	-219.522650365634	3	3	0
63900	-214.455066161335	3	4	1
64000	-224.836499894715	6	2	2
64100	-220.351807331975	5	2	1
64200	-222.310771438166	8	2	0
64300	-233.977145449813	9	5	1
64400	-220.941703405078	6	1	1
64500	-223.213470435041	7	1	1
64600	-217.499509666508	6	3	2
64700	-221.736024399776	7	1	2
64800	-219.242726057555	4	5	1
64900	-221.680831800717	6	2	1
65000	-223.41649256647	7	2	1
65100	-221.726213377065	6	2	1
65200	-221.414118465531	6	4	1
65300	-223.135618105967	7	1	2
65400	-215.596675781147	5	4	2
65500	-209.412483926792	4	3	1
65600	-223.609637753573	7	4	3
65700	-219.093016967613	6	2	2
65800	-210.968083635242	4	1	1
65900	-218.963368576004	4	3	2
66000	-218.062480465308	4	3	1
66100	-218.437957486379	5	3	2
66200	-217.659992083814	5	5	0
66300	-214.55393690427	5	1	0
66400	-214.635590072584	5	3	1
66500	-219.909680874578	5	5	1
66600	-215.602831121493	4	4	2
66700	-225.497626053455	6	3	1
66800	-216.491754570137	5	2	1
66900	-213.345984325325	4	3	2
67000	-227.17776786508	9	2	1
67100	-217.172335633445	4	2	1
67200	-214.962279812374	4	1	3
67300	-219.550978301171	4	4	3
67400	-230.395380266566	5	3	1
67500	-224.571716274014	4	3	2
67600	-223.664756297037	4	2	0
67700	-227.118248705457	6	4	0
67800	-221.79846760958	6	3	2
67900	-224.47640747668	2	6	3
68000	-213.798726682164	3	3	2
68100	-226.305058018373	7	3	1
68200	-223.194222889566	6	1	3
68300	-216.698368432278	4	1	2
68400	-232.835130346284	9	2	2
68500	-220.736559061052	4	3	2
68600	-221.82789271224	4	3	3
68700	-216.233545196432	3	3	3
68800	-220.132438615245	3	4	0
68900	-218.855880782821	3	4	5
69000	-228.17372121659	5	4	3
69100	-223.572440566146	6	4	3
69200	-220.821914216218	5	2	1
69300	-223.626322391273	5	4	1
69400	-220.342976870103	5	3	3
69500	-235.612877057278	9	3	2
69600	-219.561418658447	6	6	2
69700	-217.403633930666	5	1	2
69800	-219.285780319084	5	3	2
69900	-213.653953670365	4	5	3
70000	-214.859246290915	4	2	2
70100	-214.840478439031	4	1	0
70200	-217.602660638119	4	3	1
70300	-212.870073197498	5	4	2
70400	-225.292511855146	6	2	2
70500	-228.198116381392	6	3	3
70600	-220.449104423425	5	3	0
70700	-234.616136865443	6	3	1
70800	-221.209334425361	4	4	2
70900	-223.907759340125	4	2	1
71000	-221.107809731648	7	1	2
71100	-219.415240543228	7	3	1
71200	-226.917477979253	8	2	1
71300	-221.951901238114	7	5	0
71400	-220.457881607943	4	4	1
71500	-228.782620057907	5	4	0
71600	-213.811458055405	4	2	0
71700	-232.896752865691	8	2	0
71800	-221.095781147821	6	2	2
71900	-220.795065432472	6	1	3
72000	-215.565025203235	5	4	2
72100	-214.261029988071	4	1	2
72200	-214.813588853113	3	2	3
72300	-217.607854911239	4	4	2
72400	-222.225374864568	4	2	2
72500	-222.360562255733	4	3	2
72600	-220.12365268048	3	2	2
72700	-219.28492397573	5	5	2
72800	-210.455829604155	4	3	1
72900	-213.359945527589	4	4	0
73000	-222.565518645346	7	1	1
73100	-218.651146568299	7	3	1
73200	-216.054414226074	4	1	3
73300	-223.486443008986	7	4	3
73400	-223.887542678303	8	6	2
73500	-225.215476335432	7	3	0
73600	-223.931282991691	6	2	1
73700	-217.419994247127	4	2	1
73800	-223.594867741377	6	3	1
73900	-231.188360986027	5	6	1
74000	-225.005902978556	4	2	1
74100	-230.147108140831	7	1	1
74200	-228.879554845738	6	1	1
74300	-226.056966453955	7	5	1
74400	-232.57884441158	7	2	1
74500	-223.185061023809	4	1	2
74600	-230.592850847203	4	4	3
74700	-225.034119870829	5	1	2
74800	-222.453651511385	3	5	2
74900	-218.665271744798	2	3	2
75000	-215.961230697668	2	2	3
75100	-219.509790641509	2	5	4
75200	-219.484482462262	3	4	2
75300	-218.104627314365	3	1	3
75400	-228.422879730802	6	3	3
75500	-223.991439937467	6	3	1
75600	-222.537925771634	5	1	2
75700	-216.954409754172	5	2	1
75800	-212.889789419519	4	4	2
75900	-216.847913930453	5	2	2
76000	-229.489796961306	8	3	2
76100	-224.888808033825	9	3	1
76200	-225.754300310445	8	3	0
76300	-221.86409121685	6	4	2
76400	-213.749239014919	3	1	2
76500	-216.08044761642	3	1	3
76600	-225.186776822957	4	3	5
76700	-217.858336638793	6	2	2
76800	-222.383019463873	7	2	1
76900	-230.92197925968	6	2	3
77000	-227.048847429489	7	3	2
77100	-223.852643202238	6	4	2
77200	-222.202346309196	5	4	2
77300	-218.537544040827	3	3	0
77400	-218.616268258341	3	3	0
77500	-228.913748304785	4	5	3
77600	-233.130585823257	6	3	1
77700	-214.705173705424	3	3	3
77800	-211.452475761724	5	2	1
77900	-215.512710547555	5	3	1
78000	-227.814682289624	3	9	2
78100	-218.284649591554	4	4	3
78200	-213.797966479851	4	4	3
78300	-221.31881482861	3	3	2
78400	-225.085619845166	5	3	2
78500	-213.72495507113	4	2	3
78600	-223.483628077531	4	2	2
78700	-217.448067789407	3	4	2
78800	-219.136839652202	5	2	2
78900	-222.362977719852	6	3	1
79000	-225.357858318043	6	1	1
79100	-220.224351630669	5	2	1
79200	-216.565475652044	5	2	0
79300	-215.473766583726	5	1	1
79400	-223.473158262658	7	4	1
79500	-215.204205361631	6	1	2
79600	-225.024977026821	8	1	2
79700	-213.92356632922	5	3	3
79800	-209.768989645545	3	4	3
79900	-215.509520880671	4	4	2
80000	-220.18496019622	4	1	1
80100	-220.252898150206	5	2	2
80200	-222.485149144087	3	1	3
80300	-226.03570578971	5	2	1
80400	-224.20880214061	4	2	3
80500	-224.965713237018	5	3	2
80600	-208.1930943439	4	3	2
80700	-228.545252834501	8	2	1
80800	-224.529551265416	6	5	0
80900	-214.431960377386	6	1	1
81000	-217.77007141882	6	2	1
81100	-214.71532447731	6	2	1
81200	-225.785912154603	5	1	1
81300	-213.700765186562	4	2	1
81400	-219.617828481928	5	2	1
81500	-211.00633523665	4	2	2
81600	-213.393423098885	4	3	0
81700	-224.077773725827	6	4	1
81800	-215.700127293918	3	3	1
81900	-228.288616223315	6	3	3
82000	-218.160866248289	5	3	2
82100	-213.842772721841	3	4	0
82200	-215.076370573482	5	2	1
82300	-222.92386775124	5	2	2
82400	-223.277123634991	8	1	1
82500	-217.306631607817	4	3	2
82600	-220.255327923143	4	4	3
82700	-212.282258281335	3	2	3
82800	-220.321129793996	4	3	3
82900	-214.068688411299	3	1	2
83000	-211.841663705268	4	3	2
83100	-222.953622695888	3	5	2
83200	-221.081328779945	3	2	4
83300	-212.58168651033	5	5	1
83400	-220.725882809737	5	4	1
83500	-220.242505392552	4	3	3
83600	-213.32400042765	6	2	1
83700	-209.928491302724	4	2	1
83800	-217.964002848649	5	2	2
83900	-214.079479882679	5	4	1
84000	-218.25102264749	6	4	2
84100	-217.978282809001	7	1	1
84200	-212.323620738045	5	3	2
84300	-222.646934206308	7	1	1
84400	-213.632185663235	6	3	2
84500	-214.767464753321	5	5	1
84600	-213.887911256269	5	1	1
84700	-211.775915616251	5	3	1
84800	-220.213600300706	5	4	1
84900	-215.565377448722	5	2	1
85000	-220.431518208311	7	5	1
85100	-230.438737311303	6	7	1
85200	-216.455591377604	4	1	1
85300	-226.797544717698	9	2	3
85400	-216.979904341561	5	4	2
85500	-227.473348049602	5	5	1
85600	-228.922362648909	7	5	2
85700	-212.719551432092	4	3	2
85800	-227.10060419665	6	3	1
85900	-225.886869323799	7	4	1
86000	-219.839412589058	7	3	1
86100	-215.993145583286	5	5	2
86200	-220.534453831524	4	2	2
86300	-217.037836067311	5	2	2
86400	-218.412172263047	6	2	0
86500	-213.700943539228	6	4	2
86600	-216.255753474965	6	3	1
86700	-221.044584248203	7	4	2
86800	-224.603937816856	6	2	2
86900	-230.930417906864	8	4	1
87000	-222.513056784413	4	2	0
87100	-237.792658079169	7	2	1
87200	-217.894689950355	5	4	2
87300	-222.504346198536	8	1	1
87400	-217.534351667806	5	3	1
87500	-213.894469827121	5	3	1
87600	-218.90171215551	7	2	1
87700	-219.270372460561	5	3	1
87800	-224.299448876447	5	2	2
87900	-224.808905515098	4	4	1
88000	-224.212587765914	5	4	2
88100	-222.292840547115	6	2	2
88200	-215.803678283165	5	5	0
88300	-221.968817638113	7	3	2
88400	-220.852977811471	6	2	1
88500	-218.064281317784	6	4	2
88600	-215.675017391049	5	2	2
88700	-213.964780383781	5	1	1
88800	-220.272589554884	4	4	3
88900	-231.747119605492	7	5	1
89000	-211.992109690458	4	5	0
89100	-221.348653487079	5	6	0
89200	-211.023365087124	6	2	2
89300	-218.389487253481	5	5	1
89400	-215.085230090178	6	4	1
89500	-220.760848863197	6	2	1
89600	-222.378840505411	5	4	2
89700	-218.026592285622	4	3	2
89800	-214.975620597312	4	1	2
89900	-217.707540427177	5	3	2
90000	-219.74376228448	4	1	5
90100	-220.676169180433	6	4	2
90200	-223.401369962166	4	1	2
90300	-219.315113065998	5	4	2
90400	-210.954115373211	4	1	3
90500	-221.665127250825	5	3	1
90600	-215.99273351008	5	3	3
90700	-221.2300308003	4	1	2
90800	-215.848138754019	3	6	3
90900	-213.064219569695	3	5	3
91000	-217.67070752884	5	2	1
91100	-220.682449621103	6	2	2
91200	-214.706701929291	3	2	3
91300	-221.71413932676	3	3	3
91400	-216.481477503027	3	1	2
91500	-226.004721891193	6	2	2
91600	-213.385343332305	5	4	2
91700	-225.592298558545	4	3	3
91800	-224.279281236481	5	4	2
91900	-213.932033768637	5	4	1
92000	-215.696457053602	5	3	1
92100	-220.727183741675	7	1	1
92200	-220.146967516511	7	4	1
92300	-215.765883314826	4	3	2
92400	-212.785095477902	4	2	2
92500	-220.834295898653	5	3	2
92600	-207.242367898796	3	5	2
92700	-221.119875262711	4	4	2
92800	-218.198454823311	4	1	4
92900	-226.438536958146	6	5	3
93000	-227.090307593508	8	5	0
93100	-222.011083417232	6	1	2
93200	-218.894706852229	5	4	2
93300	-215.665338566429	5	2	1
93400	-220.085421481434	5	3	2
93500	-228.65174589061	6	2	3
93600	-221.665054046663	4	2	2
93700	-221.933443963399	4	3	1
93800	-214.548677664044	3	2	3
93900	-209.77238965592	4	3	3
94000	-214.352053035543	3	1	3
94100	-218.381008441445	5	3	3
94200	-225.010176046287	7	2	2
94300	-217.76898850398	4	4	3
94400	-221.994553179138	7	5	3
94500	-216.117992085577	6	7	1
94600	-218.020209442682	6	1	2
94700	-213.92246822014	4	2	1
94800	-213.703790716638	5	4	2
94900	-223.206838862144	4	3	3
95000	-210.818992026148	4	3	2
95100	-215.171252100334	3	4	3
95200	-222.19866935943	4	1	2
95300	-211.782936582199	3	2	2
95400	-210.909852548094	3	2	3
95500	-216.583779656814	4	2	5
95600	-215.731603872738	5	5	2
95700	-222.865874025295	7	3	1
95800	-226.515530261052	4	4	1
95900	-235.056234744348	6	3	2
96000	-217.051793321432	5	3	1
96100	-223.697839167734	6	2	0
96200	-219.153032124954	4	3	2
96300	-218.16683227063	5	4	2
96400	-229.870218204647	8	4	1
96500	-219.42263898096	5	2	2
96600	-219.457743030624	5	2	1
96700	-222.785156170166	5	4	2
96800	-214.411616630942	4	2	3
96900	-214.324325540056	5	3	1
97000	-212.085674482273	5	1	1
97100	-215.938916688751	4	1	1
97200	-217.431178977773	4	2	1
97300	-212.889675295971	4	1	1
97400	-229.429003046172	8	2	1
97500	-224.151713597441	6	4	0
97600	-218.910705461154	6	3	1
97700	-230.056788000949	4	5	2
97800	-219.751810696032	3	1	3
97900	-229.457526397981	5	2	2
98000	-235.509631919041	6	2	2
98100	-214.938635092462	5	2	0
98200	-214.269289278164	4	2	2
98300	-223.324383748258	5	4	1
98400	-211.746323713656	5	4	1
98500	-219.747805028975	4	4	0
98600	-213.19882464168	4	1	1
98700	-211.623699489484	4	3	1
98800	-215.22485210708	4	2	2
98900	-234.49273651748	9	1	1
99000	-212.930272004802	4	4	2
99100	-223.071303318946	5	3	1
99200	-218.6987594549	6	3	1
99300	-216.600379907894	4	6	1
99400	-224.891641793031	7	2	2
99500	-215.526047918021	4	2	2
99600	-224.977422325042	8	4	2
99700	-230.853951246782	9	2	0
99800	-218.840061747093	5	3	1
99900	-220.20126072962	6	1	0
1e+05	-217.337773174741	5	5	1
100100	-219.250367565219	5	2	2
100200	-220.911352013857	6	3	1
100300	-218.01262802825	4	4	3
100400	-212.841257490477	3	2	2
100500	-212.963883689274	3	4	2
100600	-221.882153037895	5	2	2
100700	-217.566576191059	4	5	1
100800	-224.15359956754	5	6	1
100900	-229.613679551581	6	4	2
101000	-220.099166397651	3	5	2
101100	-224.174562307163	3	4	3
101200	-223.964847775064	5	2	2
101300	-223.328050950075	6	2	1
101400	-216.359069331868	4	2	2
101500	-220.15648158366	5	7	2
101600	-233.611673888923	6	4	0
101700	-217.913442799353	4	3	0
101800	-223.166225511656	8	2	2
101900	-227.358240525205	4	6	1
102000	-223.749761859117	3	2	0
102100	-217.274169845526	5	3	1
102200	-216.989688133102	3	5	1
102300	-227.449322051787	3	3	2
102400	-219.285602987164	4	2	2
102500	-225.074608581258	5	1	1
102600	-221.860521039944	6	2	1
102700	-229.712532240145	7	7	2
102800	-216.525968295954	6	1	0
102900	-225.942269815553	8	5	3
103000	-216.355889236931	5	2	1
103100	-226.236630276117	7	1	2
103200	-219.862547500876	5	7	2
103300	-214.481158769901	4	4	1
103400	-221.49804190191	7	2	2
103500	-213.80287711878	6	2	1
103600	-215.246357369063	6	4	3
103700	-216.589953483111	6	3	1
103800	-215.091254356005	6	5	1
103900	-221.578966909717	5	4	3
104000	-221.032712237904	6	4	0
104100	-220.335328131751	5	2	3
104200	-217.471169061935	6	3	2
104300	-219.609477083129	6	1	1
104400	-221.878311573106	5	5	1
104500	-230.679879849408	6	2	2
104600	-219.509388874668	5	1	0
104700	-223.669366665475	6	3	0
104800	-221.41078351432	3	3	1
104900	-221.351626739227	4	3	2
105000	-225.392083679248	5	1	2
105100	-226.301809540769	7	5	0
105200	-221.168161974978	4	4	3
105300	-227.023243273276	8	2	1
105400	-219.418678322352	4	4	2
105500	-217.951652000946	3	1	3
105600	-218.298952457307	2	2	3
105700	-222.805686737284	5	6	1
105800	-225.553703568535	7	3	1
105900	-218.740205477805	7	1	2
106000	-222.806952267225	6	2	0
106100	-219.70043436725	5	3	0
106200	-217.110104604641	5	3	2
106300	-220.936782265237	6	2	1
106400	-223.812344676343	6	1	0
106500	-217.432546341045	5	6	0
106600	-220.601320144624	5	1	1
106700	-212.07328817636	4	3	1
106800	-219.405401323123	4	5	1
106900	-216.759096668101	6	4	1
107000	-213.806724432287	5	4	0
107100	-222.814147628299	6	1	1
107200	-222.290400685187	7	2	0
107300	-221.949035390065	6	4	1
107400	-215.128151574641	4	2	3
107500	-219.243522220404	7	2	2
107600	-219.617170013574	3	4	3
107700	-220.414443212799	4	4	0
107800	-228.039370358168	3	3	1
107900	-229.152445781931	4	5	2
108000	-218.000658523285	2	1	4
108100	-217.981141433474	2	3	2
108200	-214.323225141751	3	4	2
108300	-223.440369916525	5	4	3
108400	-226.373057166635	6	1	1
108500	-224.134026949586	7	3	2
108600	-216.442205518634	5	1	2
108700	-216.370694243449	5	4	1
108800	-217.061822271887	4	2	2
108900	-217.563126521157	5	2	2
109000	-215.102443197545	4	2	2
109100	-224.371869808943	6	2	2
109200	-218.347469892421	4	4	1
109300	-210.315307328437	4	1	1
109400	-225.468565261443	5	2	2
109500	-219.157959667707	6	3	2
109600	-217.882403053656	5	2	2
109700	-219.149458050347	6	2	3
109800	-224.574898498305	5	4	4
109900	-220.439211891043	6	2	2
110000	-217.931530429067	5	3	1
110100	-222.048974284025	4	3	2
110200	-214.43310001876	3	2	3
110300	-218.657292398105	3	6	3
110400	-219.173142180026	3	6	3
110500	-212.995599741302	3	1	2
110600	-223.337035026608	3	4	4
110700	-215.351087383639	3	2	3
110800	-208.609116721569	3	2	3
110900	-213.784795752316	3	3	2
111000	-221.189070337334	4	3	5
111100	-214.543896083941	3	5	3
111200	-211.674749926329	3	1	3
111300	-219.652749277521	4	1	3
111400	-216.390370778668	4	1	2
111500	-216.935385551197	4	1	4
111600	-213.634786266217	4	4	3
111700	-209.471240269501	3	2	3
111800	-213.768891975224	3	4	3
111900	-212.514228538832	3	4	2
112000	-218.050152744055	3	4	2
112100	-212.368038266209	3	4	3
112200	-220.010769008545	4	2	5
112300	-212.250027554629	4	5	3
112400	-216.179984549492	5	3	2
112500	-214.073327390119	3	3	3
112600	-224.017699849868	5	4	2
112700	-222.564341938489	5	6	3
112800	-225.206481522665	6	2	2
112900	-214.153866312941	4	2	2
113000	-214.458514784593	4	2	2
113100	-217.936049293538	4	2	1
113200	-214.19529882556	3	4	3
113300	-223.076641132574	3	2	1
113400	-208.794283879999	3	5	3
113500	-221.172744149054	5	2	2
113600	-217.199623816799	6	1	1
113700	-227.646897218834	7	2	2
113800	-222.615296695011	4	4	1
113900	-218.555343054349	4	1	4
114000	-221.097553052188	5	3	1
114100	-230.696047433111	8	2	1
114200	-227.964278286908	8	5	1
114300	-221.848699962285	5	3	3
114400	-213.60977590199	5	2	1
114500	-218.730431241438	4	2	2
114600	-219.392959796965	5	1	3
114700	-227.915616982238	6	2	3
114800	-213.562620404518	3	4	3
114900	-218.287280871325	4	5	3
115000	-216.726760484909	5	3	2
115100	-218.10345068478	6	1	1
115200	-216.530236034842	6	1	1
115300	-223.643666805731	6	1	1
115400	-215.577429048837	5	2	1
115500	-220.60329100795	5	2	2
115600	-224.943850342384	7	4	3
115700	-216.359997202725	6	4	1
115800	-221.059479576247	6	7	2
115900	-211.775309128468	3	3	3
116000	-211.680290461221	4	3	2
116100	-220.649713048309	5	5	3
116200	-212.088989427395	4	3	2
116300	-217.625801790995	6	3	1
116400	-215.333373752002	4	3	4
116500	-218.107320401604	6	2	2
116600	-228.768865620584	5	5	3
116700	-217.953634470942	4	4	3
116800	-219.968665059552	4	2	1
116900	-219.394044489029	7	1	1
117000	-211.216413626474	4	4	3
117100	-218.524869518077	3	2	3
117200	-227.326065167364	3	2	2
117300	-216.607402179986	3	1	1
117400	-225.276083338772	4	5	2
117500	-231.657922748776	7	4	2
117600	-215.484462132348	4	2	0
117700	-221.571662229751	6	1	0
117800	-226.095780822256	7	4	1
117900	-219.335379495654	7	3	2
118000	-210.634840927747	4	1	1
118100	-214.564831992052	5	3	1
118200	-218.737639867002	6	1	0
118300	-211.698412826439	4	3	1
118400	-215.611800542608	4	1	1
118500	-222.32845175044	6	4	0
118600	-224.826624380608	7	7	1
118700	-222.02147902781	4	5	2
118800	-221.791631001069	4	4	2
118900	-219.962320299266	5	2	1
119000	-227.404109630911	7	3	1
119100	-222.527860705353	8	2	2
119200	-215.371944745245	4	1	2
119300	-212.045282409114	4	1	3
119400	-219.328878330028	5	3	2
119500	-219.68173891618	6	6	1
119600	-217.073827419264	5	4	0
119700	-216.145739071338	6	1	2
119800	-225.195549146121	9	2	1
119900	-217.884775279531	4	2	2
120000	-218.149743176661	6	1	1
120100	-221.188554244975	4	2	2
120200	-223.360017710315	6	2	2
120300	-230.376504472299	4	2	2
120400	-223.37130299131	6	3	2
120500	-219.041946411742	3	2	2
120600	-226.867371389356	7	1	1
120700	-224.031353747314	6	3	1
120800	-222.328872502091	4	3	2
120900	-215.684951116336	4	1	2
121000	-224.537060700795	5	2	2
121100	-221.738099263698	4	4	1
121200	-213.79551861869	5	3	2
121300	-221.468894551287	5	4	2
121400	-214.695221428828	5	2	2
121500	-223.759645954622	7	3	1
121600	-220.697984874053	5	5	2
121700	-219.389730522148	5	1	2
121800	-223.191316668229	7	3	1
121900	-225.22549290429	6	2	1
122000	-217.847068328775	5	3	1
122100	-216.432909619465	5	5	2
122200	-220.687190293925	6	4	0
122300	-220.317017471038	6	1	2
122400	-227.58405444264	6	5	0
122500	-215.572074766725	6	3	3
122600	-219.143704572259	5	2	3
122700	-220.048491895378	6	1	1
122800	-225.585613304447	6	4	1
122900	-211.322048292062	4	1	2
123000	-212.96223171049	3	2	2
123100	-210.724362975423	3	2	2
123200	-213.606981336325	3	5	2
123300	-218.707126809686	5	3	1
123400	-226.094929855999	6	5	1
123500	-227.476551145738	7	1	2
123600	-226.885750871372	3	6	3
123700	-216.366734211307	3	2	2
123800	-222.944799877287	8	4	2
123900	-218.426940847923	6	2	1
124000	-219.768479253823	7	3	2
124100	-210.512637147507	4	3	3
124200	-217.809282806214	3	4	4
124300	-212.059010728069	3	4	1
124400	-225.67715769415	7	4	1
124500	-220.008890527795	6	2	2
124600	-227.82474425329	8	6	1
124700	-219.548968501184	4	2	4
124800	-221.322867911321	4	3	2
124900	-217.232371454388	5	2	3
125000	-218.797669796443	5	3	2
125100	-216.312007198973	5	3	2
125200	-216.934293901844	4	6	2
125300	-220.207818005952	6	1	0
125400	-217.252730398277	6	3	0
125500	-219.78867008957	6	3	1
125600	-220.713441762829	6	3	1
125700	-221.531251412348	2	4	2
125800	-220.321099780769	2	4	4
125900	-222.615604655918	3	5	2
126000	-217.471590427423	3	2	2
126100	-228.69479234273	4	4	2
126200	-225.620052768353	5	1	1
126300	-229.312662013154	6	4	0
126400	-221.20018281763	6	2	1
126500	-216.923775493526	6	2	1
126600	-213.344165209608	4	3	3
126700	-234.676282834289	7	4	1
126800	-219.429486654667	5	2	1
126900	-220.615216123473	6	2	1
127000	-222.019158117644	7	2	1
127100	-218.778287250885	6	2	0
127200	-216.897008548589	6	3	2
127300	-217.432039459313	5	3	1
127400	-215.311325200443	4	2	0
127500	-219.057023306447	5	2	2
127600	-224.854019431553	7	5	1
127700	-214.892547125668	4	1	2
127800	-224.640099087804	5	2	5
127900	-224.529980140171	6	3	1
128000	-221.887542482016	7	2	1
128100	-219.8467770672	6	3	0
128200	-219.297825534778	7	2	1
128300	-222.016902596756	6	2	0
128400	-218.093127407446	4	3	1
128500	-215.797437881521	2	2	3
128600	-220.149455708885	4	1	1
128700	-221.631877802647	4	2	3
128800	-217.428633416215	4	1	2
128900	-221.738762533781	5	3	2
129000	-227.810357353214	4	4	2
129100	-222.799388244492	4	4	2
129200	-225.765442111763	6	2	1
129300	-232.675330908081	7	5	1
129400	-217.431273510271	5	2	2
129500	-231.383980739619	7	2	0
129600	-217.523247837556	5	4	1
129700	-228.223836136169	6	3	0
129800	-222.229870353527	6	1	2
129900	-213.469231562746	4	4	3
130000	-214.725430238809	5	2	3
130100	-217.314922628841	6	1	1
130200	-211.107471943358	4	4	1
130300	-231.489345863881	5	2	2
130400	-217.891206235456	5	3	1
130500	-218.084527034251	4	3	1
130600	-224.245539932346	6	1	1
130700	-220.561579584949	5	1	1
130800	-218.36836570379	4	3	1
130900	-223.240887202006	5	2	1
131000	-223.295465260822	6	2	1
131100	-221.113235928233	4	2	2
131200	-222.887437915728	5	1	1
131300	-216.023277416869	6	2	1
131400	-215.363315206997	5	2	1
131500	-213.588799917313	6	3	1
131600	-223.546360134537	4	6	2
131700	-215.254078502392	5	3	1
131800	-211.121571919746	4	3	1
131900	-221.922852215083	7	5	1
132000	-220.252584616349	6	3	2
132100	-216.87308639207	4	4	2
132200	-221.870548400825	4	4	0
132300	-226.296094429597	6	1	1
132400	-214.216107308577	5	3	0
132500	-219.888240237294	4	6	1
132600	-214.816125093964	4	4	2
132700	-229.901846314089	9	3	1
132800	-212.618385343395	4	1	0
132900	-217.829353130446	5	6	2
133000	-213.870501861746	4	3	1
133100	-218.393353797176	4	4	2
133200	-216.816281445881	3	6	2
133300	-212.128113216505	3	1	2
133400	-221.057638287066	5	5	1
133500	-213.00635087818	3	4	2
133600	-215.046836154745	5	7	2
133700	-227.205854306437	8	2	0
133800	-224.900713988868	6	2	3
133900	-222.368001366531	6	2	1
134000	-217.366034593515	4	4	3
134100	-221.300303397261	5	3	2
134200	-219.001987018195	5	5	1
134300	-221.642815091684	6	2	2
134400	-215.079048917017	4	3	1
134500	-215.158390836785	5	2	1
134600	-213.659266101584	5	1	1
134700	-221.95577805885	7	2	2
134800	-220.092389388882	5	2	1
134900	-215.439704373766	4	6	1
135000	-229.333965972733	6	5	0
135100	-221.129195374828	7	2	1
135200	-216.264227310053	5	2	3
135300	-214.654714732608	5	2	1
135400	-224.502058884288	8	3	1
135500	-216.163394771923	4	2	1
135600	-209.951280743393	4	2	1
135700	-227.085111712407	7	1	1
135800	-214.622843459602	4	1	2
135900	-231.081226979185	8	5	2
136000	-214.254602185742	5	2	2
136100	-216.586039592332	5	4	1
136200	-214.29819064116	5	1	1
136300	-225.511992753465	6	1	0
136400	-221.097091073565	3	1	3
136500	-216.332609488218	4	5	1
136600	-217.829802636461	5	1	1
136700	-216.345182008037	4	1	3
136800	-220.025338751773	3	5	1
136900	-217.05695603968	3	1	2
137000	-227.122533530791	5	4	3
137100	-226.946568779314	3	3	4
137200	-216.872982188833	4	2	2
137300	-217.819920017008	3	2	1
137400	-223.800587426561	3	2	4
137500	-222.856894983577	4	5	3
137600	-220.502679757259	3	3	2
137700	-216.044013017039	4	2	2
137800	-233.208016774172	5	5	0
137900	-215.880837785758	6	2	1
138000	-228.791096220122	8	2	2
138100	-211.891301889017	5	3	1
138200	-213.710240497197	5	2	1
138300	-217.006604469528	4	2	1
138400	-224.792204142711	7	3	2
138500	-214.401325035175	4	1	2
138600	-220.018189771752	4	4	2
138700	-217.712676140662	4	1	1
138800	-218.643574362364	6	2	1
138900	-227.952833447998	7	6	1
139000	-226.167093622851	5	2	2
139100	-224.963062450749	3	2	0
139200	-218.843894217892	4	3	2
139300	-218.73348848676	5	2	1
139400	-221.781601097913	3	4	1
139500	-216.617983994394	3	4	1
139600	-225.401020076481	5	1	2
139700	-223.374338290897	4	2	0
139800	-223.158121733189	7	3	1
139900	-219.44641495701	4	3	0
140000	-218.210276168909	7	3	1
140100	-222.229641201551	5	5	1
140200	-224.192162407647	6	2	2
140300	-223.729934532561	5	5	2
140400	-218.110880631084	6	2	1
140500	-225.361228627278	5	2	0
140600	-226.066040043497	7	3	1
140700	-225.866374429195	6	1	2
140800	-214.743203079791	4	3	2
140900	-218.802094451909	4	2	4
141000	-217.894572004574	4	3	4
141100	-223.091981876935	6	4	3
141200	-216.770056961839	4	3	1
141300	-216.186776671297	4	3	3
141400	-217.737515340253	6	2	3
141500	-213.591367323107	4	3	3
141600	-222.493249146913	3	6	2
141700	-216.752745386086	4	3	2
141800	-211.588018690708	4	5	1
141900	-215.402036661198	5	4	2
142000	-221.162820547627	4	3	2
142100	-219.775651034015	3	4	4
142200	-222.993605110804	2	4	2
142300	-216.94478316858	4	2	3
142400	-216.799629126942	5	4	1
142500	-227.324718835385	6	1	2
142600	-221.974977219401	6	1	1
142700	-219.223218246387	5	2	2
142800	-214.390744154381	4	3	1
142900	-226.005567513759	7	1	1
143000	-213.851196852937	4	3	1
143100	-221.887399820184	7	2	2
143200	-219.841445165498	6	2	2
143300	-221.209082119265	6	2	1
143400	-219.385671322793	5	3	1
143500	-217.417663457853	4	2	2
143600	-219.842508181641	5	2	1
143700	-214.498997533998	4	2	0
143800	-216.071750950447	6	2	0
143900	-214.164666403079	4	2	2
144000	-217.008392294156	5	3	2
144100	-230.014691824682	7	5	2
144200	-230.334754904228	5	2	2
144300	-219.177539513747	3	1	3
144400	-225.205856095032	5	3	1
144500	-218.173812064785	6	2	0
144600	-221.242386601917	6	4	2
144700	-213.881286913215	4	2	2
144800	-223.386070048018	5	4	2
144900	-227.387411768443	6	2	1
145000	-215.778282241616	5	3	2
145100	-221.714254302592	3	5	3
145200	-221.222652842368	2	3	3
145300	-220.696408020599	5	4	1
145400	-216.619449840112	4	3	2
145500	-222.979781217702	5	3	2
145600	-217.139922221934	5	2	1
145700	-233.100556939055	6	4	3
145800	-218.231732717507	5	3	2
145900	-217.593316137874	5	1	2
146000	-213.634893316401	5	2	2
146100	-228.635763767106	6	2	0
146200	-214.425230957567	5	2	0
146300	-220.450203989751	5	4	0
146400	-215.315118219784	5	2	2
146500	-209.294626616309	4	4	2
146600	-216.533859360131	6	3	3
146700	-220.977383018549	5	2	2
146800	-216.535106307745	3	2	3
146900	-221.586925969332	5	2	2
147000	-211.536253094454	3	3	2
147100	-227.528240286842	6	4	1
147200	-222.248132101919	6	5	1
147300	-214.764029159362	5	3	0
147400	-212.420017623078	4	3	1
147500	-222.670397887023	6	1	2
147600	-214.76924701769	3	4	2
147700	-230.234640177052	8	2	1
147800	-233.553958186869	9	1	2
147900	-225.714528605212	6	3	0
148000	-215.221145092996	5	2	1
148100	-218.517217276153	5	3	2
148200	-222.694620949704	5	1	2
148300	-223.301852587604	6	3	2
148400	-215.062101877394	4	1	2
148500	-217.847525728318	6	4	2
148600	-214.167240344994	4	2	2
148700	-223.331052478326	8	1	2
148800	-216.186449712211	5	1	0
148900	-219.206944166106	5	6	0
149000	-230.513492620644	7	6	1
