SpeciationRates
0.08698092	0.02419312	0.4334362	0.1232854	0.2023953	0.1521118	0.1009422	0.1949644
0.07149072	0.03113358	0.4322315	0.1887545
0.1824863	0.009425516	0.3450521	0.160718	0.09984633	0.2314024
0.1681396	0.05279024	0.201124	0.3700704	0.1501701	0.1058111	0.06321531	0.1847988
0.1622713	0.007233363	0.3670873	0.1114746	0.03382911	0.1405658
0.1991367	0.02314631	0.4066404	0.1701222	0.1426495
0.1424712	0.0119511	0.2431146
0.2716996	0.002782076	0.1948292	0.4493733	0.1328204	0.01044925
0.1799732	0.01510128	0.4169333	0.1598998	0.0943061
0.2733909	0.02254238	0.1281182	0.1471433	0.3156957	0.1693675
0.1917213	0.02073564	0.3802921	0.1540126	0.1406967	0.05949109
0.1789752	0.03045456	0.4548341	0.171427	0.09549696
0.2557238	0.0158041	0.3818412	0.1270538	0.123992
0.122481	0.02090589	0.3176223	0.1285624	0.1731639
0.1509976	0.01612256	0.4014321	0.189804	0.1445027	0.2836247	0.1280236
0.191098	0.4264561	0.0157201	0.1586777	0.1714124
0.3487233	0.03387674	0.1192847	0.2917166
0.2603847	0.005765424	0.235205	0.3484445	0.2977427
0.2643203	0.008381096	0.150492	0.4227556
0.296576	0.004034766	0.3641604	0.1579376	0.2381957	0.1656534
0.09777352	0.01068914	0.3183512	0.1250221
0.2265328	0.003682835	0.4133305	0.1945886	0.1670033	0.2658926	0.2593815	0.07554552
0.2340188	0.01466427	0.2321774
0.2768917	0.02091181	0.1886197	0.4958285
0.188909	0.03588372	0.3586604	0.1670348	0.1227832
0.1483061	0.1127556	0.3043875	0.1486601	0.1193092
0.1507938	0.1058544	0.3692639
0.1809215	0.1038013	0.3897673	0.1616398
0.1535622	0.1271508	0.3746956	0.005817943	0.09423577	0.2725457	0.03902236
0.1836277	0.1520636	0.3064407	0.004358517
0.2923612	0.0333316
0.1686583	0.007553732	0.2103072	0.369906
0.2377337	0.001487523	0.3400002	0.09903312	0.1586239	0.1541164	0.1750583
0.2719857	0.01033884	0.426539	0.1481601
0.2335214	0.001463205	0.2949928	0.2345833	0.1166069
0.2130798	0.0123626	0.2216759	0.3444941	0.2261645	0.1190102
0.1592237	0.01799573	0.4646518	0.1350559	0.07878549
0.08986511	0.02228773	0.3621053	0.14044	0.06561275
0.2889808	0.008208042	0.337398	0.1119361	0.1212214
0.2515441	0.01492641	0.1016021	0.3507123	0.09621143	0.2045943
0.2029127	0.003991972	0.1820061	0.3206089
0.1646461	0.04746041	0.1510143	0.3290987	0.04938165	0.2834016
0.124835	0.08284208	0.2338837	0.3894966	0.2147506	0.09985092	0.2328452	0.230321
0.1408036	0.1160204	0.3964744	0.1217321
0.1974563	0.3000391	0.08156764	0.08635028	0.1444989	0.07189372
0.2345403	0.3486918	0.1485433	0.2372204	0.05275366
0.3195765	0.218464	0.01012984	0.4626737
0.326889	0.1199796	0.02327494
0.3361121	0.04292148	0.1523603
0.1767349	0.003182248	0.1148644	0.3596633	0.1741677
0.2082225	0.00968999	0.1810761	0.3091793	0.213295
0.2593382	0.03412382	0.2723818	0.3049106	0.141992	0.1856916	0.04994491
0.1419835	0.007457384	0.1285465	0.3176403
0.3873215	0.003207439	0.1909903
0.4882268	0.02282162	0.1604138
0.3917467	0.04674035	0.2075321
0.463708	0.1203571
0.3448249	0.08151384
0.279144	0.1322374	0.07572818
0.4651746	0.2098949	0.01761618
0.3429861	0.1973074	0.003111106
0.4048297	0.02527263	0.1801713
0.3768276	0.0003477635	0.2087464
0.3399609	0.002887965	0.1724643
0.09331048	0.006684296	0.1728608	0.4541698	0.08932992
0.2648876	0.005302322	0.113027	0.2787035
0.2447515	0.002809397	0.1191985	0.3436721	0.2984194
0.2911655	0.001375878	0.3069672	0.1193668	0.1801682	0.06408925	0.2644621
0.1999809	0.01251545	0.3519625	0.2035075	0.1974229
0.1221772	0.01458161	0.1320426	0.2195119	0.3405604	0.08012496	0.135304	0.0945609
0.08306322	0.00815742	0.4060787	0.1520666	0.1485546	0.1950628
0.1545628	0.006294938	0.2534413	0.1759569
0.1692802	0.000733002	0.3508484	0.1775795	0.1726829	0.1538749	0.2683063	0.1320455
0.2225898	0.006381398	0.3856656	0.1793746
0.1093289	0.00834017	0.353905	0.1675442
0.1207396	0.02874417	0.4340056	0.1572136	0.2355972
0.1943437	0.007659193	0.3932443	0.1397547	0.1466221	0.3107094
0.2283494	0.02636755	0.3645843	0.1660879	0.1023236
0.2241175	0.07712306	0.2260514	0.1743601	0.1237644	0.2447039	0.3179545	0.1678621
0.2210963	0.06040683	0.3166696	0.1953856
0.1680223	0.008817514	0.1632425	0.3455313
0.276653	0.02647086	0.1813034	0.3621624	0.1824359
0.3694363	0.02508428	0.1487413
0.346121	0.008794574	0.0947491
0.2289405	0.08751874	0.3323008	0.4763137
0.4481434	0.03560507	0.1797945
0.3467991	0.06206467	0.1810335	0.216299
0.131852	0.02202265	0.3377165	0.1212631	0.289236	0.1721647
0.1982763	0.01188749	0.394834	0.1682217	0.1011933	0.1961934	0.1845658
0.2619707	0.003935191	0.4029283	0.1607343	0.1947662	0.2517087	0.1128242
0.1672482	0.01001731	0.3347432	0.1460343	0.2922656	0.2542916	0.2039332
0.1892099	0.008180593	0.1683262	0.3385085	0.2331757
0.2099754	0.0238071	0.3903409	0.1418815	0.1963714	0.05827132	0.0960468	0.2280344
0.2215462	0.007175128	0.3258925	0.1476207	0.1939792
0.1296722	0.0139562	0.3060455	0.1007587	0.1633142	0.2593885	0.2781065	0.3054342	0.2053055
0.1948635	0.009233725	0.3337592	0.1250837
0.1903375	0.1317638	0.37654
0.1067497	0.08146886	0.3606177
0.1119994	0.3682633	0.07776513	0.143136
0.1340616	0.3355073	0.1148371	0.191821	0.03996275	0.188652
0.2642784	0.3711026	0.1130753	0.1589512
0.3636999	0.08051864
0.164725	0.1193943	0.502345
0.3393069	0.1060323
0.3924193	0.1468139
0.4112804	0.1354651	0.03176467
0.1694942	0.08013757	0.3091391	0.1505024
0.2256556	0.4097851	0.01737642	0.1865182	0.163275
0.1753699	0.3183589	0.02177609	0.1515011	0.09409089
0.224833	0.3659604	0.009618634	0.1455024
0.3181727	0.4402886	0.00148416	0.1904471	0.1333882
0.1702073	0.3566716	0.005767265	0.1441685	0.1456597
0.14712	0.3506984	0.009130103	0.1516905	0.1841262	0.2070196	0.09615102
0.149437	0.3384336	0.001999347	0.174084
0.1758968	0.03744273	0.4258667	0.1684299
0.1207295	0.1839527	0.02156464	0.3763981
0.1354963	0.04098618	0.3632977	0.1757352	0.2139845
0.2248029	0.02773734	0.4097641	0.2519112
0.277314	0.02481894	0.3873634	0.1801957	0.3130165	0.2641798
0.1134129	0.02210862	0.3614591	0.1268024	0.2444285	0.1351805	0.1254707
0.2169833	0.008138285	0.3750274	0.1598333
0.2069164	0.03554711	0.3569894	0.1500107	0.2327756
0.2869571	0.1264163	0.3796035	0.1013556	0.110973	0.1348998
0.2329212	0.3440507	0.09489299	0.1640263
0.2274183	0.3329012	0.09368405	0.1379175
0.2548476	0.1167411	0.2992425	0.2109084	0.2623753
0.2933058	0.07918126	0.3731618	0.120263	0.09190302
0.2301555	0.1263973	0.3669801	0.2714803	0.2045058	0.1577293	0.1919212	0.08324649
0.18456	0.1651409	0.3600052	0.02480985
0.175278	0.4333182	0.01494616	0.2516909	0.1681998	0.2532386	0.181181
0.1616159	0.4075899	0.003332478	0.1755211	0.09235199
0.2411574	0.3811479	0.01345978	0.1572426	0.1002813
0.2936035	0.3822214	0.006796288	0.2059468	0.09472012
0.3283816	0.3582386	0.005167503	0.1515882
0.2717405	0.4094545	0.02299363	0.1287039	0.1986971	0.1855465	0.1847659	0.1791385	0.3107426
0.1976023	0.4863427	0.003292306	0.1319894	0.1087346	0.1498974	0.2878118	0.218049
0.2021294	0.3666832	0.004777255	0.1441393	0.01008788	0.1697993	0.2026101
0.2538776	0.3879993	0.0006414402	0.099585	0.1660548	0.1954005
0.1665645	0.4668709	0.009114835	0.1949373	0.2160067	0.1302319	0.1933624
0.2899862	0.3165356	0.001762376	0.1452409
0.397535	0.004872655	0.1160987	0.2670679
0.4257926	0.009121993	0.1636832
0.2143046	0.002750729	0.1565223	0.335453
0.2704106	0.0004438575	0.3587471	0.2046887	0.247181	0.1634769	0.09834426
0.1484996	0.0008629677	0.4269812	0.1690553	0.1103702
0.2200767	0.01825745	0.4019597	0.172386	0.08992573	0.1795862
0.2918755	0.001820395	0.1613757	0.3914048	0.01231524
0.1535679	0.00223078	0.1558162	0.3960542	0.2061442	0.1233364
0.2950112	0.0009712922	0.3058383	0.1355175
0.3913991	0.009891985	0.171561	0.1777693
0.1726696	0.03795452	0.2311969	0.2876437
0.0991587	0.03748652	0.2484957	0.1120253	0.3009114	0.1689345
0.3257641	0.007139616	0.2301318
0.3637046	0.001659234	0.2342888	0.1718069
0.3567112	0.02517683	0.1203107
0.3177739	0.01552973	0.1512522	0.3588463	0.1748187
0.1810185	0.01521968	0.140817	0.3178334	0.208038	0.1143216	0.1377219	0.2005057
0.1786626	0.09122014	0.3559912	0.1773743	0.153734
0.1924676	0.1455921	0.3945665	0.1628372	0.1181604	0.2995044
0.1181142	0.01281987	0.4088689	0.2093267	0.1523642	0.2445186	0.223616
0.2144548	0.05496942	0.3483796	0.1807418
0.1098069	0.01004622	0.3615282	0.1479868	0.1197328
0.2379557	0.0122982	0.1533007	0.1495917	0.4345135	0.173868
0.2484886	0.01227748	0.1461388	0.3347613
0.3011454	0.01187703	0.1899634	0.3367637	0.06714344
0.2281449	0.02201022	0.115925	0.3772118	0.1463963	0.2651137
0.2138877	0.01778455	0.1622187	0.4700689
0.1592147	0.0269172	0.4331721	0.2567247	0.1310968	0.2087252
0.1517438	0.004563583	0.4389573	0.1231552	0.1791504
0.1482222	0.0002100482	0.4620905	0.1790221
0.2128631	0.0005731558	0.4631771	0.1978815	0.05047482	0.2959346	0.08247086	0.1472915	0.09143756
0.1680317	6.055662e-06	0.2061865	0.1901927	0.2794763	0.1444724
0.218678	0.0003873849	0.3558496	0.1770474	0.1080003
0.1326559	0.07716707	0.349393	0.1715409	0.218153	0.2720098	0.04069369
0.08947508	0.03413968	0.414712	0.1668311	0.3655467	0.1350594	0.2621873	0.216593
0.2017563	0.0138789	0.4108159	0.1425612	0.1710952	0.06449283
0.2471996	0.005489214	0.297625	0.2130719	0.203487	0.3471803
0.1890994	0.007228024	0.134816	0.3719079	0.3139018	0.2551414	0.1834696	0.240463	0.1392771	0.2427225
0.164282	0.01455325	0.168161	0.3880349	0.1483422
0.1650714	0.01948193	0.1867602	0.3643293
0.1668644	0.003913631	0.2256557	0.2832373	0.1335815	0.359065	0.1645376	0.2705488
0.1774944	0.06312317	0.2751803	0.1654827	0.1577628	0.1268674
0.1810641	0.006534804	0.3781702	0.167696
0.3293791	0.0240237	0.2903862	0.1403625	0.1973077
0.3252867	0.1404823	0.3733321
0.3433515	0.09537591	0.3935071	0.3051031
0.3470686	0.00878012	0.1864182
0.2306436	0.0159356	0.1310528	0.4244769
0.1756788	0.03158343	0.4133654	0.2844417	0.1456599	0.2160984	0.1805287
0.3741597	0.05442045	0.500567	0.1842539	0.178496
0.135559	0.03249203	0.3942166	0.1815797	0.2518828	0.09316091
0.2139606	0.005499481	0.4115616	0.1589424	0.2365377
0.1665319	0.005267956	0.3481092	0.261598	0.1620285
0.2858056	0.3677803	0.1298897	0.01346676	0.1988279
0.09730192	0.4771139	0.01104471	0.2202508
0.279011	0.3707385	0.05492397	0.1379851	0.2076753	0.2438697
0.1822333	0.3707385	0.08258099	0.06366019	0.1396166	0.1718885
0.2577052	0.08186357	0.3181502	0.258515
0.2292089	0.02070286	0.171833	0.3403135	0.2276808	0.3395096	0.2007449	0.1760672	0.07445025
0.1840468	0.005061984	0.4007086	0.07397365	0.2149405	0.1970917
0.2407269	0.0262164	0.4007086	0.149935	0.1228538	0.096217	0.2013274
0.2455481	0.005250088	0.427975	0.198984	0.1184998	0.2297194
0.2668069	0.004551603	0.3686897	0.1485294	0.0608509	0.2523012
0.2039354	0.01523237	0.3972599	0.1488196	0.1701004	0.2579191
0.2109484	0.00837227	0.1704518	0.3981196	0.0382247
0.2042087	0.00123427	0.1519069	0.3556792	0.2927266	0.2070919
0.2219338	0.003527789	0.1294185	0.3590279	0.08987933	0.2553713	0.2971917	0.1625035
0.1646173	0.002604228	0.3774329	0.190347	0.1385906
0.09092592	0.001040741	0.4180316	0.2240487
0.1914626	0.008395081	0.3381094	0.1621797	0.1621689	0.2228618
0.3351434	0.05290977	0.4347548	0.2017271	0.1700789	0.2127355
0.3773628	0.02230146	0.1283575
0.4283041	0.008564048	0.2128885
0.372667	0.009089616	0.2104786
0.3343112	0.003684295	0.1128003	0.3116992
0.1170661	0.01532327	0.164281	0.3820237	0.2985851
0.212674	0.01807309	0.1685785	0.3820237	0.04674597	0.1433739
0.1668566	0.005091471	0.3401991	0.06148868	0.1954504	0.1991853
0.1848699	0.03788313	0.3334253	0.1260123	0.07754874	0.1083087
0.1681862	0.1297257	0.4341705	0.1616616	0.3109406
0.1549209	0.1262408	0.3972631	0.227641	0.02786848
0.2133558	0.3556161	0.01899224	0.157133
0.1622788	0.4216159	0.01751962	0.2119347
0.1948192	0.4081972	0.02145826	0.1795134	0.08788701	0.3223443	0.1522867	0.2065898
0.3837712	0.4413783	0.01604054	0.1621307	0.1622663
0.2479417	0.001916637	0.2012288	0.3368773	0.1584795	0.1395388
0.2440664	0.001839283	0.3107037	0.1541235	0.2509251	0.2284665	0.183935
0.2441018	0.0007887392	0.1373327	0.3683641	0.1951906
0.06402067	0.002445425	0.379576	0.1464424
0.2045773	0.01783123	0.379576	0.1492648	0.114716
0.1216427	0.02667375	0.3836418	0.1836809	0.0717998	0.267007	0.1787041	0.1714827	0.181807	0.1882526
0.1764277	0.01839316	0.3538029	0.133946	0.1370267	0.2201719
0.2955036	0.008672417	0.3634247	0.1595869	0.3047436
0.2206727	0.03667871	0.1954378	0.3712154	0.2801598
0.3266702	0.004927343	0.211682	0.1722837	0.3709599
0.1656744	0.01526914	0.4780077	0.2108534
0.1679771	0.02878421	0.3553674	0.1697883	0.2474043	0.1686974	0.2403312	0.1832262
0.206708	0.009117321	0.1647267	0.3459258	0.2786247
0.2402964	0.1104968	0.3043929
0.2714486	0.09367631	0.371214	0.1769882
0.2547196	0.1597584	0.3522178	0.175152
0.1911026	0.0860122	0.4063559	0.226563
0.1203545	0.1265021	0.4501363
0.106617	0.5071087	0.02866138	0.1308249	0.2709947	0.183456
0.2002774	0.4500818	0.003549996	0.1533525	0.208119
0.2075787	0.3806555	0.02604887	0.1818033	0.1537926
0.1397167	0.3482861	0.006222089	0.1640142
0.1530499	0.3610816	0.02424381	0.1683357	0.2939121	0.0882968
0.1309752	0.4564263	0.00199791	0.1130426
0.1925876	0.139766	0.004552014	0.3994694	0.1687061
0.1016025	0.0344619	0.4731871	0.2000959	0.1657448	0.1655634
0.1881217	0.0114747	0.2986683	0.1196766	0.1812909
0.2601882	0.01757637	0.4525922	0.2504071	0.1723876	0.1651591
0.2338081	0.0250609	0.3166093	0.1196317
0.4027185	0.01498079	0.1760702
0.160571	0.02860845	0.1107168	0.3425675	0.1792175	0.1450673	0.1085639
0.2189823	0.001609215	0.3088575	0.1780558	0.1204965
0.164854	0.001340268	0.3526744	0.2191999	0.2091554
0.1312243	0.001231909	0.15803	0.2819593	0.113365
0.1282081	0.02719104	0.3574677	0.1845785	0.193755
0.08481657	0.06941517	0.4375292	0.1496858	0.1446025
0.04913345	0.005552861	0.3562103	0.1643901	0.1639752
0.1847786	0.01084359	0.5248447	0.128187	0.2319895
0.2594559	0.01328716	0.307659	0.1666481	0.09100018	0.1184163	0.1122592
0.3856457	0.1144007
0.3160333	0.1229509
0.3833361	0.1328627	0.006454948
0.3171953	0.1585563	0.02026573
0.3868107	0.1342385	0.2146877
0.4511021	0.105947	0.219662
0.3391779	0.1137088
0.2999756	0.08050582	0.3936546	0.143576
0.1950235	0.1329059	0.05176986	0.294943	0.2619711	0.2070325
0.2163794	0.1709637	0.05033874	0.3505866	0.2701567	0.1834447	0.1081364
0.1091385	0.03927743	0.4103537	0.223259	0.2375473	0.124017	0.2612348	0.1378231
0.2816798	0.003681965	0.3135552	0.1850249
0.1498718	0.02427917	0.1390451	0.3658214
0.2999805	0.001499847	0.1765271	0.3082502
0.2206343	0.002603086	0.1508665	0.4046793
0.3175395	0.01052085	0.1860435	0.4472097
0.2500906	0.01469541	0.4329424	0.2259487
0.3139745	0.008979549	0.1798696
0.3661469	0.1299079
0.2588659	0.01492559	0.3771845	0.04313276	0.1471705	0.206466
0.1429826	0.009527845	0.3253511	0.1243763	0.2738301	0.2558337	0.2799216	0.1960961
0.2181842	0.01252743	0.3791725	0.1052837	0.0599313	0.2230818
0.3724422	0.09989181	0.3624686
0.1558017	0.08604563	0.2982926
0.2662408	0.0989176	0.3387439	0.202651	0.254462
0.1707079	0.1017277	0.3237054	0.2216045	0.2069281	0.1780642
0.2995407	0.1187611	0.3342165	0.06682109	0.08133319
0.2315059	0.08881408	0.3972141	0.2055959
0.2690087	0.1028104	0.3155211	0.2479519	0.09714433	0.1445384
0.07336719	0.1219284	0.4206616
0.2080149	0.3712888	0.1181347	0.1392248	0.2371158
0.2723397	0.4279009	0.09809608	0.2235988
0.2676256	0.3743892	0.1148902	0.2702325	0.1874698
0.312038	0.3450311	0.1006669	0.2423716	0.1999718
0.1687451	0.3865399	0.1322519
0.1241076	0.3390183	0.07393834	0.0893233
0.1261756	0.4077167	0.1382016	0.2289191	0.1685145
0.1175522	0.2898838	0.09033304
0.06722516	0.329932	0.1196377
0.1380762	0.4089174	0.1142131
0.09704196	0.3238218	0.1107858	0.1434749	0.06667749	0.1357767
0.1445825	0.4208603	0.01725186	0.2646301	0.104932
0.2091263	0.4438611	0.01197178	0.2330053	0.2177529	0.1098805
0.2425841	0.002546637	0.1508474	0.08009087	0.2980626
0.2281737	0.01330855	0.2835493	0.2008784
0.2213074	0.03638888	0.1640302	0.3115976	0.2026409	0.1141555
0.287323	0.08574028	0.2427141	0.3985572	0.1972203	0.2861805	0.07280026
0.2301011	0.4640291	0.01950268	0.1226943	0.1067972	0.1594478
0.0753379	0.09765559	0.3526921	0.1678836	0.1744904	0.1468642
0.133073	0.06672607	0.329436
0.1660404	0.09759664	0.2630781	0.3159134	0.2074454
0.1574163	0.3400704	0.05945543	0.2159756
0.2205332	0.0774905	0.4077071	0.2052723	0.2699291
0.3428016	0.1309172	0.3528459	0.1536195	0.1482671	0.2196275
0.1390939	0.07370869	0.3567787
0.1870049	0.09155772	0.4423504	0.2441725	0.1163119
0.3229827	0.3642775	0.09390827	0.1712015
0.3851468	0.003382799	0.1332132
0.2882982	0.01221098	0.1392508	0.3935937	0.2328123
0.2197942	0.008798394	0.3543388	0.1374661	0.1910121	0.2063295
0.1798211	0.02807829	0.3552081	0.1369784	0.08674891	0.1989168	0.2204896	0.04239437
0.3105328	0.001449962	0.1808447	0.328205	0.2003419
0.1637319	0.007873811	0.3526095	0.1261922	0.2779729
0.3051439	0.02382532	0.2982643	0.1391358	0.2487962
0.1680812	0.007262631	0.4412267	0.1666577
0.2511108	0.007279973	0.3945727	0.3576608	0.1448237
0.1174671	0.01111293	0.3730245	0.2025172
0.1977107	0.00134356	0.3610869	0.1822056	0.1693914	0.1761974
0.1840236	0.006507179	0.3428249	0.1964764	0.03192828	0.1873094	0.1898968
0.1852688	0.02048531	0.329219	0.2148286	0.2141226	0.1925364
0.2537151	0.002936312	0.3229179	0.1641706	0.2383235
0.2179508	0.02809317	0.3089989	0.1772662	0.1534106
0.1832174	0.009157053	0.1601155	0.3500448
0.1943393	0.1169476	0.1638499	0.3775026	0.1936743	0.02597212	0.1306195
0.2724084	0.2337438	0.3779442	0.002677918	0.2143768	0.1959393
0.2316644	0.3387295	0.01244999	0.08420637	0.08159816
0.2908288	0.3550925	0.01108843	0.1427882	0.1869411
0.26699	0.3522923	0.004494843	0.180819
0.1832073	0.002943475	0.1515619	0.2987294
0.05330694	0.01286302	0.1609293	0.3609876	0.1188903
0.261309	0.02756358	0.1149648
0.2131655	0.008371637	0.1925496	0.3747338
0.1777903	0.05992168	0.2053004	0.4214443	0.1651197	0.2790658
0.2345113	0.01380632	0.1317305	0.3545398	0.2230341
0.2827311	0.05455456	0.3757663	0.1539252	0.1262341	0.3065822	0.04751364
0.1661035	0.008456344	0.3757663	0.1680566
0.174504	0.004346957	0.3341803	0.1701544	0.1463179	0.1246456
0.2450301	0.001998764	0.4837269	0.2082271	0.1702905
0.2225609	0.03091579	0.4030858	0.1404613	0.3423798	0.2046355	0.1998619
0.1565825	0.02488157	0.3844135	0.1734427
0.2102621	0.03408564	0.4175118	0.2309707	0.1540233	0.2332746
0.1702598	0.2943061	0.09057976	0.1884517	0.06096791	0.3586342
0.284512	0.0918704	0.3840451	0.1158962	0.08057671	0.09328283
0.1356548	0.3773523	0.09707569	0.2506512	0.1248833
0.327199	0.3592404	0.06946732	0.2525844
0.1207131	0.4305835	0.09172418
0.3832407	0.121269
0.3274576	0.1088066
0.3434705	0.1186441
0.4363175	0.03872374	0.2443499
0.2889329	0.03710251	0.1261393	0.3601925	0.08272237
0.2656668	0.04418292	0.1462983	0.1706423	0.1595896	0.2750606	0.1408023
0.149281	0.02345206	0.07617236	0.3219196
0.1691821	0.07328139	0.3352749	0.1325508
0.1145928	0.1602912	0.3912	0.09252262	0.1425632	0.2153521
0.1669086	0.4152694	0.1655053	0.04242872	0.1351983	0.08935324
0.1905614	0.3390501	0.004112124	0.1402547
0.1994725	0.3561074	0.009699461	0.1579359
0.1342259	0.1896145	0.01358661	0.2639731
0.1383619	0.009841954	0.3176493	0.261392
0.2153808	0.0002063064	0.3530212	0.08476613	0.1915779	0.09527303
0.2263224	0.0002933394	0.1455796	0.3603464
0.169198	0.002227563	0.2186071	0.3737556	0.1580692
0.3091861	0.02124476	0.1754898	0.2666887	0.1246699	0.1677471
0.3752035	0.03101357	0.1807282
0.2477779	0.007385958	0.2444762	0.3438123	0.1909104
0.1345124	0.02967762	0.3248366	0.07985461	0.1631234
0.2197943	0.01830144	0.2805429	0.1269279	0.1961306	0.102194	0.1691348	0.2601441
0.1580977	0.01053111	0.3766638	0.1860725
0.2025556	0.007708625	0.1194573	0.1689803	0.3823376
0.163675	0.009306818	0.1386061	0.3993022	0.2066774	0.2578878	0.1024529
0.3061389	0.003692059	0.1276367	0.3713696	0.1147248	0.1933635
0.4171221	0.1527878	0.01342706
0.3196677	0.005634428	0.213796
0.2276649	0.01605171	0.1203121	0.3524857
0.2816358	0.003633024	0.2145195	0.3935337	0.2113564
0.2170555	0.0111683	0.0849089	0.3529421
0.2562197	0.02098711	0.1913929	0.364578
0.1750399	0.002349111	0.1532867	0.3289794	0.2618784
0.2353032	0.1139985	0.3812375	0.06589231	0.2728234
0.2226496	0.4309757	0.1137956	0.2896322	0.2211009
0.2312551	0.3411589	0.1244681
0.1279266	0.3892001	0.1088435	0.2043468	0.1837324	0.007600269	0.05263957	0.2601269
0.09157888	0.3919833	0.07199465	0.1327037
0.1578522	0.3182205	0.09119487	0.2553605
0.2565928	0.3940756	0.1035133	0.133801
0.2671046	0.3480493	0.05130215	0.1767221	0.3600787	0.06395231
0.1719	0.3375212	0.02607483	0.1828884	0.1026199	0.1859012
0.225571	0.3417535	0.03528429	0.1195513	0.2054865
0.2730857	0.2432605	0.07108569	0.1454038	0.3696397	0.1176681	0.1412333
0.2731968	0.03113213	0.1900434	0.3821205	0.09479241	0.1627506	0.3956686
0.1953245	0.005857312	0.2068889	0.4779995	0.1004937
0.1483421	0.001617098	0.3421009	0.2151428	0.1934795	0.2512657
0.1688689	0.03423598	0.4175291	0.1759416	0.190538	0.1831406
0.09188574	0.002580701	0.3151592	0.1877995	0.05041454
0.1636795	0.00328908	0.4044896	0.1544792
0.3384885	0.02661924	0.3196107	0.1567945	0.2000951
0.3152908	0.01118307	0.1561469	0.4239517
0.1152542	0.03570765	0.4626054	0.1438032	0.08242311	0.08025616	0.1521172
0.1610633	0.009979411	0.3896882	0.2124703	0.1047137	0.09120471	0.1760497
0.1149356	0.01740132	0.4267753	0.1391643	0.26208	0.2205691	0.3019993
0.3650945	0.004514366	0.3675872	0.1997599	0.2230872	0.161221
0.2767135	0.01752956	0.4035729	0.2306224	0.1423491
0.1279369	0.00920878	0.363042	0.1513504	0.1974847	0.1605233	0.1087427
0.2053584	0.002005369	0.4456074	0.1265397	0.1705133
0.3289383	0.04126725	0.1356732
0.2256182	0.005070455	0.2497089	0.3592922
0.333229	0.04607884	0.1443419	0.3425876	0.1779818
0.2984368	0.00468717	0.2024171
0.3924898	0.03231685	0.1530372	0.2135387
0.3925682	0.02239702	0.2067512	0.1289717
0.3502631	0.01421548	0.1698327
0.3641131	0.02445496	0.1592339
0.4079593	0.003309329	0.1831869
0.3509836	0.007107008	0.1684356
0.3075264	0.05267545	0.1736311
0.3702684	0.005650452	0.1829464
0.3567585	0.003296867	0.175448
0.277234	0.005078205	0.1180999	0.3667274	0.09950231	0.1995554
0.2290931	0.01066956	0.176884	0.3961781	0.2440456	0.2629183
0.06427436	0.01230228	0.3921415	0.162098
0.1718194	0.3559421	0.1072623	0.1495448	0.2928724
0.2438814	0.07155427	0.3152343
0.3711903	0.08999005
0.4168414	0.01537631	0.179673
0.3861284	0.0002995429	0.2454845	0.1179906
0.3720042	0.006303657	0.1465129
0.3987329	0.01563068	0.1461628
0.4303869	0.006777552	0.1374212
0.3348853	0.009378987	0.1696733	0.3035823
0.3375484	0.02441046	0.1761989
0.2603092	0.01926259	0.1339321
0.3234958	0.01211455	0.1728578
0.3638247	0.08184328	0.008303906
0.361366	0.01982436	0.2068118
0.3334762	0.002012626	0.1503328
0.2697926	0.002245429	0.1510592
0.1990372	0.005689075	0.1922248	0.3779922
0.2414882	0.008270564	0.3264086	0.1412375
0.14742	0.02749125	0.1318932	0.3027313	0.1980512
0.2257488	0.02647979	0.4486205	0.1612659
0.2582077	0.1458372	0.04405731	0.3728779	0.1759113	0.1899446
0.1128953	0.0437699	0.3646141	0.1274559	0.2409835
0.1727402	0.01951743	0.4190742	0.2023485	0.2146943
0.09443941	0.00984254	0.3440204	0.215268	0.1030476	0.04011787
0.2543606	0.04569037	0.3762063	0.1846315	0.3250274
0.2459354	0.02921717	0.3450682	0.1429918	0.1793271
0.2137387	0.01143915	0.137761	0.3243079
0.1997897	0.06183608	0.3507822	0.2440854
0.1252876	0.02787919	0.1878412	0.3833284
0.248985	0.01212658	0.197541	0.2831988	0.2619667	0.3373407
0.3576036	0.004028514	0.12827
0.3531976	0.001019006	0.1319903	0.1872913
0.2897779	0.00633829	0.1573799
0.3839176	0.03584732	0.1487814
0.3714908	0.03274031	0.1415083	0.2233682	0.109155
0.3506485	0.1153281	0.1385665
0.4797985	0.1108198
0.3384013	0.1144243
0.3454089	0.06979457	0.1421546
0.3552537	0.09120018
0.2252771	0.03831938	0.1609798	0.36804	0.2877552
0.2727727	0.01542572	0.1036096	0.3759453	0.2134397
0.2285707	0.02784059	0.1184438	0.2925049
0.2004195	0.01474528	0.32324	0.1413972	0.1401543
0.2226252	0.04348464	0.3947855	0.1629078	0.1948676	0.2321244
0.2373196	0.01976031	0.4109489	0.1324506	0.244473	0.2456797	0.07640748	0.2325752
0.1546477	0.0464943	0.1804925	0.4722528	0.1898641	0.01922331
0.2880865	0.003977074	0.1253041
0.3323089	0.02461914	0.1831408	0.1813361
0.3405616	0.01399144	0.2311552	0.1433405
0.1597028	0.1221616	0.261926	0.3067565
0.177571	0.3806788	0.09691624	0.1588907
0.3722576	0.06611334
0.196115	0.09564137	0.3978522
0.2645614	0.1178495	0.3303597
0.1074028	0.1022402	0.3986862	0.2027434	0.2869852	0.1319546
0.1655222	0.3308388	0.09127595	0.1682781	0.01642874
0.2365015	0.3540819	0.126437	0.0119899	0.2093595	0.1304853
0.1564726	0.4587601	0.1523102	0.04143836	0.1417633
0.1781932	0.006062112	0.358057	0.1680506	0.1573657
0.250965	0.01922863	0.3557757	0.1913653	0.1489336
0.1723361	0.01740969	0.3294593	0.1438003	0.08234232
0.2707072	0.007650357	0.4950085	0.2132061	0.1363591
0.1957516	0.006146483	0.3273391	0.1693161	0.1991643	0.1266324
0.1233516	0.01532201	0.2446619	0.4679634	0.1821163
0.3353479	0.01121022	0.1744022	0.3200153	0.12861	0.09051036
0.2347138	0.01126978	0.1518217	0.4162709	0.1691011	0.1653473	0.1566307	0.3195323
0.2306157	0.04198894	0.3253626	0.09340723	0.01229254	0.1159685
0.3302314	0.0159118	0.2101206	0.3453034
0.2402081	0.02061455	0.1174675	0.3096987	0.1717437	0.3061106
0.2631983	0.01536267	0.1736938	0.3808749
0.1466307	0.02034043	0.1678808	0.3209647
0.2257146	0.04792344	0.1459349	0.3984137	0.179102	0.2243654	0.2652623
0.2849051	0.4248329	0.08627326
0.2252918	0.3362702	0.07083012	0.253103
0.1856139	0.4067731	0.07276695	0.1555209	0.2653744	0.1815491
0.1431834	0.3883026	0.1012522	0.198618
0.2663591	0.3956184	0.1002829	0.1708348	0.214134	0.1322677	0.2397164
0.2920888	0.1136543	0.06549799
0.3339433	0.1156345
0.364528	0.1002284
0.3269052	0.09545002
0.2861742	0.07243727	0.3302949	0.1824131	0.2570313
0.3510661	0.1442455	0.009472316
0.3436829	0.168061	0.02234277
0.4135683	0.2331704	0.00334928
0.3216363	0.1397283	0.002652109
0.1931481	0.1530362	0.008027661	0.4259227	0.133884
0.2888084	0.1508445	0.0186343	0.3625333	0.1622029
0.2146869	0.1832044	0.001529845	0.4333107	0.2001517	0.09457791
0.1654697	0.002098775	0.3449413	0.1674527	0.1692315	0.2375967	0.2115862
0.1284612	0.01299272	0.4490944	0.1546151	0.1503565
0.1975454	0.006684815	0.3600308	0.1122546
0.1701766	0.01187616	0.4056086	0.1494231	0.2285771
0.1749008	0.004928835	0.3938044	0.1336721	0.1842913	0.1671432	0.2371814	0.07876596
0.1653691	0.04680429	0.1701104	0.4003953	0.1975309	0.2276508
0.2972441	0.02930981	0.1829879	0.4003953	0.1954899	0.204846
0.2257445	0.01418682	0.1802641	0.315091	0.1599293	0.02109047	0.2422238
0.2311709	0.005113518	0.1885809	0.3334721	0.1025469
0.2254991	0.01749051	0.3791517	0.1802068	0.1971675	0.1613521
0.1464204	0.009243413	0.3278733	0.2573534	0.2075861	0.2754548	0.1825402
0.1867441	0.003360987	0.3338364	0.162007	0.181968
0.1484077	0.03193763	0.4780194	0.3130097	0.1829877	0.1089537
0.2297349	0.004432815	0.1540865	0.4870508	0.2375493
0.3786627	0.02410529	0.1755498
0.3826201	0.03160593	0.1518806
0.4153873	0.01760022	0.1640256
0.3886845	0.01585819	0.1745214	0.1357026
0.2507554	0.3684022	0.05723995	0.1691018	0.1904447	0.162096	0.295069	0.1702148	0.2189208
0.206991	0.01347774	0.2872321	0.2048337
0.1678746	0.003866384	0.2891363	0.3514497	0.1128254
0.2210668	0.003792855	0.1829192	0.4248802	0.2845932	0.07406551
0.1367959	0.001386813	0.3463012	0.1763612	0.3046461
0.1440033	0.004955391	0.3953275	0.1877827
0.2528383	0.04887585	0.1429778	0.387548
0.05709758	0.1064179	0.4295089	0.161902	0.2001707	0.3027592	0.2030307	0.1332497
0.0509021	0.3931621	0.2526295	0.1281444	0.2335756
0.09913755	0.4215207	0.2263854	0.08251926
0.1981214	0.4019951	0.08145872
0.2670463	0.3782172	0.1080918	0.2061708
0.3570545	0.071095
0.342502	0.08393418	0.1654345
0.1889847	0.0194045	0.1518704	0.3117641
0.2384067	0.07384003	0.3191402	0.1779837
0.1717787	0.05538975	0.3485866	0.1326832
0.2525449	0.0217519	0.4670067	0.1595768
0.2585069	0.006181365	0.2321946	0.300614
0.2752702	0.07108251	0.1280675	0.4526371	0.2361319
0.1359054	0.01766933	0.1359205	0.4173396	0.1282355	0.1942645	0.163955
0.1688261	0.02261143	0.1041301	0.3679384	0.04388931
0.1409633	0.01579676	0.3415594	0.09457313	0.1022101
0.1339387	0.01574907	0.1698522	0.4111752	0.2849863	0.3027612	0.2418395
0.1789957	0.006523208	0.1329832	0.3728	0.3339102	0.2512662
0.371239	0.03147753	0.4459006	0.169253	0.2571229	0.07179759
0.2610961	0.03737215	0.3523762	0.1937502	0.1714018	0.2497669	0.22276
0.2705344	0.01410293	0.4224575	0.1368057	0.2191428	0.1394045	0.1351909	0.2798384	0.1982218
0.1881084	0.0006180092	0.3271059	0.1508509
0.2698697	0.001902621	0.3251912	0.2040326	0.1230452	0.4023903
0.1890688	0.009634722	0.2202921	0.2935876	0.1449975
0.28757	0.005284967	0.1586006	0.3878467	0.200027	0.2706642	0.1639204
0.3282578	0.03409585	0.1814563	0.3589309	0.1467757	0.2952544	0.1974377
0.1290729	0.008437647	0.3925725	0.2021082	0.1626314	0.1869115
0.1519535	0.01851849	0.3651087	0.2250219	0.2548884
0.2697246	0.09563245	0.3727918	0.2273291	0.1146954	0.05851721
0.2315508	0.01436283	0.381314	0.1653527
0.1312403	0.006139107	0.1301875	0.2739583
0.1029046	0.02063419	0.3700228	0.2127912
0.1765651	0.02025173	0.3880125	0.1763951
0.2106525	0.004117628	0.3986155	0.1253922	0.1138557	0.1731538	0.2042992	0.1294839
0.07419754	0.01782513	0.3982273	0.1818269	0.2000603	0.1152583
0.127872	0.017141	0.4129996	0.1140787	0.2774381	0.3171095
0.1953035	0.002917241	0.3218375	0.1139204	0.1717365
0.14462	0.02622412	0.40661	0.1506319
0.2393996	0.01241345	0.4111071	0.1134207	0.1129723	0.1371357	0.1396578
0.2014767	0.04988254	0.3858704	0.1690012
0.08143419	0.003198527	0.3476096	0.2078901
0.1822782	0.01868728	0.3678881	0.2030464	0.1964573	0.1879602
0.2309504	0.01750639	0.3469688	0.133452	0.2119784	0.1537792
0.2486467	0.02739817	0.4506334	0.221353	0.1940615	0.2482884	0.2303764
0.2434756	0.03806781	0.3499851	0.1797499	0.2658966	0.2081728
0.1241344	0.003595361	0.3344493	0.252241	0.1103769	0.2499551	0.1357497
0.1744554	0.00327551	0.1709433	0.1587849	0.3371619	0.1364102
0.1652471	0.01040719	0.3865273	0.194477	0.2554531	0.1725952	0.1599785
0.2511606	0.00794592	0.3557048	0.1232684	0.2320267	0.1810613	0.217019
0.2617099	0.01955606	0.1761322	0.3346336	0.3237942
0.1136873	0.01085309	0.3127516	0.1559931	0.1680133
0.2312555	0.02699471	0.4025274	0.1755728
0.1924114	0.04752503	0.3775671	0.1831814	0.1956887	0.1330465
0.270292	0.03414285	0.409396	0.1313596	0.1755197
0.1520029	0.09676629	0.3559032
0.225412	0.06340712	0.4087229	0.08609231	0.1828237
0.2358125	0.06639453	0.4135175	0.123641	0.2255065
0.2599211	0.1049136	0.3985808
0.2741569	0.1296562	0.3738557	0.0837625	0.2616588	0.06392592
0.303744	0.07847675	0.3350151	0.04495697	0.1706547
0.05664477	0.07613644	0.384727	0.1682099
0.1019721	0.08977581	0.3448004
0.1850734	0.1638702	0.3764333	0.03043641	0.1662358
0.2845017	0.3153769	0.1256907	0.186648	0.1887615	0.1527168
0.1230978	0.2933315	0.1113901	0.2556888
0.1383289	0.1539544	0.1170039	0.3556731	0.34486
0.2702892	0.1373397	0.3402649
0.1978994	0.02253435	0.3797235	0.1511226
0.0642126	0.02575005	0.4661558	0.1163135
0.2867228	0.008796642	0.1315916	0.4627175
0.1469139	0.05200783	0.1688706	0.2762086
0.1831199	0.06139809	0.3311523	0.134408	0.3084711
0.1787568	0.003128323	0.392486	0.1596057
0.1157378	0.002279122	0.4149639	0.1600535
0.2737755	0.02112034	0.407512	0.1709196	0.1542212
0.1878898	0.02668555	0.2916393	0.1635343	0.2716685
0.374339	0.01306877	0.1717997	0.256005
0.3838697	0.01776075	0.2431455	0.07847547
0.1459951	0.02245356	0.1002716	0.3187329
0.1766197	0.0173697	0.112138	0.3187329
0.1477101	0.006048659	0.1316882	0.3460987
0.1854216	0.003889125	0.1515774	0.3450196	0.08682299	0.2227648
0.1959644	0.0003470302	0.1768643	0.4032155
0.3038759	0.006068746	0.2004667	0.3408529	0.1551631	0.2037592
0.1243279	0.01786053	0.1182874	0.3698398	0.2994416
0.129883	0.04281408	0.1857372	0.4647823
0.1477578	0.07695246	0.1340064	0.3499293
0.09511056	0.1163721	0.2752985
0.2303494	0.4482411	0.102225
0.1194864	0.3187614	0.1183263	0.1336326	0.2245247	0.1387065
0.1671946	0.4978184	0.01442573	0.1889455	0.2198276
0.1978717	0.3831695	0.007852391	0.1402403	0.1469553	0.06860525	0.1053258	0.1347359
0.2192472	0.4290025	0.02023148	0.1516665	0.1622294	0.1540147	0.3117898	0.1363678	0.2050789
0.2960118	0.4156536	0.02429137	0.1685219	0.1037247	0.2014387
0.1756609	0.3174579	0.01506127	0.1566496	0.2240241	0.2424919	0.1452726
0.1639089	0.3761435	0.02062803	0.1601853	0.1771144	0.1616377
0.2615977	0.3222383	0.004979364	0.09302862	0.2391157	0.1700464	0.2393035
0.2064056	0.02668221	0.3412241	0.1501489
0.2322388	0.001117563	0.4270846	0.1623067	0.1512159	0.2245769
0.1531564	0.006181933	0.302044	0.1742751	0.1005775	0.1132778	0.1177565
0.2059111	0.004274972	0.1862135	0.3639845	0.2028741	0.05607543
0.2008101	0.002790554	0.1980975	0.5030414	0.1467695	0.1531749
0.2947514	0.02166057	0.1164612	0.3215615	0.2824736	0.2925668	0.1350461
0.2169974	0.03548489	0.1865585	0.3700781	0.1909245
0.1606287	0.005671015	0.4428631	0.1613331
0.1412465	0.01434795	0.4078595	0.1497914	0.1136336	0.3118592	0.1888229
0.271466	0.01160664	0.4266126	0.2368064	0.20003	0.2300771
0.1591022	0.003869917	0.3956487	0.154164
0.1805478	0.008365374	0.4205001	0.1760398
0.3196194	0.01646876	0.172354	0.2131226
0.2279282	0.0416068	0.1210143	0.3740531	0.2160927
0.3393586	0.01584041	0.403803	0.2045705	0.1217589
0.1357797	0.0776605	0.3800756	0.1774911	0.06523637
0.2436093	0.01423114	0.37926	0.1692051	0.08182224
0.3514799	0.03146142	0.3803709	0.1939404	0.1548518
0.1770558	0.01331525	0.1463604	0.2977053
0.2366245	0.02711584	0.1874847	0.4865902	0.2609867	0.2060944
0.1519356	0.02593721	0.4022586	0.1399705	0.1819313
0.1937319	0.03911128	0.316945	0.1521255
0.3194081	0.01435877	0.3477796	0.2147661	0.1472436	0.05949058	0.1577398	0.2408777	0.1238133
0.1917438	0.02125003	0.3163423	0.226181
0.3567711	0.05136058	0.1694915	0.1479572
0.3559806	0.09659494	0.4408278	0.2595889
0.1950051	0.1387167	0.4605989	0.3263424	0.2936615
0.1801799	0.113143	0.4227376	0.1036905
0.221012	0.4176216	0.1131818	0.1245176
0.09507627	0.3175172	0.02851852	0.1654805	0.05514671	0.2328511
0.2459487	0.3124881	0.104184	0.26681	0.166967	0.2450353
0.3135949	0.1021379
0.3352166	0.05305552	0.1547279
0.07817519	0.01364811	0.1895197	0.3138677	0.1965876	0.1923458	0.08842602
0.2932866	0.02936	0.4256427	0.2791471	0.1150643	0.2098866
0.1613716	0.01407462	0.2216851	0.3204667
0.2265808	0.0606018	0.1535353	0.4113518	0.1975209	0.01948837	0.2568679	0.2945659	0.1790416
0.1920993	0.01035463	0.3425718	0.2082732
0.230029	0.002913835	0.422922	0.1675094
0.408245	0.04197906	0.1673291
0.3654676	0.02632752	0.2002435
0.3794496	0.002932498	0.1943842
0.3275558	0.003801366	0.1432545	0.4462657	0.1154615
0.3103646	0.008612935	0.228632	0.3503888	0.3141736	0.2649582
0.2227424	0.01003235	0.3632023	0.08649438	0.1764201
0.3264703	0.07655114	0.4463866	0.1528206	0.1923507
0.2448305	0.03829476	0.3959029	0.1986717	0.1465989
0.2197364	0.3959029	0.1441356	0.2542252	0.2039757	0.1281958	0.06059027	0.19248	0.07348505
0.2849869	0.4063603	0.1027406	0.0033002	0.2125841	0.303383
0.1657228	0.1787624	0.0177947	0.3345273	0.2733008
0.1765646	0.06239843	0.339892	0.1841357	0.1371296
0.2279653	0.01523495	0.1343613	0.331336
0.1923208	0.0172567	0.1623131	0.4027313
0.04888628	0.02683844	0.1789679	0.4470072
0.09470206	0.01782717	0.419017	0.1609161
0.2153775	0.007137905	0.215452	0.4242302	0.2034568
0.3335536	0.01245364	0.1334889	0.3854443	0.2374389	0.2432279
0.3830791	0.02021381	0.1452264	0.2672001	0.2590733	0.2079054
0.1165312	0.1030635	0.289301	0.1562561	0.1057914
0.2470398	0.1066017	0.2890209	0.1847279	0.2597463	0.3016474
0.1973837	0.3533946	0.09243894	0.185377
0.2709073	0.3821347	0.08622991	0.2000254
0.1221184	0.4524248	0.0007683233	0.237958	0.1742676	0.139802	0.2093278
0.152886	0.3882996	0.004994082	0.1369072	0.2278085	0.2835203	0.2598991
0.2906127	0.3748864	0.04079409	0.1779392	0.1606335	0.1148401	0.2422983	0.1589295
0.2287737	0.3731571	0.009090601	0.04645008	0.2353539	0.08805783	0.1830893
0.2219265	0.3282027	0.01225431	0.1516121
0.2206596	0.4562466	0.01611951	0.2097634	0.1243297
0.1016795	0.3680846	0.01881407	0.1693776
0.1850424	0.3973786	0.01383529	0.2833628	0.1482693	0.2689803	0.09661892	0.2416915
0.1912699	0.3797889	0.03347172	0.1618754	0.2204309	0.141813
0.1709012	0.3170059	0.01948019	0.1023385	0.390779	0.147711
0.1540473	0.01345937	0.1694478	0.3389665	0.183516
0.232365	0.01615389	0.1065753	0.3049296
0.3434159	0.005528754	0.136641
0.3897498	0.03061928	0.1057919	0.2431185
0.2384148	0.175526	0.1245803	0.3670485
0.2657429	0.3536868	0.006019083	0.1156637
0.361753	0.003189172	0.1007434
0.2205025	0.03718035	0.1981066	0.4271791	0.2276755
0.0922281	0.001355596	0.2246381	0.3825334
0.1055978	0.01907258	0.3478921	0.2275845
0.3413483	0.01495179	0.3897982	0.1406728	0.1232637	0.3123663	0.1406925
0.2692688	0.02371762	0.3284409	0.1596204	0.179525	0.1541318	0.168619
0.2625681	0.01184795	0.3507542	0.1518282
0.2302297	0.002752083	0.3399543	0.1248887	0.232145	0.2673302	0.2971527
0.3171897	0.009657759	0.3931389	0.2059761	0.2097088	0.3127909	0.2301524	0.2067521
0.1358128	0.02853534	0.3434721	0.2019859	0.09693442	0.2068496	0.2210574
0.2927656	0.3494423	0.09561672	0.07160972	0.1345727	0.07634149
0.2449117	0.404857	0.09151518	0.1869507
0.1775238	0.08803671	0.4168942	0.2176473	0.3038959	0.1514272
0.2247582	0.0767631	0.3205063	0.2209443	0.345037
0.1834105	0.1511896	0.33861	0.1788384
0.2853708	0.396436	0.07846445	0.1055477	0.316072	0.107308	0.2468191
0.325347	0.1088763	0.1780147	0.2817192	0.3813361	0.1381224
0.2136747	0.07267681	0.37032	0.1801727	0.1512667	0.230087	0.1444785
0.2460742	0.1373073	0.4372825	0.1461876	0.1456324	0.09157331	0.3943969
0.1486743	0.3631435	0.07575265	0.3369617
0.2772997	0.4501871	0.1640286	0.2203007
0.2335599	0.361825	0.07026467	0.2196777	0.219075
0.1386014	0.3495022	0.1445287
0.3499834	0.08400418
0.4233254	0.09892681
0.3620401	0.09391304
0.3221394	0.109703	0.1892698
0.2229574	0.08518072	0.3889763
0.2380962	0.1149366	0.3550884	0.3263991	0.1819644	0.1358212
0.2298057	0.07878664	0.3824237	0.01644727	0.2079616	0.2317223
0.20657	0.1198511	0.3270544	0.139364	0.106277
0.1938683	0.3018642	0.004753474	0.11705	0.2290654
0.2967647	0.2771949	0.008918744	0.1764853
0.1496133	0.001540034	0.1783274	0.3127791	0.2167686
0.1479152	0.06513399	0.1752074	0.4096324	0.2500368	0.08493615	0.2564008	0.1547568
0.1245167	0.006361344	0.2210269	0.410644	0.1314722	0.1771335	0.1885789	0.2877677	0.2067275
0.2520451	0.03043861	0.4601506	0.1473728	0.04943359	0.1250119	0.07833516	0.2397781
0.1423523	0.008241118	0.342022	0.2004987	0.1222563	0.3055677
0.2970052	0.001128642	0.1831173
0.4370921	0.0329475	0.1616671
0.4919235	0.003239504	0.204482	0.167078
0.2819036	0.001114525	0.187682	0.3272912	0.1852027	0.2488623
0.2639702	0.003044461	0.1764709	0.3929802	0.1424019	0.1067621	0.05637802
0.3928989	0.08532661	0.3567711	0.2406334	0.3032504	0.2235121
0.336969	0.01454637	0.3627371	0.1320249	0.09513604	0.2019461	0.1928337
0.2327671	0.3400177	0.07888689	0.2834558	0.09047309	0.196752
0.2440599	0.3905447	0.1016696	0.1376451	0.19843
0.1646139	0.07042975	0.3709371
0.1309951	0.1079519	0.3409643
0.2865051	0.09722689	0.3182877	0.3081342
0.2160052	0.102964	0.3605679	0.3645971	0.02923424	0.1149576
0.3571295	0.1129112	0.2400207
0.1989226	0.3370925	0.0148583	0.1336031	0.1596018
0.2706095	0.02415158	0.3839583	0.1723493	0.08394693
0.3215307	0.00417514	0.1780489
0.111543	0.01990445	0.4098099	0.122165
0.2635707	0.004303719	0.3855942	0.2146436
0.2242906	0.003785008	0.1736705
0.4077602	0.01708115	0.1462393	0.3185428	0.1851229
0.2506571	0.03028391	0.1671352	0.3792519
0.3297397	0.02616598	0.2278252	0.2932531
0.306724	0.01540584	0.1709261
0.260732	0.03287367	0.159446	0.366241	0.1655342
0.1927916	0.07096119	0.3391472	0.297136	0.2217776	0.1933829
0.1667285	0.1277788	0.1395733	0.2249055	0.3282151	0.2441264
0.1405954	0.09125376	0.3594734	0.2154386	0.225676
0.3078296	0.1982415	0.4405069	0.03250574	0.07673041
0.1778295	0.328586	0.03245487	0.1281972	0.1776018
0.2148777	0.434732	0.0505186	0.1262359	0.2090377	0.1319863	0.2204282
0.2882125	0.3150354	0.006609404	0.1568902	0.148785	0.1592148
0.3406952	0.02737993	0.1591095	0.2430692	0.4315185	0.2966174	0.2035817	0.1319222
0.2340807	0.0105139	0.1501093	0.369111	0.2642805
0.3971025	0.004736036	0.171023
0.2395117	0.05816999	0.2057745	0.3581475
0.1657223	0.09400072	0.4145998	0.08797153
0.1122335	0.1256705	0.366402	0.248985	0.1236886
0.1886439	0.3494983	0.1056966
0.1838446	0.07667512	0.3225477	0.1090971	0.192802
0.2516849	0.1090411	0.4006489	0.1794504
0.2667109	0.04501692	0.3629901	0.0219684	0.1760131
0.1158307	0.3713045	0.01843209	0.1770663
0.25148	0.4380636	0.03660227	0.1219273	0.1809855	0.2978262	0.1801569	0.2607641
0.2264347	0.3881471	0.02255544	0.2141433	0.08275236	0.1647474
0.1362912	0.3682927	0.0002551357	0.1813805	0.1562076	0.1314535
0.1500092	0.3207537	0.01273283	0.180737	0.2112369	0.300418
0.2849744	0.3306294	0.007807859	0.1849753	0.1664592	0.09492615
0.1987829	0.4665674	0.0242638	0.1760603	0.3054809
0.1008924	0.3847529	0.02380479	0.1042328
0.1647948	0.3463517	0.07682954	0.127024	0.1898037
0.1804963	0.3536904	0.01508575	0.1878793
0.1096605	0.3333144	0.01436581	0.1859398
0.1625448	0.4733545	0.05005525	0.2000915	0.1275749	0.1478413
0.1720807	0.3672631	0.1149327
0.2575491	0.4134638	0.09946518	0.1784796	0.102381	0.2352621
0.2346673	0.3335801	0.09137117	0.2414526	0.1104814
0.1136954	0.08804692	0.3620685
0.08609188	0.140583	0.3821429	0.01502245	0.2347237
0.2374968	0.1492593	0.411429	0.0003456801	0.1792238
0.2102054	0.1436518	0.5258399	0.0005453083	0.09313022	0.223291	0.2352333	0.2202598
0.2962808	0.2145888	0.002056671	0.2924478
0.1563172	0.1862886	0.00096169	0.4468591
0.3509027	0.1832669	0.01274067
0.335175	0.0162274	0.1666343	0.3211948
0.2948697	0.002220012	0.1693111
0.230257	0.00556571	0.1892861	0.3271844
0.2461323	0.129596	0.2868412
0.2577818	0.1069304	0.2907003
0.1154599	0.02346855	0.3575726	0.1242766	0.3105409
0.1309455	0.03849396	0.3287705	0.1610183	0.03046474
0.1740092	0.007199577	0.2730974	0.2832846
0.2150273	2.74409e-05	0.1620642	0.3389246	0.1380445	0.2947577
0.2067235	0.0001456486	0.1305134	0.3619034
0.3275846	0.0001634167	0.329188	0.17657	0.162613
0.209211	0.002803129	0.3728556	0.1643207	0.1544968
0.1851136	0.01681709	0.4250899	0.1668831	0.222736	0.186315
0.1449393	0.02328499	0.3973855	0.1747896	0.1237956	0.2545105	0.1334509
0.1968295	0.01955765	0.3826326	0.1512456	0.1463997
0.1842083	0.0009975558	0.3853893	0.08921409	0.09229099	0.1976057	0.1777066
0.1803385	0.001059494	0.3853893	0.2419464	0.1597839	0.2124199
0.1913833	0.01051431	0.3986444	0.2010781	0.1408076
0.1692574	0.007210536	0.3073924	0.1670701	0.1305906
0.2420593	0.01660928	0.3915706	0.1449002	0.08434032
0.2810371	0.04319493	0.3681476	0.1557863	0.1897154
0.2165537	0.005564418	0.411182	0.1354913	0.1519135
0.1107286	0.005975371	0.4054603	0.145563	0.2082768	0.2560203	0.1204848
0.2064108	0.0009489088	0.4619534	0.1343831	0.2429117	0.1461089
0.1143169	0.001233634	0.2693849	0.202847
0.1107727	0.001614601	0.3489953	0.1563629	0.2724522	0.2224039	0.2117251	0.2328834	0.2605322
0.1712192	0.005152073	0.4354739	0.1685962	0.1751324
0.2848854	0.01583641	0.3146018	0.09623398	0.1341874
0.1821358	0.02766388	0.4222929	0.17653	0.135638	0.3189536	0.2632931
0.2132592	0.02613038	0.4627921	0.1736749
0.2169891	0.3104399	0.09472724	0.1566615	0.1961227	0.1059903
0.2552256	0.4000213	0.02644556	0.1649551	0.2620735	0.06944523	0.07464287
0.09075439	0.4192501	0.01866186	0.1708492	0.1924223	0.09927586	0.1509027
0.2121575	0.0008848582	0.3609424	0.2119594	0.2385635
0.07590765	0.0005780097	0.3367484	0.1535228
0.140145	0.0005338149	0.318162	0.1303189	0.228381
0.1237157	0.004567786	0.1807145	0.3441821	0.1582503	0.09152915
0.1759781	0.005521895	0.1630469	0.3663906	0.08923313	0.2049661
0.2432822	0.02192991	0.1721931	0.3898959	0.1654076	0.2187485
0.1438083	0.003978334	0.3898959	0.1236983	0.08988412	0.2933206	0.3381329
0.2633543	0.03050192	0.3412403	0.2076311	0.2254793	0.08926122
0.2064544	0.02913742	0.4241521	0.1413985	0.1235101	0.1197092	0.1342798	0.2524227
0.1169363	0.1313118	0.4548317	0.2011366
0.1173413	0.3093812	0.1197239	0.08512385	0.2315754	0.1890318	0.1121033
0.341204	0.4749083	0.0249185	0.202684	0.2062565
0.1444472	0.3512706	0.01386937	0.1753757	0.3083943	0.2071445	0.1299469	0.1681988
0.2015967	0.3512706	0.01408656	0.2006317	0.2616489
0.1797746	0.4162188	0.0233335	0.1957707	0.1743306
0.2197525	0.306588	0.01378801	0.165742	0.1398034	0.205945	0.21425
0.1849995	0.3853106	0.009134518	0.1668973	0.2114636
0.2676267	0.3554601	0.0826509	0.2004847	0.2036318
0.1969736	0.4405451	0.1385634	0.07833622
0.2637354	0.363221	0.138859	0.2827343	0.2440646
0.1198734	0.3865413	0.01759054	0.1774782	0.0988763	0.2052398
0.1471217	0.357485	0.006827424	0.1886618	0.1434735
0.2662995	0.3738585	0.01985944	0.1405678	0.2081693	0.2289976	0.1168796
0.1756833	0.0031262	0.1196583	0.3875496	0.07059414	0.116418
0.3431263	0.0002359246	0.3565247	0.1709891	0.2579013	0.2964333
0.179327	0.0004263452	0.1652908	0.1778356	0.3183575
0.1667707	0.009769783	0.172465	0.3859309	0.1216635
0.1914023	0.003332263	0.4834957	0.1401873
0.1758021	0.02347237	0.3674773	0.10284	0.1428385	0.08004487	0.351581
0.1083577	0.001073185	0.3535258	0.1605881
0.3052603	0.06426076	0.3799825	0.1499178	0.10379
0.2685216	0.0005661134	0.357504	0.1991334	0.1918013	0.1422923
0.2034081	0.006904285	0.1561207	0.4060486	0.1867023
0.1608111	0.00397713	0.4488152	0.164866	0.1353606	0.07582061
0.3057716	0.04862699	0.4343994	0.1551385	0.2271457	0.1301783
0.2017789	0.0314336	0.3939219	0.1628105	0.3095793
0.1328775	0.03426374	0.126137	0.261833
0.2872605	0.01074105	0.3930288	0.2185496
0.2629408	0.01717594	0.3565737	0.15196	0.2538241
0.2576328	0.006387324	0.1471875	0.3474904
0.1823296	0.01102636	0.3657993	0.1144299	0.2689784	0.1997399
0.2953913	0.0134874	0.2546495	0.2509037
0.1673145	0.00603142	0.13535	0.2937134	0.1069031
0.1354501	0.01409347	0.3739208	0.1970187
0.2303242	0.02475349	0.1021426	0.3306352	0.2028694
0.1778092	0.008760553	0.3873379	0.1559949	0.1966451
0.2497529	0.02928602	0.2678128	0.3591856
0.3456379	0.05862454	0.1852852
0.3639042	0.02048946	0.1936932
0.2101455	0.0180049	0.1526703	0.2914757	0.1549764
0.1479907	0.001930661	0.1494606	0.3273303	0.2679775	0.2655927
0.302629	0.002777151	0.1732384
0.3420645	0.01242124	0.1400764
0.339763	0.007676245	0.1653535
0.189129	0.004265299	0.2586643	0.1947688	0.05620778	0.1743002
0.1683454	0.009302079	0.1704743	0.3393322	0.2256239
0.2333742	0.02963714	0.275872	0.2347662
0.2518063	0.4119076	0.08481924	0.1137786	0.02398225
0.1756192	0.3261229	0.2255197	0.03338163	0.1946947
0.1849897	0.4171555	0.004059692	0.1618352	0.09753957
0.2041697	0.4050685	0.03172519	0.1377518	0.1329471	0.2332186	0.1712661
0.2496151	0.005530502	0.1326106	0.4079363	0.1181337	0.2188464	0.2771267
0.2313468	0.0141913	0.1582829	0.4036321
0.2091646	0.0129297	0.3931519	0.197646
0.2745422	0.02389278	0.3907395	0.1242724	0.2258256
0.3174091	0.0009266825	0.1411541
0.2899287	0.004057032	0.09465533	0.3270693
0.2624193	0.001453524	0.4078827	0.1845772
0.3357501	0.01293716	0.4180443	0.2457126	0.2978257	0.1279095
0.3011416	0.01395538	0.1453254	0.3444529	0.1148386	0.2009995	0.1593681	0.1116966
0.3573866	0.0208186	0.1390102	0.3444529	0.1166557	0.1820687
0.1458391	0.007905934	0.1187117	0.4135012	0.1685937
0.1706391	0.006468211	0.1248443	0.3116445	0.04892658
0.2760549	0.0385652	0.1975588	0.3816114	0.1357542
0.2527776	0.06056935	0.2134428	0.3227188	0.2098624	0.2728959
0.1825699	0.02768266	0.1187915	0.3319964
0.2581315	0.09922348	0.2444859	0.2514921
0.393722	0.01759594	0.1694163
0.3608966	0.002441363	0.1497342	0.1769321
0.3655988	0.001169654	0.1704353
0.3508263	0.002297252	0.1225648	0.3976779	0.1932319
0.3178801	0.007982484	0.1282585	0.3451729	0.2638477	0.3442761	0.1946071
0.3261469	0.01406143	0.2205456	0.0433618
0.2044647	0.005934299	0.145134	0.3798514	0.1997508	0.1560209	0.2214255
0.2482888	0.03320344	0.414466	0.1672971	0.1532628	0.2883701
0.2565134	0.001541008	0.3860191	0.150392	0.1887509	0.2057162
0.185913	0.01079018	0.3547109	0.1433725
0.1816462	0.02633661	0.1650525	0.3354094	0.1885046
0.2874487	0.06227087	0.429178	0.1943314
0.2255557	0.0225444	0.1878911	0.3661416
0.3954987	0.01074676	0.1493841
0.1930559	0.01926591	0.2538705	0.3139884
0.3233841	0.007225937	0.1527313
0.379021	0.0119614	0.1964068
0.4023982	0.0001449879	0.1759465	0.1628708
0.2224517	0.0001276375	0.1486897	0.1746013	0.3355743
0.1755977	0.004320512	0.1825992	0.3597539	0.1896619	0.1044529	0.3436144
0.2218762	0.1300665	0.3569715	0.165981
0.2213058	0.08250405	0.3569715	0.09516488	0.2078623	0.4158535
0.222974	0.1196061	0.3496249	0.2155804	0.1977075
0.2156719	0.3378313	0.125242	0.1012748	0.1836006	0.152118
0.2080011	0.3251603	0.0868867	0.1410621
0.1528092	0.1632391	0.3293125	0.01910876	0.3129841
0.1811766	0.3589218	0.01649998	0.1777655	0.0997843	0.2227149	0.2842971	0.244191
0.3010508	0.3683104	0.008752303	0.1912264	0.1872255
0.3163137	0.2902612	0.03197274	0.1754532	0.2304218
0.2080289	0.07123542	0.1922973	0.2874812	0.09234019
0.3664015	0.03420714	0.1864667	0.2147136
0.1987715	0.02946925	0.1428433	0.3719885	0.1323199
0.2017556	0.008678281	0.3885594	0.1584904	0.2115458
0.1360799	0.00219074	0.4513139	0.1798886
0.137961	0.06449258	0.3751808	0.1624471
0.1204091	0.02227739	0.4080486	0.159031
0.3785547	0.0242298	0.3458951	0.1987271	0.09729657	0.2335521	0.0793827	0.1781392
0.1506694	0.03570337	0.3212177	0.1398028	0.1382675	0.2484509
0.2281075	0.007769837	0.1329191	0.3676821	0.1511395	0.1857597
0.3145785	0.05688435	0.09650079	0.357624
0.2565876	0.1301861	0.3292658
0.239936	0.1660924	0.4325962	0.1573924	0.3147683
0.1694729	0.1716278	0.5137667	0.1365117	0.2380532	0.1334732
0.1255668	0.1558063	0.3507517	0.009200741	0.06584501
0.2348884	0.1193572	0.002070181	0.3281671
0.1880424	0.01044123	0.3461753	0.165926	0.09285465
0.1929343	0.03942695	0.3671767	0.1528156	0.1609535
0.1179994	0.04633603	0.3395087	0.2680479
0.1609358	0.0197333	0.4168343	0.1999954
0.18843	0.008967209	0.4093792	0.1252124
0.2362185	0.002079914	0.4186396	0.2062394
0.2440462	0.05587764	0.5345533	0.1945597	0.09228823	0.1961114	0.1866861	0.2750622	0.1111016
0.2035651	0.006360431	0.3289168	0.1642099
0.2188494	0.004198617	0.1067479	0.3951126	0.1991638
0.2140758	0.001071904	0.3606568	0.1557462	0.1793354	0.2080301
0.1417201	0.001117772	0.2156172	0.4078064
0.1471767	0.0002264784	0.197636	0.1790925	0.2279347	0.3193729	0.1948656
0.2179781	0.006977633	0.1167247	0.3501094
0.1819507	0.003752889	0.2564426	0.3960356	0.2764511	0.1850154	0.1785579	0.185259
0.1459787	0.003168523	0.4176797	0.1264072	0.04491975	0.09193421	0.2460768	0.2563526	0.2758234
0.1337339	0.0519317	0.3282501	0.1417545	0.1682993
0.2018539	0.03064675	0.3875121	0.2187659	0.0800481	0.1189805
0.2262038	0.01488637	0.3951435	0.1608607	0.1462688
0.1497936	0.005384147	0.3275911	0.200896	0.3540405
0.2156549	0.0002870862	0.2281911	0.3471702	0.09738032	0.1312445
0.2448838	0.001493621	0.3627422	0.203751
0.3438643	0.03827352	0.1376944
0.3492002	0.01166792	0.1929826
0.2741006	0.08750907	0.1105455	0.2454121	0.3648263
0.1667713	0.09771568	0.3393356	0.4221874
0.2886958	0.0932863	0.3250152	0.2476101	0.1385934
0.2964823	0.403901	0.2939846	0.09035967	0.2167706	0.2108655
0.242642	0.0723423	0.304872
0.2063726	0.1247074	0.3539631
0.2766979	0.1178407	0.3302872	0.1379771	0.3071078
0.1316169	0.418399	0.1190368	0.007701839	0.1578845	0.2117791
0.2583801	0.3581707	0.0194917	0.1209719
0.1683259	0.3648194	0.01299809	0.1814198	0.1718055
0.2391117	0.3648194	0.1038674	0.1900519	0.07600365	0.2103225
0.07882897	0.3670555	0.03828577	0.1391282
0.2972911	0.4404558	0.0375257	0.1638107	0.2026323	0.2357794	0.2709102	0.2159711
0.282698	0.3097214	0.1239754	0.1977911
0.1126908	0.09959283	0.2768925
0.2289077	0.08612464	0.3695988	0.07479939	0.2828097
0.2066313	0.09512972	0.2964677
0.2039924	0.1236457	0.4976526
0.2029332	0.1214817	0.4168024	0.2003586
0.1262583	0.09753697	0.4480885	0.1194189	0.1357576
0.1878569	0.05418323	0.3417885	0.1626798	0.3040295	0.1186364
0.2945683	0.1045103	0.3883739	0.2232524	0.2800211	0.2560861	0.05354054
0.2046877	0.432938	0.01080378	0.1610204	0.1866905	0.07529437
0.2087501	0.405675	0.001404412	0.1689715	0.2065688	0.2795458	0.3007825	0.2291079
0.2015054	0.002369541	0.1906699	0.3933709	0.1233741
0.271887	0.01328015	0.1131241	0.3622237	0.2513161	0.09093583	0.1298561
0.2125671	0.01909043	0.166134	0.3901066	0.1016049
0.1296407	0.01708425	0.4047002	0.2081437
0.2440944	0.003280366	0.3415494	0.1463614	0.1986042	0.2437592	0.148046
0.1441602	0.01356087	0.4368476	0.1378763	0.1590938	0.2134044
0.2679253	0.01877634	0.3983554	0.1054298	0.2254892	0.1913742
0.1413392	0.001662055	0.4078589	0.1600249	0.1868926	0.1623943
0.1961415	0.002186663	0.4319104	0.1868649	0.1681961	0.1797002
0.2020982	0.001142901	0.322269	0.1497827	0.2239128
0.142876	0.01047347	0.3463848	0.237078	0.08968813	0.1287369
0.3149021	0.02730521	0.1896458	0.3125747	0.3873664
0.146547	0.003952846	0.3980135	0.2016356	0.219927	0.222856
0.3034556	0.001507074	0.3369908	0.1765299	0.3932617	0.09665723
0.1524447	0.004649557	0.36513	0.2140677	0.2088062
0.2404473	0.3817845	0.1577825	0.195597	0.2762243	0.1448173
0.1586228	0.4433493	0.07769763	0.02104387	0.1966432
0.1833413	0.333903	0.06921197	0.1174049	0.07643234	0.1921085
0.205143	0.1070061	0.3692553
0.2396794	0.09666371	0.4184579	0.2884136
0.1514116	0.08271701	0.4094911	0.3701386	0.1133633
0.1687777	0.005026733	0.4132707	0.21875	0.1226859	0.1707122	0.2182045
0.2012917	0.01205973	0.3057238	0.2013761
0.2955087	0.02784118	0.1242378	0.2812264	0.1791238	0.3908299	0.2773541	0.2858725
0.148952	0.02359838	0.1499249	0.2857095
0.2076702	0.3673094	0.08204786
0.3423379	0.10061
0.2193083	0.343678	0.09022946	0.1194078	0.2066583
0.3395814	0.3587231	0.2154206	0.13163	0.07098864	0.2027534	0.1682318
0.1873436	0.3602125	0.02257904	0.162431	0.2618975	0.1663671	0.2148857
0.1091057	0.4171641	0.01602126	0.1604408	0.1261132	0.09015728
0.1431312	0.3598223	0.03924497	0.1371799	0.2487885
0.2827463	0.4536799	0.01233916	0.2138308	0.1396678
0.1651491	0.3889738	0.01467278	0.2308616	0.09737865	0.08876502
0.09326195	0.3889738	0.05078129	0.1723472	0.2214112	0.04969171
0.1536331	0.4419384	0.02247965	0.219819	0.04422598
0.1574742	0.3533687	0.0004859793	0.1612748	0.1328384
0.1564388	0.3389161	0.000118393	0.1962621
0.1189657	0.4469103	0.01411291	0.1354679
0.2253227	0.3781462	0.05728995	0.1569261	0.2478799	0.1984305
0.1746626	0.3787878	0.02019054	0.1754035	0.08716915
0.2058107	0.4143971	0.03810564	0.1713164	0.29184	0.1587726
0.1536665	0.3299144	0.004121949	0.193435	0.07382996	0.194659	0.296464
0.1755937	0.3548845	0.003630064	0.1457839	0.2831489	0.1683213
0.1913335	0.003824214	0.142039	0.4096117
0.1376483	0.00602622	0.1111966	0.4202383	0.0701818	0.1572179	0.2667724
0.3346042	0.07595799	0.1434992
0.1591927	0.3937267	0.1189873	0.1842044
0.1989465	0.332262	0.07420561
0.3485978	0.3567816	0.08258738	0.1499041
0.4172985	0.1094357
0.325207	0.08912039
0.1734971	0.09108437	0.3546627
0.2633644	0.1117009	0.3781929	0.1510293	0.1838965
0.318653	0.1071451	0.3311956	0.1491358	0.1646436	0.2160069
0.26918	0.1671577	0.2805907	0.01659136	0.2782303	0.199953	0.2471016
0.2699118	0.3907075	0.01565892	0.1356056	0.1647336
0.143073	0.0004324703	0.4325156	0.1783817	0.1819275
0.3115597	0.01102954	0.1581018	0.4010228
0.3428096	0.01008224	0.2719244	0.3404093	0.1879486
0.2605551	0.07602517	0.4314525	0.1378257
0.1974183	0.01785947	0.3648787	0.1440924	0.1723225	0.255481
0.1690409	0.03761373	0.4922368	0.08882337
0.1128971	0.009938681	0.346097	0.1625658
0.0829883	0.02262736	0.466533	0.156455	0.2520037
0.2714252	0.006414952	0.4230437	0.145955	0.2866512	0.2234737
0.1537291	0.01874351	0.344848	0.1975767	0.1686285
0.2095094	0.01015605	0.4295278	0.1710779	0.2228968	0.3350747
0.276114	0.002432077	0.4546868	0.2154471	0.1699129
0.2628483	0.01939811	0.1258994	0.3593958	0.2206714	0.3343792
0.2658742	0.01086219	0.1262388	0.4365163	0.1405039
0.2879737	0.02038589	0.1744069	0.2745852
0.3520492	0.02461201	0.1506494
0.3323233	0.04023209	0.1649884
0.3725704	0.04568446	0.1905192
0.3045717	0.02711654	0.1625379
0.4379815	0.03626892	0.1401031
0.4360426	0.008184613	0.1911249
0.3678724	0.01078203	0.1866552
0.3415207	0.04095778	0.1737432
0.3072349	0.009804317	0.384267	0.1444689
0.3894451	0.01439326	0.1205278
0.3289327	0.04779251	0.2183943
0.2880433	0.1136147	0.3848501	0.2058915
0.2087695	0.00812017	0.3452915	0.1430107
0.2291993	0.01348833	0.462029	0.1896381
0.2134816	0.01413281	0.3712491	0.1792308
0.3795921	0.01811558	0.1621291
0.4332318	0.01346933	0.168008
0.345507	0.0177315	0.1736274
0.319191	0.00752499	0.1219447
0.3361195	0.02077336	0.1600108
0.4034891	0.003884808	0.1118708	0.2690093
0.2411723	0.002897085	0.18442	0.406992
0.2211151	0.01853765	0.1652322	0.104349	0.3679845
0.3535834	0.01869138	0.1742492
0.1404692	0.04087316	0.1418729	0.427279	0.2120807
0.2841037	0.0577906	0.1929649	0.4126004	0.1672185
0.1164398	0.002323777	0.390118	0.1563453	0.2464984	0.1745279
0.1055788	0.00233871	0.328976	0.140466
0.2332249	0.01287181	0.1862608	0.330584
0.2798997	0.006694673	0.1918733	0.2864088
0.3839852	0.01794422	0.2042851
0.4889912	0.01808104	0.1268286
0.3733346	0.001955868	0.15356
0.1369465	0.01517587	0.3213274	0.1990391	0.1608979
0.1993966	0.01188222	0.143684	0.3908286	0.1591224	0.212109
0.2618034	0.002638086	0.128371	0.3013109	0.1761917	0.2175539	0.1722834
0.1610228	0.01530954	0.170358	0.3761221
0.176805	0.00328537	0.2209577	0.4143302
0.1328306	0.03057763	0.1340273	0.341568	0.1271158
0.2086659	0.07528265	0.1186459	0.3271135	0.1641983	0.2195624	0.2370955	0.1582756
0.2559193	0.004648558	0.3723933	0.1877259	0.2136688	0.1568397	0.1845374	0.1254257
0.2206614	0.04666563	0.3124031	0.1093175	0.2196578
0.1189662	0.003064299	0.3826972	0.1176458	0.1942015
0.1539989	0.04945154	0.3517085	0.14492
0.18683	0.007962767	0.3852844	0.162909	0.1753645
0.04155151	0.01743828	0.1651224	0.238916	0.2144666	0.4958001
0.3702364	0.006574785	0.1931997
0.1939974	0.003478654	0.1892415	0.3818182
0.07152904	0.0007635239	0.2820049	0.1775118	0.2939178
0.3119957	0.002119455	0.2986745	0.1294997	0.4121283	0.1554319
0.2592938	0.01750699	0.1522716	0.3718555	0.1068771	0.2382858
0.2363728	0.03301165	0.1719573	0.3331502	0.216838	0.09421874
0.2588394	0.01640493	0.377099	0.1533077	0.1716691
0.2687652	0.0006849571	0.3883561	0.1868636	0.1626016
0.2211302	0.002145797	0.1442716	0.4206814	0.1406552	0.2563456	0.1659713
0.272837	0.0112607	0.2304817	0.3526766	0.2419658	0.1407625
0.2567424	0.01585397	0.3977605	0.1661256	0.2618915	0.1377995
0.3075734	0.02218759	0.1325358
0.2496589	0.05292663	0.1747342	0.3663849
0.1893724	0.005177429	0.164122	0.3812461	0.2684426
0.2705047	0.01061214	0.1789021	0.380772
0.08489051	0.00621122	0.4182309	0.2215313	0.2561678	0.1421053
0.2816937	0.008241278	0.1397506	0.3495212
0.199238	0.029093	0.1606152	0.4155197	0.2416067	0.1094546
0.1189955	0.03492852	0.2072172	0.4007301	0.2935347
0.3739748	0.005851895	0.1455114	0.3996239
0.223628	0.00200847	0.2184595	0.3843596
0.1806232	0.002644223	0.156455	0.3514429	0.2976651	0.1339602	0.1447968
0.3312326	0.01281347	0.1002631	0.2259285
0.4089297	0.09959295	0.1754997
0.2909722	0.1471241	0.2908531
0.1876958	0.08969835	0.3565449
0.3005401	0.1172101	0.369937	0.2293178
0.3828435	0.4037316	0.1003846	0.2183056	0.3216869	0.1147673	0.3300147
0.08847489	0.3254338	0.07150526	0.1811738
0.1121902	0.3203847	0.007137358	0.1097828	0.1288367	0.05352965
0.1953994	0.3487916	0.04111789	0.2325299	0.2133123	0.2232337	0.0837253
0.1553976	0.4504565	0.007218763	0.1952757	0.158209	0.08665611	0.2688608
0.1753212	0.3722438	0.006055114	0.1926554
0.2459178	0.411482	0.02399456	0.1819316	0.204034
0.1070825	0.387437	0.007311895	0.1887497	0.1389358	0.106829
0.1506725	0.34933	0.03712033	0.110079
0.1952225	0.3523491	0.03248378	0.1333386
0.1699311	0.3431264	0.006881753	0.1912939	0.08240914	0.0926499
0.2674194	0.4691101	0.007347032	0.1551129	0.1034802	0.2045236	0.286526
0.1897241	0.03252784	0.4387108	0.2037997
0.2392901	0.09374482	0.3328538	0.1263886
0.1428009	0.116701	0.3862526	0.2501693	0.09865852
0.2431195	0.1309575	0.338545	0.1214978	0.2145651	0.1688094	0.181443
0.2082928	0.01242909	0.4720415	0.1988424	0.2720634	0.2177095	0.06515332	0.2911003
0.1764726	0.00307383	0.3139312	0.1842844
0.1665949	0.006413156	0.3919457	0.1482157
0.3541731	0.0249697	0.1211593	0.340779	0.1305962
0.157526	0.007827467	0.4231455	0.1413256	0.1699736	0.1683835
0.1638875	7.905412e-05	0.4231455	0.1797019	0.2773949
0.2639913	0.003808781	0.3989128	0.1707248	0.279599	0.2576464
0.03815402	0.01830539	0.3744889	0.1821913	0.1695189	0.2833218	0.1451787	0.1818145	0.1294343
0.238476	0.03058169	0.3889066	0.1980712
0.2192201	0.01928872	0.3716305	0.253716	0.1455464	0.1126866
0.2082634	0.354867	0.1178236	0.04870895
0.1797464	0.1321372	0.3070046	0.1012665	0.3207134	0.1280456
0.1190978	0.150552	0.258857	0.1909296
0.1695445	0.1133583	0.1614721	0.2514019	0.2460417	0.346363
0.1950254	0.1150512	0.3499766
0.2172789	0.08322873	0.3300721	0.2962874	0.1615072	0.17725	0.1491328
0.2403849	0.07599234	0.3735246	0.1097784	0.1684414	0.1241655
0.1987988	0.08837453	0.3061465	0.0534616
0.2594689	0.1880638	0.5298051	0.0154664
0.3446745	0.402934	0.004279267	0.1180181	0.1814891
0.1322144	0.3182511	0.008292489	0.1232366
0.2176742	0.3870262	0.03177687	0.1823787	0.2805776
0.2336152	0.4402913	0.02391261	0.1965576	0.227959
0.3242077	0.3192399	0.00614349	0.1232337	0.2057456
0.3216029	0.377748	0.0220997	0.2232116	0.1840739	0.1190261	0.2170516
0.2157989	0.3820331	0.01292282	0.1180208	0.1587371
0.1474509	0.3714317	0.04740861	0.1922593	0.1038268
0.2605764	0.3374879	0.005572313	0.1553959	0.2853951	0.1626721	0.1375484
0.368109	0.01531613	0.1638873	0.1890619	0.4399559	0.05009519
0.1359249	0.04095426	0.1641784	0.3982441	0.268647
0.241707	0.01306641	0.3982441	0.1733969	0.1224394
0.2347411	0.006139805	0.4582095	0.1793115	0.113878	0.225897
0.2507272	0.01234887	0.1513324	0.3257349	0.1521643	0.2627794
0.3082525	0.02514707	0.4330194	0.1457796	0.09464194	0.1695388
0.2872572	0.003665338	0.4016108	0.2602541	0.1653898	0.1528312
0.2753043	0.01005904	0.3388379	0.1992772	0.2912909
0.1978712	0.008598298	0.3908632	0.2389915	0.1861953	0.1140179
0.2813542	0.0121201	0.3900954	0.1085446	0.09782216	0.213569
0.1977628	0.009752354	0.3547921	0.1662322
0.33036	0.01677331	0.2290899
0.368651	0.002361248	0.1876724
0.3140198	0.01116177	0.1022889
0.1745761	0.01047851	0.2157007	0.4438916	0.1863632
0.1348189	0.07119384	0.4021101	0.2793855	0.1582713	0.1722373
0.1357709	0.04629357	0.1729706	0.3191084	0.2976971	0.1764626	0.1449816
0.3048569	0.007127996	0.1784679
0.2996111	0.008218366	0.1240929
0.2080527	0.007346289	0.2914284	0.1754588	0.09483904	0.3066169	0.1774223	0.153274
0.2004981	0.02218235	0.1754588	0.4548515	0.1293891	0.1303682
0.2627076	0.0184188	0.3226356	0.1256395	0.1493609	0.08524901	0.2225336
0.332283	0.01778642	0.1201439	0.2615626
0.3611376	0.00770159	0.1470257
0.2828241	0.01101457	0.1607776
0.2538238	0.02579727	0.1390504	0.3590644	0.2056775	0.13884	0.2075686
0.1543226	0.02602674	0.1477199	0.3744639	0.2546075	0.2626587
0.1603238	0.0229544	0.195986	0.4228523	0.2081573	0.06467379	0.2007763	0.1710321
0.2589092	0.009414498	0.134194	0.3661531
0.1966752	0.01222459	0.1532636	0.3021969
0.1090463	0.007346812	0.183511	0.3442801	0.1463281
0.197844	0.01463808	0.3803229	0.1591485	0.2288182
0.2115502	0.006973542	0.3803229	0.1580705	0.2230219
0.1686243	0.009312529	0.1425327	0.4080364
0.3210534	0.03293755	0.220211	0.4216828	0.1076242	0.1516226
0.2277098	0.03592965	0.2153772	0.3434197	0.09457007	0.3143528
0.1437736	0.0198046	0.1778663	0.4005959	0.1581848	0.1579278
0.2092389	0.0190088	0.2703113	0.146062	0.1347816	0.1806019
0.3782674	0.05780909
0.4410804	0.08365653
0.2556903	0.09054957	0.3172444
0.2396331	0.116642	0.3228521
0.2546082	0.3849073	0.1520795	0.2857606
0.1662496	0.323654	0.09755296	0.1796457	0.2929977
0.1967747	0.3937533	0.1535914	0.06289724	0.2743901	0.2862014
0.1960432	0.3970504	0.1588334	0.1383648	0.02839842	0.2641997
0.1538544	0.3229451	0.1348769	0.0170681	0.1501286	0.1318126
0.2921811	0.1724031	0.03891457	0.3675368
0.2836985	0.09019872	0.3919936	0.1624114	0.02695071	0.1547141	0.1380329
0.1711934	0.3930726	0.07260878	0.2390416	0.2421012
0.2707695	0.4543456	0.003708347	0.14932	0.2339395	0.1639344
0.2122869	0.4179041	0.00497924	0.1571872	0.1268654	0.1289387	0.1984082
0.1551616	0.3842933	0.01335121	0.1295551	0.1641039	0.1560874
0.1785776	0.3583763	0.006493775	0.12846	0.3152019	0.2167013
0.1679238	0.2560025	0.003044844	0.2139999	0.2154954
0.1011194	0.4193494	0.0315766	0.1964928
0.3044673	0.455029	0.04636404	0.135372	0.1348824
0.1298112	0.4139213	0.02015665	0.14273	0.1663559	0.236431	0.2048446
0.2155074	0.005888865	0.1679	0.3660388
0.408904	0.01271072	0.1432344	0.2002277	0.2225775
0.2017976	0.02033574	0.2487701	0.2855523	0.1627927	0.1761818
0.1871646	0.02222676	0.4010392	0.1964649	0.2101409	0.17843	0.1243256
0.1617274	0.0123593	0.3694911	0.1957369	0.09734679	0.2647802
0.1664648	0.01455277	0.4206915	0.1361185	0.3599101	0.1935955	0.1412114
0.1663173	0.0442098	0.3776902	0.08386712	0.2331438	0.152565
0.1541863	0.3363506	0.08513809	0.1694063
0.3883305	0.1177327
0.1997091	0.07515456	0.3313577	0.1079519
0.2301249	0.1043727	0.3313577	0.228735
0.1513384	0.09200657	0.3125002	0.1552803
0.1028091	0.09072905	0.4259236	0.2360772	0.3155964
0.264442	0.0858931	0.3493369	0.2475588
0.2048	0.08770304	0.2115894	0.3476656
0.1661874	0.1066295	0.3209596	0.07755054	0.2406654	0.322813
0.3910271	0.3426121	0.02676247	0.1865497	0.1899191	0.2121427	0.1688843
0.3050553	0.3909389	0.03203326	0.192279	0.2193032
0.145129	0.2951326	0.0084547	0.1326523	0.2519151	0.07690648	0.1943915
0.243063	0.4127866	0.0151635	0.1634146	0.1762974
0.1342467	0.3910891	0.1240625	0.2092595	0.128894	0.1624608
0.2378743	0.3614054	0.09022919	0.2165475	0.2010128	0.1384406
0.1435558	0.3731365	0.0133892	0.174734
0.2271453	0.3786352	0.03978062	0.1333994	0.1527443
0.1487527	0.02049742	0.2147171	0.3890001	0.234902	0.1549593
0.1594545	0.01062585	0.3890001	0.1863156
0.2853563	0.05784667	0.376213	0.1169845	0.1389811
0.2988049	0.02626992	0.4144375	0.1353997	0.1299821
0.2505966	0.3496487	0.1195543	0.1123682
0.1566835	0.4510514	0.1449234	0.2267751	0.1517452	0.2076973
0.1932884	0.488825	0.09442791	0.179262	0.1895718
0.1342848	0.4193892	0.07316902	0.2310068
0.1802666	0.335828	0.1271758	0.205571	0.3074238
0.3438452	0.08529211	0.3483976	0.1438702	0.1592484	0.2642283
0.3176533	0.1035264	0.3759625	0.2377029
0.3693033	0.03826263	0.331015	0.1708331	0.1199968
0.2155369	0.02050395	0.368853	0.1296588	0.1823637	0.1147823
0.2197738	0.0007542605	0.4473665	0.1984247	0.07996801
0.2209278	0.0003309453	0.3729244	0.2061406	0.1443029	0.1190202
0.3252882	9.55482e-05	0.4709896	0.17825
0.2206353	0.0001963275	0.2905955	0.1588495	0.2507215
0.1258183	0.003729739	0.3406509	0.1869127
0.1859709	0.005435681	0.4196011	0.1043304	0.2961702	0.08536625	0.09738911
0.3304847	0.02147052	0.3811509	0.2056392	0.1999957	0.2358603
0.1826489	0.03559857	0.3830821	0.154033
0.173793	0.3663712	0.1923795	0.0622255
0.2518652	0.3954459	0.1047595	0.07297537	0.2582686	0.1754817
0.1091243	0.3433874	0.03455471	0.1385904	0.07999018
0.1451167	0.3318262	0.002429964	0.1684287
0.2096237	0.3252854	0.02008839	0.1047742
0.1938661	0.3356094	0.01566117	0.2005522	0.2153005	0.1747668	0.3542729	0.1777404	0.1309852
0.0962041	0.3858045	0.01689442	0.1932698
0.1836194	0.4025189	0.003941124	0.2222308	0.2485855
0.1584722	0.004250829	0.1629574	0.2670787
0.3141001	0.01701478	0.05549493	0.1906773
0.3201108	0.001893756	0.1988839
0.3290705	0.01329994	0.1840396
0.2600534	0.006871187	0.1392168	0.39225	0.1549157
0.2785682	0.007406593	0.2004288
0.267816	0.003038739	0.3883472	0.1477989	0.1738101
0.1738059	0.01188604	0.3610711	0.2048097	0.1371595	0.1777889	0.2602294	0.2040883
0.1704931	0.002065013	0.4046451	0.1568352	0.2886488	0.2750373
0.2374651	0.06871823	0.4000387	0.1130973	0.1341812	0.2625255
0.2585004	0.3419956	0.09923341	0.2989742
0.1514715	0.3881948	0.07818196	0.2450539	0.1210538
0.2455896	0.06374288	0.4035899	0.1656852	0.2001916
0.2175528	0.02037661	0.4005734	0.1527968	0.2466103	0.3353742
0.1729762	0.05508964	0.3689653	0.1513239
0.2364992	0.01600664	0.3722124	0.1534435	0.08974332
0.161887	0.02068655	0.3646256	0.1957509	0.2246802
0.2555528	0.008674316	0.3770664	0.1111667	0.1995282	0.2358589	0.1894494
0.1094248	0.02060912	0.118551	0.3465029	0.1860619
0.14889	0.003988933	0.1422343	0.4522622
0.2583163	0.02720164	0.1410017	0.3546507	0.1958827	0.09410255
0.1967518	0.04805053	0.1553642	0.1627855	0.378384	0.3106067	0.1816318
0.1944299	0.02662292	0.4306083	0.1325315	0.245443
0.1360886	0.01934641	0.3177576	0.1467643	0.1818536
0.2513806	0.0005299362	0.3497371	0.1392692	0.1031808	0.2598758	0.1264507	0.3180359
0.2206472	0.003633474	0.1684935	0.4162755
0.1537045	0.02219952	0.2038384	0.3900345
0.2322812	0.06375257	0.4102073	0.1117224	0.2390435	0.2322146	0.2625122
0.2751342	0.005507946	0.330137	0.1447073
0.2122769	0.004977694	0.1109269	0.3522811	0.03219373	0.2046221	0.2292267	0.07426349
0.1312048	0.01283381	0.1410817	0.3814062	0.2669785
0.2443375	0.002943495	0.1940576	0.3922511	0.121248
0.309068	0.01523	0.1958473	0.3509976	0.1003133
0.1012587	0.1359771	0.04446712	0.367959	0.08451192	0.1710089
0.2271226	0.08509464	0.3377482
0.1563914	0.033579	0.2892783	0.158465
0.234873	0.01033914	0.4135044	0.1209512	0.3208165
0.2990951	0.05052865	0.4025669	0.182593
0.158267	0.3719603	0.1082271
0.1938788	0.323735	0.1285805
0.153414	0.07933954	0.418565	0.1345965	0.2797558
0.3214596	0.4006996	0.1095001
0.2746543	0.07711051	0.3709436	0.2038682
0.2471954	0.1159367	0.3730124
0.2747969	0.09000833	0.3635554
0.2815232	0.0825524	0.3509453	0.1634783
0.1511246	0.08967302	0.2935084
0.2408565	0.112815	0.4823732	0.1995151
0.2153328	0.09545935	0.4099526	0.1454934	0.2549092
0.1885278	0.003367196	0.4651422	0.1785743	0.1299844	0.191549
0.1966362	0.01206144	0.3435047	0.1775793	0.2267412	0.0885347	0.3628699	0.2458541
0.2024732	0.0177136	0.1770782	0.353396	0.1942037
0.1458553	0.02050715	0.1796502	0.4310184	0.09320981
0.1337611	0.02121808	0.1589363	0.377441
0.1559109	0.03647312	0.3828964	0.1588141	0.1638326	0.2232513	0.3076935
0.240231	0.02619819	0.3910261	0.195725
0.1121964	0.04119411	0.4144244	0.1778961
0.1312188	0.45092	0.004687521	0.2090872
0.1446339	0.3773676	0.01349859	0.1605347	0.1339968	0.2319913
0.1866827	0.3541267	0.0309273	0.1928227	0.1230597	0.333647	0.2119247
0.2248913	0.353282	0.07945299	0.2806623	0.1951671
0.1337065	0.3659474	0.1836632
0.24257	0.08659558	0.4046287	0.1237278
0.1785684	0.09243178	0.342534	0.1650046	0.3056264
0.1115023	0.2929957	0.114966
0.2018066	0.3398082	0.1110425
0.4118417	0.3437603	0.127056	0.08669912	0.1586911
0.1109126	0.08534484	0.3882621	0.05363054
0.2408673	0.08509785	0.3985222	0.2138146	0.1061602	0.1932076	0.1497462
0.1668317	0.01378918	0.2549566	0.1172449
0.1662394	0.01000812	0.3588206	0.1330461	0.07857472	0.1679266	0.2703263
0.2494628	0.01425873	0.363707	0.3160789	0.1983045
0.2787993	0.04180371	0.3652255	0.1871803	0.2099599	0.2806677
0.2411931	0.2109931	0.3429437	0.008350881	0.2160052
0.220287	0.3400856	0.02251885	0.2579674	0.1705615	0.1325984
0.1338818	0.4863112	0.07028054	0.2360823	0.2341715
0.1683263	0.4415035	0.0608072	0.2391605	0.2416166	0.142056	0.271009
0.3264943	0.3900084	0.04372944	0.1320289	0.1308008	0.0896723
0.269986	0.01215217	0.1110131	0.2656051
0.1518105	0.02308759	0.1640636	0.426094
0.2419377	0.005508143	0.3883018	0.1580633
0.2195396	0.0005064103	0.3692829	0.1460155	0.1339346	0.2672502
0.2347457	0.02626754	0.1780578	0.4783282
0.1925051	0.001922881	0.1775375	0.3712766
0.292367	0.006711857	0.1326154	0.383203	0.1630742	0.2023054
0.3299493	0.005625589	0.2016478	0.3433012
0.4212101	0.03532017	0.1702406
0.3134799	0.01401465	0.3234281	0.1561455
0.1431245	0.01337083	0.1386472	0.3303438
0.2700679	0.02902155	0.1158725	0.3550082	0.2501642
0.3882404	0.05269223	0.1202766	0.3461456
0.3542495	0.09506826	0.2032342
0.3144098	0.09236982
0.3066269	0.04075494	0.1789535	0.1466825
0.2215541	0.032145	0.4486879	0.2284507	0.1763687
0.2254487	0.0779265	0.3497353	0.2036923	0.1879759	0.04313456
0.252301	0.007804272	0.388623	0.1743598	0.131817	0.1625
0.2795649	0.004706705	0.3234799	0.07569119	0.09200526
0.158934	0.01692596	0.4443008	0.1885743
0.1609698	0.002637855	0.3678941	0.1676413	0.1769546	0.243033	0.1051239
0.2469387	0.006836816	0.35075	0.1304033
0.2468226	0.004186658	0.3405216	0.3085949	0.2106343	0.2254238	0.2322682
0.2114231	0.0007743784	0.5440574	0.2278933	0.1622118	0.1994003
0.1114781	0.01874121	0.4198156	0.1676916	0.0815999	0.2626874
0.08281789	0.02980106	0.131223	0.3568806	0.1617653
0.1955302	0.1250831	0.3134657	0.08873904
0.1594445	0.3786039	0.1974534	0.03026592	0.05587675
0.1290707	0.3623058	0.004930062	0.18983
0.212821	0.02233842	0.1425673	0.3750989	0.2386431	0.08569053
0.2710817	0.02337023	0.1324484	0.3750989
0.1437136	0.007593561	0.3488893	0.1264987	0.1185635
0.263038	0.06786889	0.17187	0.3203316	0.08161934	0.2013339	0.2559203
0.4101595	0.0186914	0.3367525	0.134504	0.1474303
0.26686	0.07760545	0.3201451
0.1977375	0.4672461	0.09856147	0.2096528	0.1335134
0.2570682	0.4046703	0.03487013	0.1455418	0.1574837	0.05351055
0.2414989	0.3927303	0.01531696	0.1911584	0.2721975	0.2085194
0.2299466	0.3927303	0.002284175	0.2239452
0.2330148	0.4124411	0.008022377	0.1400873	0.1451383
0.2282336	0.468285	0.06538403	0.2011417	0.07211268	0.1141497
0.2627533	0.3271231	0.009553294	0.2236848	0.2148607
0.4182551	0.03018946	0.22628
0.3165796	0.08255138
0.2434613	0.1069337	0.3458441	0.2389039	0.1832347
0.202713	0.08857536	0.3909268	0.1730649
0.3068081	0.1977313	0.4275315	0.0105576	0.1580557
0.2625769	0.001131687	0.163314	0.3606301	0.1143589
0.2714786	0.02735709	0.1507656	0.3559699	0.1632621	0.2861301
0.3326697	0.01167517	0.1330785	0.3669512	0.05229702
0.2405044	0.02800001	0.3823007	0.1633416	0.1876036
0.2015339	0.0133357	0.336741	0.2105499	0.2539081
0.2582753	0.01014513	0.3583951	0.1864022	0.2237158	0.1658483
0.1626125	0.006650327	0.3533115	0.1673893	0.01595102
0.1900162	0.01877239	0.3126129	0.1400939	0.1271111
0.2101473	0.01337471	0.1797344	0.3979581	0.1560444
0.2227418	0.007159251	0.3609041	0.2223818
0.1927835	0.02333398	0.184191	0.3979587	0.1855308	0.1553529
0.3183382	0.08622571	0.3792841	0.1769744	0.0896883
0.3784871	0.03538612	0.2236868
0.3174658	0.02135595	0.1732619	0.1384741	0.4053966
0.354286	0.008466294	0.1024708
0.1452821	0.07062799	0.2013506	0.3783129	0.04989054	0.2813072
0.2446016	0.0275406	0.1949229	0.3436851	0.05722866	0.09226478
0.1493837	0.001095561	0.3883434	0.1347985	0.1622846
0.181196	0.0006697275	0.3156248	0.2004106
0.08866493	0.004178484	0.2471397	0.1144281	0.1933995	0.1667667
0.2850837	0.0188995	0.1640551
0.2752458	0.02158129	0.1366523	0.3389216	0.1234206	0.09338412	0.08819267	0.1009544
0.2485289	0.0540736	0.1035929	0.3389216	0.1707416	0.2606714	0.0987694	0.2212835	0.1776065
0.2641809	0.01844868	0.1184277	0.4210041	0.08047316	0.2068911
0.2865923	0.00188557	0.4179988	0.1618867	0.09257851
0.3056555	0.01854935	0.3792454	0.1625378	0.1689617
0.2220306	0.02335536	0.1535929	0.1495659	0.3507113
0.2182916	0.03245117	0.2742101	0.5087162	0.1039134	0.3312387
0.1908647	0.008587033	0.3128594	0.1356058
0.2342904	0.04180362	0.1222007	0.345417	0.1784733	0.2042726
0.1415627	0.000320925	0.3617016	0.1965331
0.263688	0.005166951	0.4082345	0.1545212	0.2753508	0.2403946	0.09804855	0.2146679
0.2569998	0.03683613	0.3956808	0.1881021	0.06671288
0.09171981	0.05184225	0.416125	0.1567821	0.08390982
0.2628712	0.06572159	0.4367571	0.1346911	0.2005593	0.2223779	0.233189
