SpeciationRateChanges
23.94226	17.32754	22.20669	21.70722	16.12758	2.821002	23.18066
23.94226	18.47508	21.64535
23.96565	19.29406	20.92376	17.45016	18.96206
23.96565	21.80837	17.97163	4.759726	24.74902	12.49633	23.09397
23.96565	18.27731	21.35705	5.450515	11.59001
23.96565	18.05429	21.7378	9.069236
23.96565	12.10997
23.96565	21.64118	18.45922	10.3069	5.685535
24.02354	18.39123	21.37568	23.68444
24.02354	21.63722	4.838246	10.2559	5.084077
24.01154	18.49934	21.68665	8.640605	6.747881
23.98047	18.47656	22.10563	13.55458
24.10275	18.40247	21.88033	3.118804
24.10275	17.08912	21.63677	15.83485
24.03565	18.44628	22.11765	5.692949	21.03522	14.82161
18.27057	23.94365	21.25926	3.940171
24.15426	22.22564	23.88892
24.04037	22.01103	1.975354	21.1421
24.01086	21.69764	1.142964
23.9822	8.29219	22.07161	7.222558	8.23705
23.9822	11.70275	21.69618
24.00901	9.053021	21.27718	4.937886	2.719835	2.926284	21.10804
23.97597	3.85562
23.97597	20.81707	15.39041
23.97597	12.11619	20.92689	5.783415
21.70774	18.0422	14.83143	2.330116
22.05097	18.12488
21.81818	15.65539	1.175426
21.76192	18.36103	24.30805	2.002701	18.04912	17.56507
22.33395	15.13884	24.00254
24.00254
24.07409	22.20685	7.026696
24.07784	7.850285	22.26124	2.680957	6.785058	23.70988
24.07784	0.3078012	21.07247
24.14636	1.457283	22.09275	22.74832
24.00504	21.97642	13.04631	6.468617	0.01319319
23.97855	19.02102	21.82528	11.7777
23.97855	18.33389	22.07661	5.156964
23.97855	18.22761	22.04312	2.398113
23.97855	22.05706	18.39971	7.350651	6.948587
24.00696	21.18036	18.11898
23.8498	22.03429	18.13925	6.52694	22.85134
22.13571	20.6435	17.22098	9.200429	16.5252	3.816729	8.618333
22.30307	17.93889	2.203309
17.13228	21.79519	10.5458	6.656592	13.60854
17.81254	22.04265	8.05384	4.50299
20.77988	23.98671	16.61073
21.4379	24.03212
23.99621	21.38802
23.99621	22.15507	8.18151	2.132287
23.98117	21.33103	8.337787	21.48791
23.98117	21.68754	15.68988	11.33932	12.34388	12.87529
24.03793	21.89931	0.3554281
23.95257	21.12857
23.95257	21.03664
23.72435	21.71872
22.09926
22.26508
22.3256	24.39969
20.97833	24.06491
21.75497	23.94698
23.94698	22.05144
23.94698	21.35236
24.06841	20.82235
24.01562	20.61899	11.57374	22.65715
23.92605	22.26419	23.34231
23.99976	22.23626	1.171858	17.64334
23.98151	15.92843	22.10753	3.748899	5.074325	2.378516
23.98151	14.68918	22.09474	5.786513
23.97433	22.06462	23.1791	18.32158	23.85009	8.280167	11.08508
23.97433	17.28493	22.0754	2.830941	14.86771
23.98279	13.79714	12.81652
23.98279	17.01928	21.14351	0.6074727	4.68634	2.984374	11.64304
23.98279	4.936522	20.81762
23.98725	1.670788	21.83818
24.02101	0.3877944	21.35357	22.79463
24.02256	11.184	21.19939	22.81959	9.4085
23.99599	17.80798	23.10866	21.78627
24.06955	18.2262	21.33115	7.033164	21.70132	18.86536	3.478801
23.87598	18.20404	21.17537
24.02151	21.69241	12.05876
24.00734	21.41936	9.800993	5.92487
24.00734	21.75792
24.23303	21.66956
22.24439	3.890721	13.35104
23.88822	21.17943
24.00833	22.37335	21.30327
24.03692	17.16803	21.80388	3.654112	12.71287
24.11264	18.33726	21.73261	6.064177	0.4672303	7.718706
24.10832	18.23669	21.71432	20.9503	1.287792	14.79761
24.0422	18.45598	22.17185	11.44347	10.15204	2.017371
24.0422	21.65505	18.37529	6.308409
24.04976	18.06724	21.38303	17.74284	6.635934	17.15567	0.6951042
24.04976	18.05435	22.10963	13.29572
24.04976	17.07973	22.31308	7.930079	6.401696	22.09761	9.251248	13.7877
24.04976	6.379319	21.56169
21.76737	17.77891
22.25577	17.54666
17.25328	22.03735	6.889133
18.32015	22.1378	20.97442	11.13266	7.45732
15.77169	22.20859	5.213665
21.71914
22.29156	0.203126
22.07918
21.50854
21.73591	24.3284
22.37654	16.34358	5.353911
17.14301	24.18795	21.70071	15.29826
14.57193	24.10823	22.26822	3.19417
16.08383	24.22627	21.33
18.17446	23.97069	21.1425	8.449768
17.00369	23.94029	21.75798	10.13914
18.6451	23.95888	21.30779	14.755	11.02405	10.89146
18.3298	24.17631	21.2875
24.13809	17.13284	21.72543
20.96558	24.07334	18.65797
24.01248	19.11241	21.47248	18.46582
23.92328	17.15964	20.85899
23.9626	16.15681	21.93374	1.314678	12.59596
23.9626	17.3569	21.68315	23.91935	21.7692	5.739646
24.13508	18.99074	22.07552
24.47358	12.93018	21.67055	3.764875
24.21904	15.65135	21.7138	5.989014	9.912391
19.08745	21.71208	5.908022
15.75401	22.00391	0.3016438
22.27213	17.34273	7.06185	15.36822
22.11428	18.42362	3.32268	9.667157
22.30096	18.34157	2.941552	2.007129	6.035313	5.92698	24.30838
21.84346	17.43588	24.43626
17.97826	23.94649	22.0763	7.543837	1.381706	17.47303
18.29648	23.94649	21.88275	3.601242
17.0674	23.94649	22.06488	16.49049
13.31395	23.96493	21.08676	2.69624
13.94789	23.96493	21.59191
17.29086	23.94398	5.54496	16.36697	21.88771	15.93236	22.32353	11.21157
19.11203	23.94398	22.13245	14.34641	6.009325	7.578069	5.770875
16.96441	23.97294	21.1853	11.9543	6.005005	21.55758
17.92202	23.97214	10.60336	21.88513	21.21296
18.23714	24.07063	21.54391	17.34415	21.92025	21.36594
17.41204	24.07063	21.72011
24.00761	21.90753	23.576
24.1104	21.10112
24.08299	22.09875	9.71753
24.08299	15.02833	20.833	23.65276	3.327076	21.70586
24.00734	14.58224	20.82692	10.67079
23.98939	17.99824	21.13111	11.18261	8.479422
23.98939	21.24112	9.405702	7.254149
23.98939	21.70819	9.37459	4.983989	5.583612
24.20646	9.996754	21.63444
23.96847	21.70512	22.6802
23.97123	8.299434	3.447427
24.07528	20.88809	5.199741	14.98674	14.77075
24.07528	21.33707
24.04959	20.82491	22.52403
23.95709	21.73762
23.94037	22.09569	11.74513	5.564684
23.94037	21.44089	16.21551	8.808287	4.492692	14.61976	22.47159
21.6845	15.80272	11.51154	9.550067
22.07704	18.30355	5.614895	16.40223	4.104913
24.01564	17.94152	21.31185	4.670531	16.17298	0.2423232
24.03655	19.21609	21.77758
24.055	18.17851	21.22941	7.246304
24.055	22.26152	12.47421	18.25323	10.75001
24.10906	22.2495	18.38812
23.97081	21.70745	18.42939	0.2647479
23.97081	22.03174	18.78764	21.37592	13.26503
24.13417	21.13138	17.8123
24.01732	18.37562	20.61357	22.16648	0.07233169
24.01732	17.31062	21.70916	12.71605
24.00362	18.43979	21.2153
23.97538	18.29151	20.73823	5.900506	1.877802	9.999457	22.43655	6.115078
23.97538	20.80786	0.2423411	16.02905	3.919074
24.1657	18.64514	21.38022	22.00222
24.12892	18.19891	21.31338	15.75202	16.46814	15.26371
24.07615	16.59905	23.02487	4.136555	1.816638	14.8764	21.6853
24.0057	14.96816	21.65706	5.914538	4.606591
24.0124	14.1689	21.76649	5.512048	18.28369
24.0124	21.51174	15.0461	13.75259	14.62083	10.67394	12.44686	8.667841	11.17977
23.97406	21.36669	14.37187	6.59288
23.97406	21.5379	18.41267
23.97406	20.83255	18.61622	14.17186	2.424732	12.85789	10.49689
24.0169	18.03994	22.2268	12.03936	14.69042
23.95443	13.52294	21.68398
24.00139	9.468303	21.57457	0.7918384
21.24595	12.9904
22.35299	13.82097	8.048296
24.02895	21.16865
23.97423	21.319	8.370468
23.92901	18.56468	5.637077	21.09595	15.31534	8.396032
23.95987	17.33408	21.37269	3.75944
24.11824	17.92067	21.56859	17.0373	14.56687
24.07975	18.37479	21.81967	23.30449
24.04119	19.26177	9.405462	22.40926
17.06878	21.82477	24.14644	11.69608
17.38319	24.14644	20.83596
15.82539	23.9675	5.693231	22.57754	20.74814
18.30582	22.14836	10.00698	7.732316	9.130069
22.25513	0.7693799	13.57723
23.89673	22.0676	13.59067	3.825858	12.44021	12.09089	9.0674	2.105081
24.08189	17.28338	9.121022	21.72389	5.374695
24.08189	18.20559	21.0829	12.64936	23.307	21.60167
24.08189	19.21314	21.72932	5.44866	9.521497
24.08189	16.99869	21.72932	16.66512	6.924526
24.1178	18.75462	22.04904	3.098072	1.404287
24.03882	21.71091	8.57181	6.331935
24.03882	22.10546	14.10108	11.75878	4.353744
23.96712	22.01021	17.17095	2.639298	14.35908	12.44689	11.63815
23.96712	18.45796	21.7181	4.42653
23.96712	19.00979	21.36169
23.96712	17.24902	21.13906	14.84889	6.652765
23.96712	19.17366	21.40104	3.855429	8.197783
23.94957	22.26404
23.94957	21.05434
23.96018	22.09998
23.96018	22.12472	13.11056
24.08087	21.71039	12.80206	3.927062
24.01093	22.15672	18.12792	6.592574	2.049101
24.00369	17.75325	17.65751	16.30298	21.62975
24.19287	17.92574	21.68284	13.16347	10.75211
20.77316	17.07645	2.429458	12.46916
22.25908	12.40696	5.267376	24.16113
9.316437	24.07369	21.71182
14.5937	23.94019	21.38184
18.30328	23.94019	21.1722	13.50491	13.00693	14.60952	7.329047
18.16981	24.05033	21.11552	10.68747
24.05033	22.07014	18.33748	15.51796	1.993986
23.96902	8.284163	22.23558	2.579858	6.879758	1.794659
23.96902	21.71302	15.38041	10.59794
23.96902	18.43452	21.72997
23.96902	18.39282	22.04341	5.680848
23.95714	18.09929	21.75856	12.95974	3.997941	21.69775	21.67269	8.544014	10.23313
24.11354	15.72927	22.23684	8.634098	23.03767
24.15616	18.4661	21.64793	17.7887
24.01299	21.09805	9.942896	1.877705
24.06391	21.67618	22.81722	18.49576
24.04903	18.45809	20.99725
24.04903	18.0432	22.06472	14.56901	10.76528	0.5428432	15.39162
24.08413	22.24444	0.4518155	0.4119734
22.49996	13.35236
22.101	18.57895	5.359738
22.44889	18.37941	8.406311
22.05943	18.10025	8.859628
21.63398	17.63248
18.67309	24.02997	21.42729	0.2093901	12.76142
16.03419	23.95697	21.09754	23.65932
15.23883	23.95697	21.70098	1.969016
18.1961	23.94813	22.30764
18.04211	23.94813	21.22704	20.70578	11.5517
18.50531	24.23019	20.83755
21.36254	24.15122	18.14082	12.97104
24.03553	17.89224	21.58923	8.7027	4.140346
23.95084	15.59897	22.29298	2.761851
24.0588	17.38036	12.67217	21.32933	16.27988
24.0588	19.12367	22.18762
24.02513	21.89735
24.03493	22.31106	12.45434	8.171628	2.008567	1.012026
23.97394	18.18663	15.96562	22.37916
23.97394	14.30612	21.98804	21.05694
23.97394	21.76187	8.749501	8.290041
23.97394	16.2578	21.0888	23.13952
24.1281	18.87617	22.08599	18.40243
23.949	18.36463	21.21623	17.48012
24.09191	18.45451	22.25332	20.82097
24.1271	18.33531	21.87792	22.53513	14.14329	22.05819
22.07991
22.28515
21.64071	24.10039
21.81048	24.05524
22.50909	22.35164
23.70023	21.07917
22.54658
21.68637	18.80947	9.378453
22.10447	23.99909	19.1407	23.35708	9.460396
22.09369	24.16382	17.13152	21.31293	5.653895	4.221433
23.99817	14.0039	21.23719	9.766806	22.45794	7.680455	23.83228
24.01645	16.87196	6.182171
24.0133	21.29911	15.55416
24.0276	22.18701	24.02752
23.96116	21.22884	3.960734
23.96116	21.16404	3.469049
24.03582	0.5080181	20.61831
24.06559	21.46859
22.0185
24.19717	17.77666	7.446937	8.020654	21.02915
24.26284	18.45902	22.36369	2.257383	6.744395	12.72294	3.602021
23.94543	19.37837	22.3945	5.677195	10.60323
22.26831	10.49967
22.06448	9.683212
22.06637	11.63636	1.622947	4.80086
22.07056	19.13826	18.20151	2.151427	14.41133
22.07645	18.47043	5.232627	7.502731
22.36759	14.84785	7.442025
22.21395	18.47893	3.683669	3.214926	12.96545
21.80283	18.48055
18.55681	21.68642	5.355758	12.26221
18.36905	22.34128	21.60568
18.41336	22.34676	5.959136	12.09046
14.26466	22.36761	5.998321	20.91257
17.09714	22.0146
18.46386	22.23243	6.862021
18.16503	21.06597	2.441981	11.97498
17.12694	22.19863
17.65495	21.38163
15.94601	22.01588
17.92971	22.03966	0.1339878	22.961	10.05894
15.70475	23.9335	21.37579	9.2307
16.77852	23.93956	21.23508	10.37282	22.3636
23.93956	21.66491	5.059594	13.94768
23.94615	3.692857	22.11926
24.00028	21.18932	14.82664	12.52581	9.325184
24.00028	21.69929	18.87016	15.77418	16.33156	10.85635
18.36326	24.54037	21.54324	10.37389	13.81063
22.06835	18.25757	12.41787	15.67511	0.9861575
22.1281	15.05511
22.3601	21.20516	3.49139	2.009477
15.72255	22.08192	9.873997
22.076	17.42338	11.15938	9.535426
22.0654	17.52235	14.20619	17.36693	2.170184
22.39496	18.15593
22.14993	18.4721	21.36586	4.567656
20.16103	23.28411	21.77546
23.96506	22.06014
23.96506	21.58762	3.879645	21.03671
23.96506	10.32767	21.7356	22.5464	4.008995
23.96506	18.29303	21.69828	15.54968	9.769123	23.27244	7.534504
23.96506	20.93104	9.410599	5.585515
23.95992	10.95156	21.77795	7.860588
23.95992	10.88647	22.20285	10.87772
23.95992	18.50311	21.80091
23.95992	17.35566	21.1824	22.26058
24.00964	18.83612	21.163
24.00964	18.34466	0.6924714	22.25611	23.68337
23.99255	18.36797	21.09261	13.85617	15.0803	14.35296
24.01467	14.1491	21.76877	2.878077	9.749987
24.02691	10.05892	21.30671	4.298042
23.95799	15.67508	4.111711	21.63238
23.99829	22.40718	16.73766
21.71776	23.87923	18.91414	11.34783	24.23451	0.3867758
21.6332	17.94365	24.02652	6.914512	2.52066
13.83418	24.02652	22.65937	2.124457
0.6938696	24.10603	22.07647	21.72649
1.711081	23.99502	21.31646
24.00469	22.02207	6.633322
23.98931	21.75607	14.83647	2.375083
23.96917	22.09107
24.12741	22.10286	14.48866
24.07553	21.56039	17.73081	9.878111	12.9874
23.9905	21.12187	18.41255	11.76403
23.94291	18.20445	21.4154	6.808362	22.96738	16.81975
24.09824	18.48153	21.71358
24.09824	18.94411	21.68879	11.40762	22.98777
23.96546	16.81116	21.01508	8.283061
24.11725	19.39788	22.05617	14.58303	12.50956	7.862877
24.061	13.65134	21.68528
24.06155	11.44336	21.80274	22.43992	0.2797484
18.36985	1.886605	1.240438	22.10651	18.94051
22.02456	15.46407	11.58851	12.32836	6.125889
18.45199	10.77913	9.878511	22.43061
14.3104	22.2738	5.403305
15.18784	22.27281
21.68532
22.26568
22.32104
23.94347	21.12233
24.10602	22.28053	18.25685	15.2578
24.08412	21.14676	10.80786	8.419047	11.55683	4.998726
24.32939	22.24796	18.35392
22.05645	9.457394	4.974304
21.7132	17.82265	22.66379	2.442468	10.19542
16.91647	21.35559	24.11235	7.344606	10.69033
7.724861	24.07526	22.21133
3.965523	24.06229	21.40973
22.11434	24.07283	3.912055
24.04796	11.64729	15.05308
23.99798	11.45235	22.43441	22.89365	10.16168
23.94182	22.08959	12.63102
23.94182	21.54114	17.11452	10.91704
23.94182	23.02221	17.57602	23.90526	14.90775
23.97502	21.8075
24.02468	21.51093	9.710008	4.403752
24.02468	9.511418	1.032007	21.81822
23.98079	10.85418	22.34172	5.792384	9.986451	23.81766	7.127998
23.98079	6.827715	22.04967
23.98079	12.6107	21.77541	18.90466
24.00309	22.04596	19.45441	5.123286	19.0207	18.86683
24.03927	22.08565	11.26984	23.17334	6.676963
21.74735	24.01576
24.1402	22.14422
24.1402	22.15469	2.640672
23.95292	20.61604	0.9588727	21.8945
23.93587	22.10211	2.908713
23.97667	20.83367	0.3464748
24.00064	21.72935	6.325768	23.57128
22.03511	3.474435	22.95212	22.47598
19.78315	21.82878	18.80907	18.16744
18.05193	21.70645
18.26324	22.21837	0.9256134	11.52267	10.83196	12.54695	21.37809
18.73769	22.21689	4.319725
14.95435	22.43949	5.853134
18.37353	22.09659	1.206255
18.1519	23.82064	21.92722	19.19217	13.38725
17.99321	24.09421	22.40602	1.449235	1.759133
12.91593	23.98742	22.09168	9.280518
12.4961	24.026	22.05428	16.96007	5.869077	5.491732
24.026	22.05428	18.03149	6.72726	2.313622	6.703032
23.99501	20.86274	19.04977	2.206614
24.27337	19.5475	11.96835	21.16768	10.45302
23.92011	18.8178	21.09046	12.62386	22.51849
23.96566	18.32508	21.7012	6.5902
24.00388	18.63071	21.28835
24.03748	18.274	22.14586	4.406655
23.9738	20.88224	15.79665
23.9738	18.48825	22.0609	5.060934	16.2525	4.976389
23.9738	18.34451	20.80969	9.213107	4.4734	4.249821
23.9738	18.56019	21.8004	0.009033909	3.425539	1.643864
23.9738	17.94132	1.108876	21.18184	13.09368
23.94083	16.96212	21.16933	7.027727
23.94083	15.7436	21.69911	23.6845	2.9281	1.44109
23.94083	12.03315	21.75296	11.95498
23.94083	21.73542
23.94083	20.46004	14.33545
23.99406	22.25883	11.32087	5.486291
23.96755	21.46347
23.94427	21.20013	21.25518
23.9206	23.37584	21.29589
23.97835	22.08395
24.10241	22.21515
24.04842	21.13511
23.96424	22.15854
24.02698	21.91265
24.21573	22.36569
24.15917	22.46237
24.02167	22.15717	18.21966	1.394566	11.97974
24.02167	21.14129	18.99058	5.678003	14.78143
24.02167	17.96649	21.21203
17.31248	21.73476	11.38583	12.15487
22.75296	7.70634
22.13157
23.94951	21.76422
24.02217	21.11328	22.61246
24.00976	21.70327
23.94477	21.73318
24.013	21.28811
24.03526	22.15281	21.13969
24.15235	21.72173
24.19899	22.05624
23.98749	21.22574
22.26558	24.0873
24.01688	22.08782
24.01688	21.90141
24.11252	22.35896
23.96963	21.9117	13.35071
23.96963	12.4207	22.04247
24.25972	22.14177	16.44086	15.41338
24.17813	12.50028	21.30322
21.3366	24.10204	18.40276	8.820836	17.5106
24.25946	18.36948	22.13057	21.18495
23.95102	17.281	20.86553	8.597367
23.95102	15.72491	20.8789	3.497521	8.973849
23.95102	18.22299	20.65308	23.78396
23.95102	16.92834	21.75028	13.44131
23.95102	22.13265	5.88127
23.79782	3.469431	22.21803
24.13891	21.83309	16.83289
24.03852	21.55845	12.4021	1.396527	20.39471
23.99533	22.54547
24.05023	21.60268	23.31708
24.39149	21.78721
24.32797	21.68407
23.95483	23.74237	23.91756	21.73844
22.14184	23.24352
21.69087
22.05177
24.54464	21.10662
22.07339
24.03229	21.59166	4.591616	1.876726
23.99476	22.2466	19.44717	7.004828
23.99476	22.33239	14.37726
23.99476	15.74683	22.23646	7.748323
24.02493	17.32144	21.60698	16.40377	1.880364
24.02493	18.51332	22.43172	20.65038	15.9017	11.97207	11.36479
24.10259	21.3617	12.67413	4.116824	3.015166
23.94529	21.56587
23.96317	21.27684	21.38703
24.16707	20.71829	23.07022
22.11981	1.223891	9.908942
12.2173	22.26189	10.10419
22.46569
22.10962	8.44494
22.23627	12.26933
22.67328	18.30364	20.92111	4.851829	22.21392
17.40094	2.149746	21.91292	24.10963
18.47477	22.24201	24.06709	10.11137	12.42697
15.22803	21.49151	23.99979	5.571207
23.99979	18.21034	21.85179	16.05332
23.99979	18.30382	21.78318	6.842521
23.97492	17.55267	21.99384	3.724899
23.95426	18.47961	21.11481	13.93537
23.95426	17.71816	21.84982	20.97697	5.862421
23.95426	21.26141	19.1017	16.29585
23.95426	21.88861	18.89745	2.719657	6.548583
24.2246	21.00389	17.34227	9.961015	13.86	8.106726	11.53931
24.03328	11.1068	22.20245	24.79756	4.512211
23.95629	21.51227	7.327898
23.95629	22.34605	2.981666	22.92118	2.997633
23.96311	21.77858	17.33619
24.04842	20.85411	17.8527
24.04842	22.12636	16.89591	5.0084	0.8514804	0.3869033
19.15502	22.39852
18.70986	22.13335	22.0751
18.27133	22.11898	9.876078	21.0646	1.097423
18.17422	22.54611	21.99053
18.85979	24.14749	22.36817	13.51351	14.77928	9.559863
22.128	24.1998
22.2357
22.26528
22.25173
22.24982	15.52754	5.50406	1.898029
22.2246	24.12199
21.38913	23.97066
21.15011	23.97066
21.66628	24.09669
21.56563	24.18163	15.93794	4.637125
21.71886	24.03454	18.15339	14.20541
22.0014	23.9468	18.42727	2.940205	16.13788
24.05165	18.5054	20.87361	11.41639	9.284705	4.648002
23.95197	16.89831	21.68907	11.67384
23.95197	11.78219	21.7853
24.00905	18.84161	22.59876	21.33685
24.00905	14.76548	21.22563	10.58966	3.730743	9.28586	8.088267
24.138	21.43946	16.85249	14.52245	8.193585
23.94989	22.80794	16.65067	13.25536	21.76113
23.98877	20.88289	18.81969	9.826212	4.455161	3.07586
23.95101	21.44166	17.21996	6.489369
23.95101	17.84206	21.22499	2.548923	13.16046
23.95101	18.37818	21.62966	11.75821	1.687311	1.84288
24.02172	17.61144	21.80967	0.01698133
23.95189	19.21468	14.67803	21.41163	1.093525
23.98482	21.93966	19.83353	13.43415
24.05356	22.21027
24.14108	22.07399
23.97674	21.70162
24.18972	21.54025	22.27722
14.27255	23.8792	1.10172	11.56258	21.72616	7.872482	12.93407	3.935238
24.02693	18.70466	21.83592
24.02693	21.31161	18.41646	23.90962
23.95783	22.11534	18.23313	21.40793	3.8789
23.99967	18.10267	22.26029	21.03255
23.99967	18.08599	21.86697
24.04461	21.59141	16.105
22.41982	18.11208	13.45914	1.669457	20.88289	12.61944	5.738429
19.57488	17.60466	23.88621	21.28581
18.02012	21.68492	22.02747
19.15608	22.05522
18.50548	22.21435	4.648263
22.26317
22.23835	21.66236
24.0991	21.899	12.02064
21.64263	17.81203	1.726806
23.87832	15.12017	21.69631
24.19126	16.69402	21.69025
23.96768	21.18964	12.28779
23.96768	21.6899	19.29244	6.017361
23.90844	22.13604	18.34204	4.930288	3.2591	1.833649
23.99492	22.12381	18.40946	6.455576
23.98117	14.86263	22.22752	23.05605
23.94893	22.08801	12.80512	11.17641	12.48145	23.2968
23.94893	22.08305	17.99172	0.3112652	6.520545
23.89296	18.23882	20.82573	6.975802	11.4276
24.04791	18.81248	21.13273	6.146116	11.85436	8.972594
23.96892	19.45767	21.71088	5.537007	11.99812	18.33595	2.151415	1.033409
23.96388	15.36625	22.20889
23.96388	18.45222	21.67679	8.042633	18.78973
23.96388	21.66845	17.36645	7.227005
23.96411	22.07544	15.67127	1.56888	20.93794	7.555206
23.96411	21.8575	15.34622	5.856979	21.44391	2.504551
23.96411	18.96139	22.14166	3.169443	12.47843
24.00508	17.05383	20.93272	10.9963
22.47787	13.5625	10.59642	22.10218	6.368868
24.00328	3.184017	21.11499
24.01994	21.9232	18.70211
23.99942	18.44211	20.87968
23.95609	16.08139	21.6981
23.95609	17.78426	21.71604	14.38002	13.62424	12.82401	15.48049
23.95609	18.19144	21.69897	0.286013	8.724908
23.95609	18.72221	22.21116	23.59033	20.685
24.00703	18.15174	22.72262	16.56965
24.03386	18.8658	20.61883
23.95702	16.40165	1.923132	21.87198	6.05993	13.19722
23.95702	19.33448	22.0613
23.97451	16.41195	21.2414
23.93992	15.67015	21.8886	7.843583	13.35348
23.93992	14.46979	21.87418	8.317433	8.834457
23.93992	17.26529	20.98434	1.45982	15.17209	9.066637
24.03129	18.82668	21.03828	15.61498	23.11597
23.97168	18.78734	20.72347	5.347606	0.07738417	0.5949763
23.97168	22.82283	14.11208	18.17101	10.13293
23.9865	17.04302	21.14862	5.015438	13.98457	4.549181
23.9865	18.49384	22.06238	23.77411	7.536736	1.172745
23.9865	21.468	18.9442	5.792999
23.94386	13.94164	21.99844	11.84919
24.10724	18.05488	21.40924
24.06544	13.33203	21.73384	1.121467	12.8702
24.11914	12.99634	21.04587	6.796665
22.06703	17.5299
21.66585	19.09856	6.110511	18.76485
22.41845	18.45467	14.54084	21.42496
21.85907	17.35529
22.23835	18.44912	6.244304	20.94428	23.10913
22.24124	15.08013	13.10714	6.420165
22.24124	16.9894	4.352802
22.24287	18.47869
22.262	18.11998	23.92199	8.272915
18.58272	22.5453	2.15369	17.21821	5.432395
15.43172	21.50103	14.8808
21.79586	21.7843	4.072892	20.53174
21.59654	19.56519
24.25854	15.99854	21.96966
24.06521	18.30228	21.86239
24.06521	21.84602	19.26159
24.13214	22.46243	17.59232
24.01751	18.88517	21.61219	24.94868
23.99611	12.15555	22.1808
23.99611	9.313881	20.87608
23.99611	14.64661	21.72413	9.378559
23.93255	2.773486	22.49007	23.44751
24.13056	21.20248	20.84062
23.97787	21.5869	22.39359
24.05094	22.35679	2.995865
24.10644	22.04585	5.100797
24.10644	21.90494	15.2514
24.10644	22.55659	17.94189	11.78954	3.749068
24.08586	22.02543	15.90403
23.99304	21.19593	12.21949	23.59448	23.98312
23.99304	21.69789	16.90794	16.03071
24.19059	20.84172	15.06026
23.96463	22.06274	17.97269
22.40032	17.592
18.28464	21.71835
17.16075	22.24226	14.68591	10.26657	24.94462
18.29565	24.13107	21.87581	20.5054
18.28929	24.01049	22.26536	3.37656	16.18684	12.0729	17.27458
17.52578	24.01049	21.36533	16.29187	10.24578	17.28954	0.9076167	0.9405479
18.08958	24.01049	22.34058	13.89139	2.183897
17.67276	24.05337	7.000403	21.21272	16.84508	5.673218
18.35342	23.97846	20.55132	22.85753	23.7147
14.47111	24.25067	22.3347	3.329944	2.222853	10.36344
23.96481	16.67548	22.37838
23.94472	17.80943	21.49516	7.01671	4.147455
23.96858	12.64647	22.06393	4.218606	4.3972	5.702793
23.96858	21.95665	18.39463	11.39078	22.9811
23.99756	20.90888	19.54581	4.843553	18.47035
24.025	21.81347	18.12995	10.66332	20.81053	22.21961
24.02648	22.07103	16.20357	10.23752
23.95288	14.60211	21.31735
23.95288	18.28098	21.68979	11.84254	1.326273	0.3723134
24.03531	19.3372	20.91558	6.095346	18.64489
24.03531	14.40557	21.80589
23.96597	1.449807	21.69395
23.96597	22.10325	23.81408
23.96597	21.35037	18.34785	6.775115
23.9653	18.84338	20.7226	0.4263458
24.01572	18.48323	21.70993	5.618343
23.9741	18.58605	22.01485	8.278715
24.02389	18.20866	21.9813	6.320162
24.12379	21.63605	12.57921
24.03127	21.78665	19.40456	11.82185	7.807139
24.17382	17.85477	21.17008	1.214277
24.07255	17.33083	21.75265
23.94731	19.05535	21.49111	15.75267	8.23679	22.48153	18.31877	24.99496
23.99836	17.8171	20.53984
23.89936	22.20078	23.76089
21.76275	18.11252	15.18165
22.06164	18.28494	24.98615	8.858302
22.0141	18.11906	4.372654
18.2612	22.01926	2.92055
17.73373	24.20756	21.7995	8.620987	21.68852
15.86842	21.69096	8.980901	2.873452	14.31241
22.34226
23.85705	21.76487
23.98325	21.38781	11.08224	4.942006	0.005228112	10.02062
23.92995	4.377282	21.75936	22.2687	3.526003
23.96855	22.07196	3.23842
23.96855	21.99145	14.72745	7.41203	24.49329	9.916397	20.86138	2.634075
23.96191	4.952391	20.85635
24.01609	1.387294	21.09626
24.08361	21.78983
23.91042	21.17429
23.97249	20.85834
24.19207	21.32791	8.54175	7.331586
24.05245	21.98706	8.712015	4.956705	21.69082
24.17132	16.84335	21.95086	22.79104
24.15454	18.92198	21.39118	3.874117
24.33599	15.60618	5.553289	22.28348
13.91524	22.2475	21.62572	1.488224	8.339536	24.59803	22.07598	6.211822
15.76544	22.37211	24.09211	5.355152	4.168831
21.20629	24.03968	6.732862	1.789276
23.96321	8.118907	22.42473	5.712125
23.96321	21.76095	8.172016
23.96321	21.90275	13.28083
23.94626	21.21166	17.92013
24.04781	18.2618	22.2567
24.04781	20.78717	13.74733	3.645878
23.93181	22.06588	11.95793	3.855221	23.05167
24.1461	21.53556	14.16586	8.093624	6.340058
22.21685	17.95593	6.379569	7.565975
22.1089	17.06896	7.729024	4.217658	3.053847
18.29542	22.2513	1.617249
18.32866	22.50121	4.002859
19.42251	23.98876	21.32901	17.20276	22.04933	3.145341
16.55871	23.98876	22.40502	11.25095	21.52044	9.813654
13.94741	23.98876	21.69035	2.045588	12.09269	5.017536	10.96089
17.9915	24.03071	5.201813	20.82889	6.911206	23.64871
18.30859	24.02172	21.63508
16.49833	24.23506	21.68244	6.469907
17.92996	24.02074	21.66326
18.56667	24.02074	22.76131	22.28089	0.09325975	3.036344	2.511904
16.32922	24.08768	21.69151	12.3272	4.812102
11.62375	23.95537	5.972457	3.323785	21.72189
23.97192	22.22508	18.00039	6.774957
24.08712	22.09003	17.36104
24.08712	22.03501
24.03161	22.33274	21.3521
22.22304	23.0632	12.0005
7.412872	24.01041	22.34496
24.01041	21.99644
24.01041	21.28119	14.67838	4.36866
24.01866	21.01026	15.63702
24.01866	18.16603	20.83341
24.01866	19.12174	21.68326	6.779736	4.099565	23.67826
24.01866	17.38098	21.68326	12.98893	3.039917	10.18972
24.01866	13.11439	21.5336
24.00239	16.81249	22.07141	11.58531	15.17239	4.205449
24.00239	18.57917	20.80288	5.668965	17.95664	18.15742	16.20957
24.11957	18.22214	21.56888	7.48251	2.920626	6.205523
18.33967	21.825	12.74198	9.622331	3.144456
15.71261	22.13925	3.72093
22.1561	19.28653	18.50751	21.45177	14.43955
22.28581	11.8283	22.10655	19.66765
22.66989	14.48993	0.7572144
17.44856	22.29024	5.617257	13.68469	13.92278	10.62419
22.0184	13.32103	17.47558	20.02215	5.952315
22.35904	18.23162	6.537371	1.465028	7.136715	9.230707
21.7536	14.46739	11.70454	24.83638	2.572343	21.4021
4.031953	22.23035	20.55985
14.66708	21.0247	13.11206
14.51658	22.18842	5.582879	3.516869
10.12941	21.87188
22.35655
21.70343
22.39924
22.54088	22.09126
22.04318	2.590052
21.765	3.839929	6.547496	6.207073	2.478779
22.25342	14.96806	5.612589	9.842031	1.886694
22.27972	17.21407	24.63129	23.6485
16.83046	23.98464	21.88422	7.594207
5.855701	23.98052	22.04238
23.98052	22.13799	1.699731	1.5856
24.06671	20.82298	17.89938	17.63433	11.93865	0.4577124	16.55645
24.11223	21.70383	18.37807	7.61717	22.64143	1.230697	0.05872724	1.127588
23.96112	19.03131	22.02812	5.015783	14.66896	2.258242	17.11473
23.99884	15.40047	23.84792	22.37002	2.591588
24.0655	21.96265
24.00791	21.28905
24.10245	21.08787	22.28573
23.94417	21.70727	19.27889	3.795963	23.73887
23.94417	21.81331	18.07338	13.83167	0.4100004	17.78159
23.94417	18.12118	15.78772	12.63182	20.91653
24.0205	15.43111	22.36152	22.37472	3.247129	12.18997
16.03731	21.69201	6.458214	4.582884	0.9495267
14.021	22.23687	10.88291	0.7404979
22.20912	18.97739
22.06712	17.95573
22.3552	6.943363	1.839881
22.11948	11.39063	4.624113	24.62519	5.47532
22.25659	21.0815
18.02654	23.97425	22.46781	22.00072
23.97425	18.37807	21.82952	8.060462
23.965	22.64289
23.965	3.440798	21.22825
24.00541	3.536077	22.27608
23.98854	22.28529
24.0145	21.38591	10.2416	2.247083
23.93647	21.10411	3.605075
23.90662	20.72081	10.44358
24.04425	20.97044
24.26325	21.79357	7.60024	1.516766
22.25737	16.92501	4.264852	13.94912	21.66591
21.98861	6.424848	12.54679	18.30337	20.782
22.03611	18.80598	11.3049	2.859278
21.73495	18.48601	23.96645	1.491788
17.62896	23.94143	21.63682	13.25688
17.8084	23.94143	21.72139	12.93086	22.39604	15.0834
16.7	23.94143	21.69772	12.85308	5.435469
23.94143	21.09982	11.78434	15.553	10.37012	23.86594	8.830142
23.94143	21.69537	12.51464	11.49213
23.94143	21.75138
23.94143	21.31015	13.48036
21.89495	18.38465	7.970889
22.11871	10.85525	9.272346	23.43839
7.097034	22.03931
22.0368	9.108	25.01991	0.352852
22.56568	11.12785	21.683
22.2038	11.40739	23.9459	6.077371
10.67048	23.9459	22.05465
18.9042	23.9459	21.0057	13.7177	9.684488	15.13811	10.97529
18.44283	23.9459	22.43848	7.026216	23.09417
18.37751	23.9459	21.11441	17.40411	10.50952
15.28823	23.9459	21.49227	21.65543	13.85958
18.22577	23.9459	21.80131	5.346263	9.39983
19.50227	23.9459	20.75154	23.47884
14.2993	24.11547	21.72237
18.44057	24.23354	22.40225	13.8253
18.28377	23.97787	21.12646
18.40875	24.20022	21.80499
18.36426	23.63004	21.00294	9.795309	8.13619
18.82571	21.68632
18.60914	21.68632	8.379859	10.18627	12.61937
17.15646	21.68632	8.400294	6.70192
21.78529	18.40992
21.75612	14.84452	24.20354	13.49922
20.78961	16.88727	24.20354	7.969122
21.71192	18.28944	23.94757	9.571351	14.80775	20.64836	23.33565
21.71807	23.94073	15.03424
21.17515	24.12755	8.588088
21.06204	24.06064
24.0184	21.68046	3.288135
24.0184	21.88412
24.0184	22.25654	2.666806
21.90009	14.215
22.02634	8.454067
23.93257	16.46814	22.09491	15.00309
23.93257	18.24063	21.51629	16.53253
23.98198	0.8964124	1.46152
23.99857	21.69105	15.99501	1.160557	0.8872954
24.02116	21.69105	18.31798
24.0055	13.65322	21.62762	12.02193
24.0055	18.43887	22.18895	12.17642
24.02729	18.95951	21.70985	8.008279	6.430938
24.02729	18.43761	21.70561	8.010445	7.788729	3.395532
24.05276	17.86075	21.56657	10.22932
24.19351	18.95013	21.72738	9.013592	23.18541	16.77194
23.95201	16.93324	21.11756	6.352736	9.622611
23.94381	17.96323	21.20576	10.63243
23.94381	18.03499	22.37549	23.1532
23.94381	17.80129	21.57246	6.052637
24.14812	16.95766	22.10156	4.816644
23.97344	18.44176	22.25616	9.425316
23.98962	17.59261	2.045592	21.06667	4.898696	7.894622
23.98962	18.79947	21.60128	23.53287	23.28697
23.98962	18.44964	22.08846
24.02272	18.28564	21.72478	15.48231	2.466061	12.15566	9.275308	18.11356
24.01427	13.94761	21.0096	22.3012
23.94605	17.43796	2.307434	5.668428
23.94605	17.17715	21.34716	10.32337	3.414042	8.554404
23.94605	17.89236	21.70076
17.93936	22.55733	15.87863	14.97864	22.11835
18.48141	23.94765	21.71847	5.093429	24.61019	11.44131
18.28862	23.94765	7.923814	21.78294	10.24877	16.54169
24.14812	16.98953	21.70174	1.625588
24.08104	9.806673	22.35543
23.96983	4.445636	21.06413	3.85191
23.96983	21.49109	17.38898	0.3439446	5.44917
23.96983	21.50228	18.58891	13.1356	5.762087
23.96983	22.02757	14.20258	6.633998	7.502169
23.96983	18.01372	22.08652	16.19232	23.45812	0.1063477
23.96983	18.8817	21.79849	14.94597	4.898117
24.16248	18.17132	22.05674	12.1491	16.36648	17.63354	21.68408
23.23186	18.25166	21.43757
19.00696	22.15795	12.23274	17.23997	17.74803	17.61335
18.00294	23.95353	8.557427	21.70372
18.33575	24.03658	21.70372	3.869258	4.069105	13.85929	3.287492
18.51325	24.03658	21.56415	6.022183
18.44339	24.03658	22.00003	2.005907
18.77628	23.99088	20.97917	11.24418	9.922232	6.21056
15.87397	24.28705	20.83132	12.05659
18.58477	21.75741	16.74875	8.023563
18.11327	21.71334	11.2368
17.55409	22.41107	1.809142	14.55918
18.77024	23.93532	21.11435	15.48063	1.858288
17.06716	24.15987	21.67189	21.89016
17.16943	24.15987	21.27768	22.86955	20.8196	8.434012
24.07801	22.3041	18.19436	10.8042	4.905408
24.0326	18.60922	21.75164	5.637371	2.518714
23.94431	21.86609	1.674977	11.66643
24.02547	20.83171	17.94865	16.43914
24.02547	18.83155	20.97648
24.02267	16.09882	21.96646	2.858172	0.352373	1.573917
24.02267	18.48189	22.00642
23.97491	18.34161	21.69805	6.211388
23.98483	9.952262	21.68609	2.30831	21.88759
23.98483	21.77402	18.94479	9.049116
23.98483	18.37017	21.21659	17.28942	8.61211
23.98483	18.34439	21.67072	1.483144	12.41093
23.98483	18.49251	21.07457	15.88943
24.15645	22.30055	6.795382
24.01594	11.05704	20.88088
24.01594	12.29425	21.70982	6.362563
24.02359	20.80917	18.11775
24.12376	8.675742	22.42651	20.62124	23.45391
24.11767	3.16747	6.086126
24.19321	21.43907	4.869329	2.165329
24.00226	0.3571643	21.75959
24.02653	22.50877	19.3112	18.9147
24.13128	1.849227	21.40916	23.76892
23.97434	21.39869	5.288346
23.97434	21.44959
23.95073	21.29549
23.98968	21.10799	14.19473	5.872646
24.1899	21.70537	18.82035	3.912138	20.67959
23.95877	22.2342
23.94144	22.65672
23.95884	21.75977
23.93034	6.268799	23.19035	22.63622	5.016867
23.95052	21.17067	11.00411	9.21254
23.97463	16.67543	14.0988
15.56074	22.10763	13.43746	23.92436
14.64857	21.82905	23.92436	21.53301
14.85467	24.00679	21.15134	3.00185
19.39641	24.00679	21.7532	10.55613	14.98686	19.21667
24.00679	21.80244	16.03809	3.624299	23.27563	20.48979
24.15036	21.51957	10.45933
24.0269	14.24805	20.80318
24.40725	17.26003	22.0729	21.48632
23.97786	22.08596
23.93928	22.05707	8.044982
23.97655	4.122934	21.96021
23.97655	3.484847	20.78429	23.86675	22.06017
23.97655	21.6465	18.39506	12.82115	1.587543	5.811103	17.16059
23.97655	22.11413	14.26424	8.421032	1.341506
24.09512	22.05505	17.12031	12.54013
24.24706	22.25397	18.05142	13.14972
23.89729	21.30102	14.56891	8.651096
24.04008	22.33658	7.533137	3.760606	23.48859
22.10387	22.18843	0.9024027
22.42479	15.38629	20.14167
24.19978	21.68766
23.98219	21.15797	21.15617
23.98219	22.06496
24.15697	21.63876	13.45092	12.04696
24.15697	22.39145	16.94662	4.158861	11.64426	2.75237
23.9442	22.77905	22.2944
23.9442	21.70058	19.05053	9.505163	18.57932	14.59463
24.09735	15.932	21.78605	5.664792	21.02843
23.95544	18.7741	22.10658	15.38985	2.122506
23.95155	14.235	21.73174
23.95155	21.94946	10.3948	3.507492
22.64879	2.517692	21.37162
23.93949	21.29757	11.37978
24.04203	21.86198
24.04203	22.44361	8.925689
23.97258	21.40271
24.06137	21.70134
23.97692	21.67658	21.94419
23.95029	21.92587	5.308687	9.050108
24.08654	21.68531	16.38037	3.226406	13.30363	0.6185142
22.61902	17.06859	1.501019
22.20974	17.44587	4.245982	12.5617	12.18669
22.09878	18.40514	17.3364	11.24119
18.46352	22.49957	10.32549	3.667923	6.685231
8.305186	22.25078	7.313266
21.73413	4.630269	24.12443	21.13637
9.551366	24.31727	5.584841	22.36958	24.22049	20.97074	4.775112
12.13719	24.08352	20.69286	4.672501
13.24969	24.08352	21.87959	5.962779
24.44443	0.7586585	1.743853	22.61057
23.87999	21.69132	23.68422
23.95389	22.20114	17.67981	22.42343
23.96029	16.62553	22.06836	10.94953
24.05267	18.07387	22.24465
22.33813	18.54306	21.31221
23.98007	14.88138	21.33084
24.03415	18.44113	20.89611	12.58982	0.654441	18.12154	5.717959
24.03415	17.90501	21.66567	10.57701	9.596413
24.03415	21.72336	17.7869	12.97132	9.666928
24.45705	21.64111	5.205495
22.29064	5.820874
20.85349	12.34378	6.572265	9.098773
20.85428	18.11344	24.16583	13.80158	17.75776
21.70345	18.16277	24.11971	3.387567
22.28295	23.96227	16.07751
24.62284	19.09606	20.84136	12.58657
23.97548	18.39641	21.73541	17.6734
24.08071	18.44805	20.85831
24.08071	18.03711	21.34502
23.95163	14.63035	21.70727
23.95163	16.98048	22.17146
23.95163	19.56231	21.68911	6.911102	17.75309	18.15508	11.0903	6.018187
23.95019	18.82108	22.05687
23.96851	20.87898	16.45865	3.152323
23.97856	19.03868	21.94304	17.48444	0.9812762
23.97856	20.60279	17.77732
23.95125	22.47242	7.21964	10.71636	18.38327	5.487013
23.95125	21.6903	16.04539
23.95125	20.80599	15.50041	11.09229	8.836252	7.178962	10.77776
24.00136	16.62382	22.16493	6.956267	15.58114	3.122062	21.92628	21.97886
24.00136	15.91262	21.69316	1.12213
24.00136	18.13057	21.06862	17.74409	6.879599
24.00136	18.64363	21.75345	6.548604
24.00136	16.42893	22.14184	15.3405
23.95845	22.92563	17.57455	4.645351	21.36302
24.00326	4.358553	21.42764
24.00326	22.09234
23.96653	22.15468
23.91217	22.35749	10.57039	18.42645
22.34037	21.70844	15.36771
22.1448	19.40211	16.07857	5.036041
15.69583	3.365687	21.86864	8.687232	7.099133
22.06813	10.65477
22.08205	5.689586
22.16301	6.955211	5.829266	16.02122
17.85756	22.08619	23.96459	0.5319737	23.21501
11.98371	24.3517	21.73057
9.236192	23.93301	1.167161	21.4578
18.75022	23.93301	22.18204	5.719017	0.4850443
16.72222	24.35288	21.0692
18.65872	23.97887	21.70093	0.962167	1.24393	20.91582	2.507466
16.70343	22.29252	13.71416
22.20106	18.56131
22.10839	18.80326	13.03455	18.15652
22.25838	19.02342
21.80618	17.08366
22.31476	18.48774	4.97793
22.33684	18.246	12.54631	0.6479645
22.33684	16.7249	8.405673	0.2472126	5.91587
21.89217	17.15287	9.831152	3.328719	12.68614	23.85061
17.984	24.09777	21.69623	0.4406629	4.966425
18.41195	23.95434	21.57982	8.664688	4.696261	7.901114	21.0488
23.95434	21.44972	17.90349	4.682188
24.17664	21.78388	14.78988	3.706666	0.5787051	23.52943
24.07952	23.09777	16.1042	22.23981
23.96195	18.02927	21.12746
23.96195	18.34838	22.35079	13.14733	11.08638	3.099313
23.94226	16.88537	22.06489	7.697842	23.19746
23.98502	16.81993	22.33292	23.33787	21.63475
23.98502	14.9119	22.2137	13.21855	1.017089
23.98502	18.11995	21.29998	15.94859	3.295663
23.98502	19.66238	21.7005	0.2930922
23.98502	18.1428	21.73673	10.44189	22.65849
24.15239	21.43176	4.915568	19.08292
23.94791	18.3636	14.70536	5.154202	21.24481
23.9594	17.89193	21.63976	19.96025	4.435556
23.96603	17.67676	20.94724	9.480873
19.25079	21.72665	10.03968	10.19018	24.10614
18.26169	21.69029	24.10614	21.78861
18.09066	6.582385	22.4497	17.87148	16.97514
22.08118	13.81009
22.35408	15.75714	22.07229
21.77271	17.79076	0.5740055	12.5584
24.05897	18.46692	20.8084	11.19985	0.7702167	6.577907
24.12433	12.43702	21.08119
23.9829	21.83892	7.531132	8.983058	18.42066	18.38956	3.261365
24.10383	22.39953	3.676378
4.170081	22.38995
21.71285
17.01451	21.70674	11.18662	15.18875
17.4043	21.70674	3.614242	24.27329	12.29537	22.97958
11.99077	23.95349	21.59734	23.82202	22.34573	2.439319
18.66909	24.18493	21.67916	0.1247537	11.42948
18.70434	24.02665	22.03936	16.03981
18.45806	24.02358	20.99086	10.60175
17.11011	24.02358	21.71145	13.67928	11.65639
18.20635	24.21103	20.7978	1.714073	5.328447
18.39687	24.04468	20.98378	6.346079
19.52399	24.04468	21.72756	6.748265
14.95798	24.04468	21.15922
17.09733	23.94671	21.90737
19.06307	24.0008	22.09626	21.24819	9.771874
17.86834	23.92463	21.28835	2.112839
18.36194	24.01562	21.53807	3.813848	15.84996
18.52417	24.01562	22.38232	7.437569	25.02789	22.16551
13.82008	24.01562	22.0831	9.606743	22.96919
24.02096	21.31347	5.694955
24.03659	21.71307	10.69966	5.717293	1.194498	9.242089
23.93706	22.04127
18.98935	22.62552	22.22966
15.57048	22.08062
21.59558	22.99187	22.39797
21.74661
22.58134
22.14978	7.660278
21.70992	18.02484	4.413874	14.40751
22.3286	15.36307	7.231298	12.1708	6.217419
21.69894	8.922885	23.95455	1.921657	7.38644	2.840509
11.32043	23.88245	22.23708	3.2073
24.09328	18.45737	21.66407	17.07149
24.1539	21.70867	17.96301
23.94922	20.7869	17.59434	2.05156
24.00605	18.34877	21.75428
24.00842	19.07429	21.41722	16.19078	23.03438
23.97907	16.9079	21.70669
23.94617	16.51755	21.26152
23.94617	17.41222	21.60649	7.033116
24.18193	18.13691	22.03942	1.373381	11.54415
23.95779	9.998784	22.41501	6.352197
24.00731	8.82302	22.03372	20.8807	23.73856
24.00731	11.92533	20.92411	21.85026
24.00299	21.70444	15.18156	10.81049	14.12627
24.19836	21.63609	17.07327	6.679883
24.18246	22.10333	11.12463
23.93961	22.23149
23.84629	21.07294
24.02495	20.73995
23.98476	21.45951
23.99454	21.90179
23.99454	22.09761
23.99454	21.38116
23.94105	21.09894
24.1126	0.3729151	21.71163
23.95093	21.57029
23.95093	21.16458
21.72988	9.197985	6.660624
23.98967	0.412546	21.61087
24.02294	4.021817	21.3466
24.02555	0.1341779	21.33686
23.95538	21.78782
24.03016	21.27453
24.00365	22.12435
24.08808	22.44161
23.95396	22.03707
23.97554	21.75547	23.75704
23.99799	21.06305	4.48273
24.07668	0.3772435	22.24585	8.277781
24.09964	21.82039
24.05874	22.01918	6.237349	3.645748
23.96235	20.85761	12.69015	4.655017
24.01544	10.84784	7.429288	20.60076	7.895815
24.01544	13.51355	21.34785
23.98706	21.33448	1.909043
23.99765	20.95606	20.24549
23.93213	21.18574
24.08099	21.80384
24.01348	21.6832
23.98711	12.93893	22.26552	0.6403688
23.98711	21.74323	17.7375	4.776655	1.975959
23.97981	22.64079	17.83054	4.314401	12.11007	16.17392
23.97981	21.77628	6.116531
24.00817	21.8623	3.952545
24.22706	21.80089	13.31021	22.60182
24.23168	21.59345	19.24336	7.081449	15.10817	4.696379	15.56199
24.01489	19.72031	21.70395	14.83974	4.618021	2.154483	14.33325
24.04791	15.60717	21.91599	21.11034
24.09695	15.48339	22.208	12.97283
24.16415	15.96769	22.05189
24.18247	8.250324	21.0589	1.557714
24.06403	21.44308	1.70516	7.745244	8.695274
24.03571	22.42785
24.00006	21.721	4.341313
23.95325	0.4344919	22.63285	17.48164
23.95325	18.40395	22.0987	19.22178	5.71283
23.95325	21.70227	17.86685	6.221595	23.13458
23.94487	22.37959	16.39919	0.5761087	7.972698
23.94487	17.86713	21.15401	9.21116
23.94487	15.49966	21.9972	3.049684
23.94487	20.81337	12.91451	10.84151	23.4777	7.563982
23.94487	20.89077	17.84517	21.99594	0.4107742
23.94487	18.83961	21.6746	8.194796	9.064024
24.04092	22.03747
23.94994	21.86831	18.62737
23.9508	21.20594	18.98291	1.090077
23.9508	20.83433	17.9559
23.9508	18.62762	20.88667	17.44728	7.977228
23.9508	21.76615	12.98004
23.9811	21.08508	12.20378	9.67348	11.43515
23.9811	20.64158	6.217255	23.06919
23.95574	21.68022	14.35928
23.95574	21.18293	16.49207
24.00796	21.30712	18.3704	2.359067	10.46072	21.75999
24.07325	22.14887	23.53765
22.64866	21.71643
21.74187	14.11735
22.3724	14.35103
22.14927	16.12965	1.682768
18.02653	22.26614	12.82046	7.653938	4.871696	2.917128
18.42867	24.21152	21.08784
17.81211	24.41181	23.57246	22.07446	7.498251
17.90461	23.94623	21.52639	13.22438	17.73921	13.55827
16.74586	24.00839	20.9814	15.20967	13.75087	0.5708972
17.11146	24.00839	21.40378
17.19089	24.00839	21.74976	3.49586
17.70559	23.97968	21.30778	3.8995	9.018084
17.1724	23.97968	22.22881
18.24579	23.84827	22.22881
17.63089	23.97593	21.36958	7.405411	15.55697
18.4778	23.97593	21.65587	12.39307	5.478038	1.788033
24.2776	11.65425	21.7038
22.13724	16.54387	9.985616
22.09363	18.19428	17.18587	7.711918
21.80373	17.89873	13.458	21.44533	5.85104	9.018026
23.97662	12.47084	20.90871	0.5789142	8.329084	6.317221	3.329863
23.9659	8.520951	21.6509
23.97282	0.2233653	21.38274
24.02617	22.03869	17.9518	5.751645
24.0993	18.2892	21.38481	2.184779	10.65936
24.10863	18.74078	21.09397	16.70155
23.95825	17.04878	21.3077	10.41783	16.96018
23.95825	18.55107	20.82948	21.25937	0.5738144	5.901453	15.3759	10.50432
24.05445	8.221637	21.66243
24.02759	14.73304	22.24854	22.71658	0.601126
12.81704	22.09177	23.88998
22.12249	12.78538	23.96874	11.51469	4.74896
21.66445	11.67872	4.135799
22.2354	7.129192	2.163644	7.791832	12.31018
21.84705	14.04889
22.31894	17.48923	20.45022	4.739668	15.39082	0.8092519
22.14247	18.11122	8.272419	1.347732	8.141493
22.28035	11.30537	24.36794
20.8476	19.00288	24.04795
19.87623	24.12868	21.87945	15.55067
17.66959	24.1268	22.45795
18.13532	23.92741	21.69275	21.40536
18.20032	23.88409	21.51105	15.02172
18.54735	23.9788	21.69968	16.82431
15.43297	23.9788	21.38757	0.3460342	8.358168	3.051089
11.16132	24.05037	22.07524	9.631129
16.73964	23.95857	21.89741	7.261015
11.61806	23.95857	21.75073	8.764864	1.028495	10.53864
24.02212	20.92194	0.8136298	16.54588	16.53994
24.04381	21.68741	15.03207	13.05167
23.92418	18.09238	22.0061	14.69457
23.97302	18.229	20.8467	8.661726	13.6354
23.97302	6.287154	18.3245	20.97222	22.85588
23.97699	18.35085	20.63591	7.575578	6.118481
23.9643	18.26867	20.89725	12.38553	22.17053
23.97807	17.04671	20.9943	3.175237
23.96018	13.11751	21.37091	23.08621	22.48262
23.96024	16.0893	22.25664	2.519922	11.43294
24.09682	17.75713	21.90287
24.04513	20.68705
24.04513	21.07387
23.96587	22.10272
23.96587	21.32437	15.75534	23.22538
24.05837	15.39655	9.428863	10.31458	20.98045
24.14906	21.97161	17.47563	10.42471	0.03202927	7.523802
24.14906	22.43804
24.15296	21.4896
23.95747	17.35998	22.02257	5.187476	23.78326	6.155517	10.52159
23.95747	21.16817	15.8039	5.011207	11.69564
23.94961	16.26813	22.05906	8.282585	5.160477	23.67583
23.94824	22.05906	23.33192
24.05533	22.14
23.9823	21.69073
23.9823	21.70348	15.79348	13.51693	5.906323	13.01719
23.99276	21.74614	17.18159	5.681196	2.001479
24.09494	21.20539	18.36094	11.05003	1.439421	10.10002	11.96631
24.09494	22.34433	3.086288
23.94198	20.54935	4.160616
23.96327	21.92964	1.853483	22.30199
24.11345	11.44391	22.21282	22.17879
23.94967	13.11539	21.13997	3.975452
23.95035	21.63662	7.859341
23.97885	21.72364	18.25261	3.552602	1.603524
23.95907	21.70122	18.44344	5.455244	4.592354
23.98922	20.62087	18.17149	0.007828654	8.906943
24.03084	16.63787	21.67631	14.9181	7.045506
22.23514
22.39167
22.03915	19.7568
21.87151	19.63912
9.589887	20.78323	5.351573
18.6949	21.78536	9.927427	4.756168
18.45154	21.68563	4.548373	2.203486	2.946849
17.59276	21.69395	5.567188	24.27848	4.257431
15.44566	22.36823	24.24983	15.13982	24.23176
21.83984	24.10819	6.759379
22.10434	17.22443	2.771852	12.46716	13.61523	11.91649
17.84343	22.22802	16.79187	16.16465
17.79987	24.08982	21.55724	1.24488	12.26565
14.92473	24.09939	21.75001	8.365243	11.8451	3.087813
18.26314	24.05292	22.10297	4.543688	8.048289
13.40624	24.04962	21.68302	9.122909	24.00142
16.8674	23.98681	22.3042	11.86906
18.29373	24.2021	20.60704
18.10739	24.04446	20.97557	5.437842
18.52194	23.96284	22.39079	14.10339	10.39717	0.4140874
23.94976	21.93167	6.660638
23.94976	22.34094	21.76653	22.41892
23.94976	13.09467	17.75036	12.86389	3.180545
23.94976	18.81197	20.87968	4.474746	16.87457	24.95787
23.94976	18.02541	21.03121	12.39248	10.51306
23.94976	18.32418	21.6963	21.10081	9.936977	23.90377
23.8915	17.83947	22.29122	20.8377	11.80811
17.50201	22.11974	14.72801
22.19701
22.24678	18.54932	13.14526
21.72517	9.55437	0.4259973
22.29419	15.56037	4.554987
22.06609	19.00034	9.793734	20.99107
22.32765	12.95502	8.590598
22.34016	4.107456	11.47984
22.12123	17.16264	7.403744	3.399932	3.160061
18.40125	23.93036	22.42451	16.7083	20.85248	3.378742
18.08394	23.93036	21.07968	5.526672
19.20116	24.32597	21.40723	17.4708	13.29202	7.674572
18.98394	24.21859	21.09	10.5819
17.88772	22.25795	11.92475	7.253691	16.52606
15.2946	22.63386	21.11172	12.57347	15.27605
0.6626691	24.05568	21.50111
5.251461	23.97131	21.68765	23.22064
23.99116	21.72447	17.09715	10.87972	15.89164
24.12162	18.35844	21.34999
23.86903	15.93334	22.2713	3.265324
24.31808	18.05582	22.07682	3.981406
18.04833	22.12906	7.020489
19.12276	21.71396	17.25732	2.872925	0.8508178
17.20609	21.68919	9.277121	3.655759
17.15889	22.09418	11.81302
16.27013	22.35329	16.70642	17.52214
21.73751	17.55712	4.017333	9.437536	0.9704829
22.29521	18.1639	1.239592
24.27932	15.55771	20.86653	0.05546263
24.05821	18.2822	21.75921	17.2845	10.09885
24.01568	17.88878	21.70776	4.719204
23.9527	18.40181	20.83911	5.254821	5.807317
23.96014	17.8675	21.58436
24.00848	14.42745	22.53341	10.19036
24.00975	18.24312	21.82065
24.05725	18.0661	22.03296	11.83075	17.90018	0.1901296
24.0286	17.77492	21.36049	3.940958	17.09772
24.44212	18.45926	22.28091
18.47823	20.73772	23.70186
18.41858	22.53268	5.997577	22.30922	0.07521653
18.42421	23.98943	22.36753	3.745428
16.30945	24.11276	21.71497
14.6991	24.24161	22.13643
18.00965	24.04538	21.15683	11.53631	3.671696	4.346564	6.022007	11.9393
18.31384	24.01957	20.97096
15.34652	24.01957	21.3976	4.384777
23.99763	22.23562	19.06288
23.99763	22.38408	23.60237
23.99763	21.64151
23.94701	21.50252
23.94701	21.09115	13.80855	4.876513
23.95966	21.30147
23.95966	11.45194	21.79297	3.436882
23.99964	18.9964	21.63195	11.54501	8.127165	9.588374	1.139831
24.0101	15.74661	22.57723	9.403873	15.06325
24.32713	18.3475	22.17852	2.986178	0.2820457
18.1297	21.7318	10.90158
19.65912	22.05135	17.08364	4.949026
23.8884	18.49752	21.7595	0.5332777
23.95317	13.87107	21.79156	5.169544	1.133072
24.19597	15.48223	22.10351
24.03425	18.89833	21.23312	7.833016
24.03425	18.87688	21.16123	9.80737
23.98327	16.23493	22.0771	2.074753	1.965256	12.87067
23.98327	22.07351	18.2074	16.62381
24.14671	21.6993	18.4532
24.12314	22.73714	18.13649	22.18556	2.67358
24.0178	21.69139	10.18897	16.33984	12.22252	15.78601
24.05765	10.03397	21.72047	2.172697
24.09019	16.79826	21.69322	23.16262
24.09019	17.35697	22.29524	13.10981	7.953731	7.472754	6.608499
24.09019	22.01294	15.86208
23.96862	21.00585	16.02106
23.96862	16.19662	5.418199	20.75482	9.858737	9.809571
23.9869	11.38676	21.759
23.9869	22.30387	15.37028	13.25783	4.564912	8.98902	24.9104
23.96049	22.04573	18.58068	5.420242
23.96049	21.4176	18.35177	4.467902
23.96049	21.70341	17.97874	8.404138
21.77274	24.08672	18.56414	21.38665	10.01294
22.07407	15.57476
23.92418	18.86881	21.75251
23.94762	16.82458	21.73365	15.44142
23.97974	17.32304	22.09353
18.37464	22.09353
12.95517	22.12357
24.22862	8.320044	22.13	20.82146
0.5982077	21.62945
22.06172	16.93828	1.07287
22.33933	16.74402
22.13174	7.183706
22.21417	13.13982	7.431255
22.0691	7.408774
22.37201	17.23761	20.81024
21.62221	18.8001	8.324206	18.28784
23.95183	19.56577	20.80861	2.34717	13.83106
23.96466	18.78629	22.08932	23.35706	22.56151	20.16048	17.72156
23.96466	22.02608	18.80892	23.26091
24.00341	21.49805	18.22705	17.47245
24.02541	21.74384	18.5861
24.03182	13.37778	21.70299	1.428376	3.349539	11.77105
24.05574	15.32712	21.70587
24.05574	15.62188	21.59681
18.40822	24.01429	20.73768
17.79952	23.97351	20.69312	2.691782	0.4772858
17.77232	23.97351	21.70304	6.323456	4.19645	3.42898
11.63834	22.35409	9.387723	1.811714
18.40594	20.74922
21.71492	8.588835	3.031641
21.77447	19.08075	6.926649	15.76557
17.4191	22.5552
17.9419	22.30076
18.26133	3.785207	22.45734	22.10372
21.97895	17.86171	10.48781
23.93268	18.96016	20.84576	7.293599	1.235837	15.09812
23.98424	18.55962	2.917833
23.98908	18.31409	22.09309	7.517386	5.488148	3.072044
24.13712	18.57649	5.888691	20.67077
24.0011	15.46847	21.92125	14.40121	11.80432
22.26098	15.5961	24.29651	10.95314
17.44268	23.96117	20.99003	22.35116	12.92668
19.10135	23.96117	21.56171	18.54107
17.19244	23.97288	21.9184	5.868299	14.09058	16.96633
11.93108	24.03149	21.2673	6.759319	11.57439
24.03149	22.04543	9.722403
24.05147	21.49219	0.5422219
24.2074	0.9984307	21.02405
24.2278	4.484496	21.70053	22.8097	0.05754717
24.19638	21.21724	18.6694
24.03948	22.31026	9.929026
24.03948	22.27142	6.535034	5.509765	3.613666
24.08767	21.63286	21.10691
23.99502	22.05123
23.98904	8.223198	21.11774
23.9518	21.78601	18.4725
23.9518	21.3906	16.3884	2.29046
23.9518	22.1466	4.634241
22.71804	22.32305
21.85358
24.02788	22.09421	23.23132
24.09898	16.8547	21.18781	22.34166
24.03804	14.61134	22.01133	5.285369	12.48178
24.10927	18.41151	22.04799	3.242186	13.58531
24.11522	17.97926	13.65196	22.5856
24.12718	18.35424	21.1748
24.12718	17.90169	2.693594	21.24229	2.122428	13.52431
24.15353	15.34908	22.0507
23.94793	17.56496	17.18947	7.94441	22.61896	7.308578
23.94793	17.96757	20.63699	17.20377	21.03611
24.30714	18.32804	21.09726	5.034324	2.103461
23.99749	22.04662	17.68866	3.603972
22.09029	9.504439	5.55427
18.0878	20.61793	24.15019	7.133391
18.3097	24.0178	22.17831
23.96957	21.3206	18.8579	0.229656	0.8843574
23.96481	22.34048	15.03645
23.96481	12.41805	22.17945	7.024359
24.01045	22.53843	18.52335	12.67096	9.336633	14.26714
24.15462	17.94073	20.8107	6.179328
22.33942	15.56
18.68452	22.90251	20.93883	3.506292
18.38931	24.11956	21.78045	17.35018	2.900517
17.31257	24.00549	21.37141	5.122843	4.069368
17.82026	24.01256	21.02977
16.51199	24.01256	22.15722	23.93005
18.39031	24.12651	21.39129	7.578247	5.175695
18.15236	24.03889	20.84372	21.85077
24.36737	21.30834
22.39268
22.0698	16.72943	2.592069	6.629408
21.80947	11.09016	5.928146
22.02307	10.18265	24.24023	1.33119
24.25482	21.69782	13.90603	2.804823
23.88466	22.44939	8.586224	5.62762	6.93229
24.07327	21.7397	18.08411	16.18361
24.07327	19.57934	19.25552	21.38732
23.94961	17.65997	21.28163	23.25778
24.26644	18.48723	21.10214	15.64756	6.242825
24.05637	17.34242	22.10985	5.392645
23.96785	16.95785	22.01985	5.530922
23.97485	21.48522	9.736194	2.471744
23.95681	12.09169	21.8246
23.95681	21.73564	1.607953	1.183193	22.37166
22.03875	4.204846	21.86958	2.165125
23.97228	21.60191
23.97228	21.74885	24.99601	5.472909
24.01717	21.80808
24.04225	21.88196	15.37514	21.69269	12.04273
24.0153	21.41072	17.95241	5.181375	5.700906
23.9957	17.29496	23.53419	21.72878
23.9957	17.73249	21.60819
23.98473	17.24772	1.687931	22.48662	4.78402
24.00023	22.56906
24.40284	21.97821	18.10011	7.352914	9.26647	16.97995	13.94979
24.17506	22.05179	17.77665	6.476772	10.40725	24.17292	0.4978842	17.76116
24.0489	20.998	17.50603	8.699821	0.1787862
24.00763	18.50448	22.09912	4.632276
24.00763	17.453	21.68932	14.06389
24.00763	21.68932	15.36479	19.56942
24.00763	20.6904	18.82434	22.12367	11.6488
24.00763	18.12977	21.71857
24.03073	22.06851	7.392562	4.088047	23.51724
23.97616	11.36135	21.62462
23.97616	18.48345	21.31302	14.71283	17.99061	10.90238	9.187886
23.98554	18.34406	21.12791	2.572783
23.98428	18.34969	21.36265	17.56577
24.04966	18.23293	21.79664	0.7040432	3.637873	5.101491
