SurvivalProbabilities


0.1904955	0.241914


0.2025377	0.2507749
0.1965093

0.1574822
0.1745275	0.1798657
0.3038318
0.1894061
0.1428643
0.1966712
0.225049
0.1944663
0.1880846	0.2325846	0.1766157
0.1905688	0.1792241	0.1937427
0.2039637	0.2447799	0.2009515	0.2850016
0.1583919	0.2177678	0.2311136
0.1803864
0.1463885	0.1393163	0.1883291
0.167608	0.1923779
0.213873	0.1923953	0.232291
0.2368325


0.1463255

0.1715545
0.1398134
0.1492885	0.2234548
0.1665011	0.1697993	0.2016621
0.1924718	0.214215	0.2104105
0.1837666	0.1939758	0.1671356
0.2497078

0.1442843


0.260396	0.2135256	0.2475184

0.2253846	0.161866
0.1721479

0.2358735
0.1801449
0.2288039	0.1980165	0.1962928
0.2134022	0.23075	0.2455807
0.1481904	0.1929754	0.2592265
0.1583415
0.2703576
0.1366511
0.1559983	0.2786746	0.1642703
0.2316278	0.1872952	0.2175249	0.1719182	0.2266977
0.1982401	0.1898433	0.1639209
0.1573449	0.2351422	0.1381241	0.1998695
0.253671	0.2567515
0.14239	0.2113808
0.2094794	0.2124786	0.1533731
0.1899468	0.1529287	0.1358636	0.2338207
0.1793067	0.2239707	0.206369
0.1991765	0.1364868	0.2084539
0.2129233	0.2020592	0.2203737
0.1859571	0.2440226
0.1677502	0.2450206	0.2319335
0.19583	0.2012243
0.2354945
0.1794164	0.2226566

0.18155
0.2352563
0.1773021
0.1712546	0.1927142	0.1556832
0.2045146	0.2328339	0.1958387
0.1983356	0.2280935	0.1679072	0.2128798
0.2191162	0.2311951
0.253404	0.2640808
0.2163528
0.2433417	0.2230085
0.1798961	0.196575
0.1645009	0.2073265	0.2361299
0.1494789	0.1575381	0.2395705	0.2481701
0.2060531	0.1991718	0.2309084
0.1726464	0.2492737	0.2028331
0.1483469	0.1744511	0.210032	0.2363968
0.1681077	0.2546659
0.1930151	0.2221208
0.226558
0.1903176	0.2473737
0.1598672
0.1814057	0.2011759
0.2128189
0.1694645	0.1889104
0.1506196
0.2008061	0.2007887
0.2274968
0.1681246
0.1994831

0.2130174	0.2153596
0.1642145	0.1966642
0.1325647	0.1421615	0.1810663	0.3031066
0.2292555	0.1631135	0.2173324
0.1566229	0.2048272	0.1779147
0.2204709	0.2159736	0.1424273	0.2441757
0.250976
0.2125375	0.1989138
0.2323524	0.2649513
0.2694853	0.2408256	0.2535388
0.1757391
0.2711189
0.2081826
0.2360751
0.1534022
0.2300332
0.2425212
0.1758849	0.2021971
0.1926361
0.2165152
0.2115317
0.2359962	0.1822863
0.1968908	0.2026111	0.2556327
0.281983
0.1818218
0.2042643	0.186344
0.1877286
0.1433801
0.1511988


0.1767812	0.2819107
0.1925905	0.1544671
0.1507299	0.1521506	0.1804579
0.1713574	0.3147185
0.1977329	0.1796584
0.1651098
0.1846783
0.1725541
0.1330106	0.1496578	0.2158099
0.2189193	0.177927	0.1801681
0.1980736	0.1735988	0.2102116
0.1913291	0.163338
0.208316	0.1637841
0.2193755	0.1236029
0.1694131
0.2190735	0.2104171
0.1739876	0.1692279
0.1972628	0.225262
0.2373196	0.2704775	0.2163506	0.2659818
0.2588448	0.1570199
0.2727868
0.2319384	0.1766451	0.2395348
0.2955551	0.2676905	0.1886518
0.2795885	0.212155	0.1521249
0.1685515	0.1581661	0.2380168
0.1583152
0.2080566
0.1701785	0.1882176
0.2369412	0.2427654
0.2266282	0.2716084

0.1491694
0.1798293

0.1160907
0.1775714	0.1820664
0.1523362
0.1597439
0.1893761
0.2793872
0.1753972	0.1062532
0.1764019
0.271252
0.1544428	0.1857009	0.2197033
0.1936294
0.1840976
0.2642614	0.2264133
0.2253528
0.2415892
0.2725932	0.1963157	0.1774026

0.1861481
0.2353757	0.1873559	0.1563714
0.2145181	0.2303719	0.1753571
0.2172074	0.2247911	0.2088087
0.1422257	0.2425822	0.2296124
0.1488115	0.1553302
0.1857871	0.2566824
0.1970729	0.2301216
0.2128692
0.1611321
0.2321065	0.1752615
0.1956588	0.1935975	0.2082377

0.2165926	0.259238

0.21426	0.1941351
0.1598421	0.2605969	0.234338	0.1830039

0.233545
0.1760946
0.225478	0.2641453
0.2165525
0.1500726	0.1703031
0.2023381	0.2084488
0.1732916	0.2180022


0.2075642	0.2119396
0.1601638	0.1882657
0.3140412	0.2616895	0.2137165	0.2694021
0.2671507	0.1272968	0.2085966	0.1778413
0.1991035	0.2297429	0.1373031
0.1481219	0.2359438	0.2119197
0.1927925	0.1845907	0.1825859

0.156523
0.2032791
0.1945811
0.2225459	0.1658117
0.1336961	0.1750068
0.2148657
0.2394358
0.2487322	0.1877128

0.2418907	0.1864394
0.1526631


0.2797988
0.1832549
0.1619126	0.2070735	0.1771818
0.1574025	0.2000207
0.2522781	0.1787515	0.2339186	0.2121819
0.2157082
0.1964002	0.229681
0.2032646	0.2652267	0.2321661
0.1642034	0.2346188
0.1921929	0.2159336
0.1272206	0.282597
0.1623117

0.2050991	0.2440025
0.2209694	0.226148
0.2357526
0.2170264
0.1717174
0.1649444
0.2505683	0.2009209
0.1949195
0.1788925
0.2448624	0.2413948
0.1668878
0.2325015	0.1820819	0.1565902
0.2128067	0.2053348
0.2550935
0.1945825	0.2011649
0.1319037	0.1927444
0.2492863


0.1859048
0.1313773	0.2314621
0.2144433	0.18808	0.1743749
0.1550355	0.1569662
0.134284	0.1569451	0.1917904
0.1653021	0.1675436	0.2344989
0.2055861	0.2005052	0.2102807	0.1669353
0.1809526	0.1780113	0.1890005
0.1986418	0.2246279

0.18386
0.2109506
0.1143392	0.185266
0.1976526
0.2005777	0.2250893
0.1922551	0.1573103	0.2175339
0.1549403	0.2052978	0.1753851
0.2134467	0.1665187	0.215039	0.1630374
0.2286078	0.1540353	0.1549996
0.1278555	0.2676987
0.193469	0.1955983	0.1495732
0.1982243
0.2920155	0.2127588
0.2567359	0.1504326
0.2676603	0.2200327	0.164527
0.1641072
0.2371235	0.2149342
0.2759017

0.1569883
0.1750531

0.2364131
0.2477758	0.2383613
0.187322
0.177436	0.2045843
0.2079715

0.2349528	0.2187349


0.1948448

0.188917
0.1612342	0.1902892
0.2629811
0.1647216	0.1943093
0.193185	0.1875253
0.2305029	0.2353108
0.1914265	0.2185139
0.2189994

0.2313977
0.1573916	0.2622877
0.1595502	0.2533466
0.219225

0.2043012
0.1854672	0.186132
0.1568872	0.1529316	0.2537719	0.203838
0.16834	0.2282098	0.229391
0.2475688	0.219861
0.1380283
0.2241577	0.2155278	0.2343612
0.1533924	0.1878716
0.182927	0.2600804	0.1312102
0.2544694
0.215898	0.2131135

0.2350947
0.2696473
0.2279015	0.1646849	0.2030976
0.2022532	0.2087535
0.1630783	0.1559394
0.1710061
0.1734184	0.2369843
0.1964133
0.2144879
0.2226109	0.2594412	0.2056226
0.1549988	0.1811955
0.1636312	0.1346982
0.1882229
0.2262389	0.2189873	0.1806637
0.1317807	0.3001554
0.1879066	0.247955
0.189805	0.1865167
0.1932424
0.248969
0.1933211
0.2337233	0.2120755
0.1544225
0.2392247
0.1531965	0.1383111	0.2023282
0.2277491
0.1576503	0.1863846
0.1958571
0.1729663	0.2049593
0.1631661
0.1724291	0.1883326
0.2029434	0.1678489
0.2128515	0.150574
0.1545946	0.2051327	0.245334	0.2068349	0.1632732
0.1221101	0.2156654
0.2383752
0.1855984
0.1645923	0.2605105
0.2252856	0.262992
0.2051088
0.218674	0.2758278	0.1526444
0.180608	0.1449666	0.174672
0.1834913
0.246949
0.2307549	0.1979013
0.1700914	0.2227301

0.1034694	0.2518545
0.2426842	0.2132599
0.1515072	0.159448	0.1886057
0.1916305	0.2047865	0.2550784
0.1668359	0.2296663	0.1715598
0.1734659	0.2723073

0.1841321
0.1717608	0.1499423
0.1776901	0.1270304	0.2338594
0.1726435	0.1961682
0.1883755	0.1705201	0.1519296
0.2228397	0.2299841	0.1961441
0.2225001	0.2427954	0.22271
0.157164	0.1580162
0.2204216	0.2121701	0.1759858
0.1471819	0.1979314	0.239302
0.1535271
0.1465984	0.2051282
0.2123285
0.2410406
0.278992	0.1865034

0.1825396
0.1867982
0.1654512
0.162576	0.151308
0.169186

0.1552541
0.2300276	0.2089174

0.2304454
0.2553221	0.1642485
0.1792142	0.1888336

0.237445
0.1661506
0.1714352
0.2476478	0.2712304	0.1917671
0.1804152
0.2394347	0.2330548	0.1886162
0.1502222	0.1419657
0.1855065	0.2688206	0.2160899
0.1486892	0.2235389	0.2656002
0.1449685	0.1525963
0.2477246	0.2214376	0.268134	0.2299341
0.23219	0.1887109	0.197781	0.2695455
0.2255427	0.162953
0.195608	0.1934456	0.1409204
0.1987398	0.185297	0.184381	0.1711295
0.2476152	0.1512933
0.1897543	0.1792069
0.1518071	0.232332	0.1875583
0.1968074	0.1914505	0.2006743	0.2456776	0.2108928
0.2305565
0.2046225	0.183762

0.1652968
0.2072524	0.2030012
0.2005304	0.1461954	0.1567708
0.207676	0.2078834	0.1738105
0.2322099	0.1877811	0.2036633
0.2362039	0.2077855	0.154276
0.1875086	0.1874386	0.2235157
0.1441855	0.1788645	0.2191103	0.2421851
0.217786	0.1728471
0.1426979	0.239684	0.1341561
0.2068368	0.2486731	0.1778054
0.2098849	0.1810308
0.2322289	0.1576003
0.1994221	0.2027232	0.1637251
0.2476902	0.3134627
0.2993896	0.2266516	0.2172636
0.1492819
0.2092466	0.1901777
0.2638567
0.1723914	0.1875696
0.1803319	0.1894883

0.2054321

0.2149665	0.18429
0.1759892
0.1610635	0.1921279
0.1625664	0.2128976
0.1623619
0.1670331	0.20299
0.2301946	0.1667308	0.2373577	0.1356273
0.2007981	0.1878545	0.222071
0.2784288	0.1733632	0.2176895
0.1744224	0.173364	0.2826256
0.1967541	0.1866362	0.2305248
0.2766341	0.1297764	0.2060169
0.1475292	0.2225621	0.2294698	0.2152214	0.1551446	0.2117988
0.2257726	0.2168318	0.20589
0.2245464	0.2018892	0.1908549
0.2147126	0.131524	0.1749292
0.2365401	0.1973702	0.17293
0.2320524	0.1638122
0.2130455
0.195798
0.20551
0.1905286	0.2425731
0.191172	0.2078734
0.1313538	0.2019803	0.2099462
0.2259171	0.2243908	0.2436224
0.2032184	0.1814093	0.2941046
0.20112	0.2563114	0.2246841
0.1509095
0.2467168	0.2011448	0.232591
0.1560986	0.2039345	0.2147094
0.2204037	0.1612458	0.1914499
0.167369	0.1460171

0.2161645
0.1837179
0.1227531
0.1435833
0.2216886
0.3174926	0.220907

0.2251835	0.1880442
0.1706138
0.1765932	0.2153442
0.2351779	0.2142139
0.1597655	0.2013738	0.1899438
0.1900133	0.1758142	0.1664106
0.1743999	0.1625244
0.1905948
0.2123529
0.1272012	0.2549717	0.2897287
0.2204325
0.2410357
0.2419207

0.182362	0.1577115
0.1524162	0.1750679	0.2181471
0.2200015	0.1632838	0.2649079	0.1887341
0.1420788	0.1366869
0.1907474	0.1752356
0.2393441
0.1850127	0.1782447	0.1864003
0.1585077	0.1963835	0.196559	0.2138691
0.2247403	0.1930645	0.1872878
0.1994476
0.2520236	0.2047912
0.2190413	0.1582287
0.1564451
0.1459078
0.1481099	0.1495099
0.2626777	0.2054877
0.1877585	0.2518734
0.2402726
0.2172326	0.1997255

0.2042563
0.1968439
0.1712243
0.2484927	0.1942668
0.1344099
0.2152355	0.2558403
0.1798901	0.166512	0.1551226	0.2052093
0.219496	0.2661557
0.1713351	0.2481342	0.2085748
0.2097932	0.2596043	0.2251441
0.1459226	0.1614291
0.1828606


0.1951534	0.2515966
0.2203189
0.2222545	0.1832511
0.2841243


0.1848436
0.2155718	0.2041215
0.1438868	0.2104362
0.1269923	0.1853714
0.1796784
0.1446965
0.2437041	0.1599675
0.1988209	0.1586142
0.1985346	0.2257563
0.177361	0.2445412
0.1959911

0.2162121
0.2000248	0.1940689
0.2039121	0.1906921
0.1481132	0.240387
0.2179065	0.2318568
0.1643638	0.1705856
0.2033398
0.1602631
0.2188497
0.2066024
0.2253426	0.211328
0.1944652
0.1521094
0.2083153	0.176438
0.1575806	0.1864418	0.1793735

0.2240813
0.19166	0.1663377
0.2495158
0.2333544
0.1697183
0.2152644
0.2447374
0.1874216
0.1960909

0.1404178	0.2090042
0.1951245	0.1672737
0.1802236
0.1666792	0.2088083	0.2340694	0.2320445

0.1864185
0.1598827	0.3059367
0.2120276	0.280164
0.1412504	0.2623319
0.2449492
0.2025235
0.2058198	0.1460072
0.2251238	0.1723543	0.2531188
0.215577

0.2209064	0.1655183
0.1667429	0.253052

0.2857271
0.175207

0.2319672
0.1622883
0.2780519
0.1558661	0.2117097
0.1823398	0.253746	0.2316751
0.1666052

0.2082756	0.1758657
0.2260122
0.185507
0.249893	0.1363861
0.2042735	0.2102334	0.2683154
0.1604485	0.2014292
0.1647066	0.1679627	0.1800608
0.1037965
0.2250205	0.1845181	0.1838031
0.1915067	0.2147529
0.1495976	0.2017311	0.3145063
0.1511602
0.2163512
0.2429468	0.232758
0.09836255	0.2000412
0.1339959
0.1489738


0.1657013
0.197629	0.1864983
0.1723648

0.1535657
0.1979754
0.2466144
0.1980298	0.2033244
0.1661532	0.1995043
0.2411523
0.2685083
0.2058731
0.1988967
0.1625972
0.1765527	0.1693027
0.2653321	0.2200122
0.1495413
0.1672237	0.2339892	0.2222106
0.1777068	0.2479894
0.1729141
0.2594427	0.1851846
0.1256408
0.2246454	0.1987883


0.2199034
0.2085389
0.2094307	0.2153462
0.1958888
0.1759516
0.1894839	0.2128621
0.1811631
0.2039829
0.1834598	0.1980196	0.2178026
0.1952699	0.1756407	0.170289
0.2363474
0.2502568	0.2357731


0.2001438	0.2395023
0.2157018	0.1556258	0.1768512
0.186836	0.1989567
0.2785177
0.198938	0.2064034	0.1718591
0.166386	0.2037724
0.177639	0.1386956
0.2068738	0.2533963
0.2670398	0.2324071	0.1697073
0.1593392	0.1994068	0.2248976

0.2133166	0.1929794	0.2482836	0.2028955	0.2432392
0.2576353	0.1866316	0.2557762
0.1854805	0.2153988	0.1704901
0.1618115
0.2019444
0.2064504	0.2593496	0.1817527
0.1879044	0.170714
0.2334695	0.1872729
0.1518496	0.1755662
0.1925953	0.2195726
0.2320581	0.2194662	0.230211
0.2285876	0.1593

0.1872911
0.1704086	0.202365
0.2402618	0.1911199
0.1579403	0.2205041	0.2061377

0.287293
0.2334486	0.1888073
0.1297717
0.2111152	0.192634
0.1420256
0.1737665

0.1766241



0.2544739	0.1689378
0.1542548	0.2044202	0.1476669
0.1985176	0.2464943
0.1602071	0.2230343
0.1846464	0.2724292	0.28128
0.2107153	0.1605544
0.1850908	0.1846754
0.3202917	0.2049689
0.1897815	0.1953954
0.1708211	0.1492149
0.2251843

0.2415502
0.2165122
0.2135071	0.2085084	0.2855586
0.2071262	0.1522238	0.2056915
0.2828107	0.2122893

0.2125454
0.208161
0.1734636
0.1960828
0.1725711
0.2370371
0.165323
0.1896204
0.2205169
0.241907	0.1719674
0.1531693	0.2524422	0.2658415
0.2442527	0.2386981
0.222642	0.1776234
0.1666998	0.2295062
0.217758	0.1579842	0.2213403
0.2001638	0.1715228	0.2213396	0.1964195
0.2241965	0.1103567
0.2062007	0.2625299	0.2016127
0.179461	0.2251042	0.1825298
0.1363057
0.2415354	0.2036261
0.2329595
0.1771203	0.1984084
0.2651913	0.2478163
0.2351352	0.2528889
0.2579811

0.1539377	0.1713028
0.1595069	0.2348582
0.1788379	0.1345294	0.1533212
0.1997915	0.2479567	0.2379679	0.1919004	0.2049579
0.1558538	0.1816572
0.2908405
0.2798378	0.1997684	0.2134961
0.2622329	0.2055231
0.1793801	0.1438903
0.1989129	0.1764487


0.2185096	0.2501715	0.1683882
0.2249365
0.2067513	0.1941124	0.2259179
0.2160405
0.2527086
0.2004724	0.1658065
0.26959	0.2079511	0.1905387
0.1785185	0.2330402	0.1876227
0.224326	0.1739143
0.16625	0.2118126
0.158277	0.1997421	0.2039928
0.1723189	0.1953627
0.1945505	0.2406094
0.1490188	0.1409212
0.1438447
0.2457038
0.1861732

0.2304279
0.2264633
0.1813379	0.1512869
0.1769929	0.1798641
0.1987662	0.2059922	0.2358671
0.2128216	0.1717014	0.1434233
0.2080456	0.2200067
0.1813891
0.1651669	0.1697295
0.1481734	0.209822	0.1420646
0.2362494
0.1570507	0.234949	0.1875834
0.1896412	0.1729675
0.1841642	0.2004183
0.1755989

0.1697683
0.1898098
0.1829043
0.1519721
0.1843322
0.1665607
0.1898214	0.2657224

0.1783862
0.2443118
0.1872872	0.2128171	0.2723186
0.1534628	0.1529803

0.2076423
0.2335832	0.2426899
0.2126557
0.1859493	0.2306624
0.1371441	0.191543	0.1764032
0.2165942	0.1908643	0.1981638
0.2359832	0.2682987	0.2005506
0.2176727	0.1900202
0.1652375	0.1567897
0.1369561	0.2004483
0.2339322	0.2419586	0.1903388	0.1909885
0.2079262
0.182365
0.2377636	0.1916102	0.2705759
0.1950246
0.1788899
0.1307373	0.1687916
0.1751996
0.2288288	0.2377979
0.2339583
0.2008842	0.187537
0.1483125
0.1705783	0.2270915
0.1679878
0.2209856
0.2143385
0.1994328
0.2216061
0.1666664
0.1992506
0.2063176
0.1866011	0.2335557	0.2071517
0.1960564	0.280017
0.174756
0.1626763	0.2014183
0.2044659	0.1982171
0.2662389
0.2210007
0.229995
0.2021941	0.2444576
0.2483249	0.1912646
0.137669	0.1869869

0.1734683	0.1948272
0.1597822
0.1971346	0.2301668
0.2321473	0.1676732
0.1644601

0.1929481
0.2001396	0.2030362
0.1682367
0.1720172
0.1899352
0.1801536
0.1852968
0.1759361	0.2310891
0.2492017
0.1770474	0.2021071
0.1869951	0.2221664

0.2106995	0.1693019
0.2714713
0.2251381	0.2083057
0.2224809	0.1277349
0.1927847
0.2013059	0.1394405	0.161885
0.1524397


0.1577305	0.2191925
0.1573925
0.2153016
0.178669
0.1798167	0.2590268
0.208207	0.2091366
0.2345766	0.2134653
0.1273808	0.1522986
0.2157176	0.1837478	0.1872494	0.192892	0.1884042
0.1654683	0.2344361
0.176215	0.2334722
0.2022617	0.230207
0.1821578	0.1926965	0.1806289
0.1875005
0.1903649	0.1925422	0.1702515
0.1924729	0.1819599
0.268492	0.1742012	0.2489722
0.2110312	0.248978	0.2097968
0.2080962
0.1534169	0.1893906
0.2840373	0.2647279	0.2151205
0.1605722	0.1424992	0.2143678
0.2797408	0.1936147
0.1280486	0.17824
0.2057135	0.1916685
0.1678863	0.1717734	0.2292928
0.2241463	0.2145018
0.1627924
0.2513513
0.1478837
0.1795953
0.1488132	0.197598
0.1482055	0.2252642
0.1837095	0.1481051
0.1909333	0.198938
0.1903955	0.1105257
0.2350089	0.2621579	0.2443889	0.1438553
0.249551	0.1732062	0.2344892

0.1905901	0.2122543
0.2114002	0.1691117
0.2443623
0.2138251	0.2156569
0.2323576	0.2214273	0.2223027
0.1765993	0.1589044
0.1711493
0.2774665	0.195178	0.182833
0.1977419	0.1838089	0.2555865
0.2006513	0.1613348	0.1634898
0.1925917	0.1960072	0.1823018
0.216856	0.2151261
0.236448	0.2405815	0.2020435
0.2198944	0.2179374	0.2722089
0.1486738
0.1640345	0.1476633
0.1900972
0.2057789	0.1612817
0.1244267	0.2133557	0.1838424
0.1895667	0.1535135
0.1649968	0.1649326	0.2172172
0.2230186	0.2643903
0.2155705	0.1475876
0.2083808	0.1643087	0.2211388
0.1456272	0.1767199	0.1475333	0.1711423	0.2126512
0.2199813	0.1900881
0.2179518
0.1695148
0.230083	0.238342
0.2086048

0.1956742	0.2288644
0.2108219	0.2078759
0.2194392
0.2045889	0.2512575
0.192075
0.2167748	0.1889264
0.1673617	0.1621568	0.2372195
0.1451868
0.1480598
0.183921
0.2459777
0.1597503
0.1811194

0.1977376
0.2358752	0.1722667
0.1554114	0.175417	0.2089214
0.2102298	0.234238
0.3170059	0.1790125

0.1412764	0.1787392
0.1953433
0.214962

0.1363833
0.2389167
0.1659995	0.250067
0.1376024
0.29409	0.1699391
0.1873147
0.217385
0.2237518
0.1301015	0.2113856
0.1689307	0.1743491
0.1633503	0.2458582

0.1889478

0.2081427
0.2082808	0.1752331
0.2129642
0.2706186	0.1918341	0.2715182
0.18099	0.1994048
0.1642595	0.2411218
0.2102578	0.1525478
0.1853944
0.2642141
0.1718198	0.2591642
0.1973739	0.1831897
0.1727532	0.1874758	0.2083096
0.1594846	0.1635905
0.1962075
0.1682891	0.1948466
0.1791288	0.1908626


0.1796655	0.2420061
0.1494298

0.1985449
0.1655113
0.2212859	0.2537099
0.184823	0.2215312
0.1445929
0.1901003
0.2305389	0.2624269

0.2058451	0.1585743	0.1988212
0.266166
0.2274137	0.1702027
0.1974838	0.1904277
0.2040907
0.1816543	0.1410451
0.2046401
0.1934123	0.1948963	0.2011794
0.1816307
0.1877016
0.2587702	0.2339212	0.2501282

0.2276664	0.1665826	0.2177838
0.1565915	0.2409993
0.2076037
0.2803577
0.1568729	0.2403989


0.159755
0.2051998	0.2230108
0.2195638	0.2066918

0.2600359	0.2001741	0.2544552
0.1694982
0.1909579	0.158246
0.2056372	0.227952	0.1724726
0.1302153	0.2365406	0.2069708
0.1658767
0.158763
0.1776224	0.2311153


0.1842311	0.1497292
0.1938509


0.16003
0.2259974
0.2125206
0.199181

0.1916562

0.2090756
0.1945064	0.2305889	0.216179
0.1618232	0.2172281
0.2005323	0.2774292	0.2464437

0.2982714
0.2197419	0.1696918
0.1612613	0.1883485	0.1995723	0.1925972
0.176948	0.1996148
0.1740283	0.2087399
0.2359449	0.2166681	0.2666851
0.2426253
0.2251677	0.1589422
0.2200582	0.2071925
0.2208299
0.1764069	0.2350867
0.185328	0.1938748
0.1845273	0.1765494
0.1339169	0.1980035
0.1836783
0.1789508
0.1861791	0.3169397
0.2210351	0.1866481
0.2543502	0.1896786
0.1685265	0.1937391	0.2439851
0.1991468	0.1957346	0.1320479	0.1946259
0.1572092	0.1902755
0.184665
0.2175676	0.2224192
0.1755716	0.2004737	0.2662103
0.189501	0.1895271	0.1846947
0.1272055	0.1890159	0.1852739
0.1550287	0.1617442
0.2102262	0.1927451	0.1905585	0.1572803
0.1245404	0.2054246	0.1763842
0.1907295	0.2357175	0.1959264
0.1620318	0.1634683
0.1891198	0.1662376	0.1908866	0.2270558	0.2120008
0.1848432	0.197877	0.2435385
0.2039652	0.1794528	0.1814567
0.1988399	0.158894	0.2079764
0.1228085	0.1765106
0.1728045	0.25381	0.2269363	0.1852107
0.1508552	0.2437471	0.1997837
0.179114	0.1944709	0.2383657
0.1887431	0.1528921	0.1646989
0.1815364	0.1912403
0.2059382	0.1734361
0.2035656	0.242252	0.2491838
0.1618692	0.152694	0.2080001	0.2298191	0.1837778
0.2361906	0.1881232	0.1876457
0.1923102	0.1509712
0.1456327	0.2145194	0.1629534
0.1973515	0.2190083
0.1802301	0.1503536	0.1312166
0.2227143	0.2191257
0.155423	0.1774435
0.1900965	0.2010837
0.1828909
0.1858167	0.2162706	0.251801
0.2405674
0.1270655	0.230254	0.1839341
0.149876	0.1941212
0.1720756
0.2271795	0.2355806
0.1770251
0.1749915	0.1708239	0.2033861	0.1999463
0.2903116
0.2163407
0.1562968
0.2710118	0.2274159	0.1803692
0.1857205
0.2861034	0.1314772
0.2334333	0.1830309	0.1797921
0.1785628	0.2112202	0.2221037
0.2266684	0.2120255	0.207736
0.2085871	0.2220417	0.2350474
0.2039351	0.2174208
0.195663
0.2056775
0.2282201
0.2142007
0.2347763	0.1703436
0.2393448	0.1896371	0.1705822
0.2287321
0.2515812	0.1635378
0.1591798	0.2440981	0.1775266
0.1841187	0.1488495
0.2288814	0.3185778	0.2237422
0.2062903	0.2033528
0.2030447
0.2387984	0.1978361	0.2928826	0.1733297
0.2065102	0.2439413
0.3028575	0.177835	0.1994073
0.1550534	0.2474683	0.2187125
0.1899137
0.1860331
0.2225556	0.2237731	0.1494956
0.1850746	0.1365936	0.1813982
0.2144096	0.1894591
0.1971873
0.1854285	0.2577333
0.2128378	0.2102867


0.1582827
0.2235031	0.2028996
0.1664241
0.1454076

0.1936927
0.1695882

0.2127476
0.2108808	0.2075412
0.2412063	0.1975783
0.2363747
0.2600692
0.1629777	0.1984848
0.2612368	0.2191141
0.1659877	0.1987598	0.2087682
0.2177561	0.1633576
0.2371877

0.2026058	0.1992322
0.1889452
0.198269	0.1555459
0.1735058
0.1577082	0.1910955
0.1983247	0.2386023
0.1872236	0.224262
0.1519658	0.1812662
0.1923623	0.2708323
0.2032885
0.2249856
0.1529444	0.2494518
0.1731163	0.2103091
0.1827815	0.1423775
0.1946859
0.1755195	0.244124
0.177238	0.15287
0.2203676	0.1663869
0.2509745
0.1829457	0.1740366
0.1476663	0.2511846
0.1496672
0.1498471
0.2101004
0.1684883	0.2149048

0.1711989	0.210853

0.1735155	0.237413	0.1711279
0.1568882	0.203098	0.1437158
0.1405181
0.147024
0.2421879	0.2187628
0.1369197	0.1672599
0.1537561	0.2123743
0.2222421	0.1956482
0.2094595
0.2065372
0.1949148	0.2003042
0.1786514	0.2455148	0.3102709
0.1707078	0.2284313
0.1858489	0.2139149
0.1958161
0.2925079	0.1968999
0.2210217	0.1702877	0.2037811
0.1520894	0.2466853	0.2846514	0.1890266
0.1648224
0.2298895
0.2490334	0.2175024
0.1748021
0.1580263	0.1963071	0.2433813	0.1832682
0.2126418	0.2211955
0.2566724	0.2222187	0.2089931
0.1561201	0.3180765
0.200172	0.165768
0.1821032	0.2335701


0.2059523
0.1388489
0.1988526	0.1256172
0.1735469	0.2079453	0.1959402	0.1830115
0.1636383	0.2283761
0.255766	0.2185471
0.155161	0.1838941
0.2136029

0.2226311
0.2010853
0.1949044	0.1439838	0.1979327
0.2623679
0.1446491
0.2489531
0.2661574

0.2184605	0.1545988
0.2115891

0.1674219	0.2422007
0.1898098
0.1455508	0.1837805
0.2584792	0.1559048	0.2380475	0.1722641	0.1402174
0.2243013
0.2185015

0.2544199

0.152741
0.2130903	0.2094431	0.1597068
0.2644317
0.1941904	0.1868824	0.2365832
0.1949773	0.1789652
0.1760747	0.1570182
0.2122166	0.2089884
0.1852049	0.2643747
0.1784093
0.1687656
0.2272895	0.2611838

0.1820114

0.2383975	0.1927904
0.220999	0.2341746	0.1923527
0.1295565	0.2164328	0.1813059
0.1881859
0.2105413
0.2311404	0.3158902
0.2471653
0.2337317
0.1640769
0.2046971
0.2394877
0.1681288
0.1809223
0.1630847	0.2376332
0.200692
0.1809443
0.2549542
0.1984924
0.1762627	0.1643858
0.2280489
0.2496793
0.1715094
0.1802757	0.1957644
0.1698715	0.2167833

0.1836305

0.2463459
0.1902029	0.2627402
0.2066119

0.1955927	0.1522711
0.1856189
0.2111344	0.2749337
0.2424291	0.1915155
0.2142529	0.2008471
0.1785504
0.1985444	0.195421
0.2033236	0.1732179

0.1829752	0.2258042	0.1215117
0.1543742
0.2218945	0.2403597	0.1822819
0.165088	0.1675807
0.2257305
0.2294021	0.2187712
0.2268523
0.1762513
0.1789108
0.2053633	0.2130947
0.2389222
0.1541383

0.1887067
0.190883	0.2019044	0.1931867
0.2018713
0.1688781
0.1791556
0.1403436
0.235986
0.2547055	0.1168744
0.2164015	0.2586916
0.2361967	0.194305
0.1985452
0.1724812

0.1218842	0.2178597	0.216673
0.1976334
0.1651669
0.1542709	0.2009509	0.1865618
0.1994686
0.1981611	0.2253513
0.2000121	0.1543691	0.2222302
0.2281563	0.1439994	0.194575	0.2494981
0.2334785	0.2683672
0.1832554
0.2246958	0.1673685	0.2583808	0.1980287
0.2519282	0.2013431	0.1962033
0.1659806	0.1963646
0.1732657	0.2096887

0.1581189
0.2166067	0.3066924
0.2161158
0.1517236
0.286152
0.255848	0.2136032
0.2517871	0.2209468
0.2578503	0.1319336
0.3070001
0.2098923
0.2082343
0.2842228	0.1775229

0.2201393	0.2239992
0.1374046
0.1742452
0.2164449
0.2041401	0.1792811

0.2079097

0.232113
0.1711629
0.1524741	0.1793356
0.2286184	0.177332
0.1740805

0.2035423
0.1718671	0.2298273
0.1819246	0.1970212
0.1887129	0.1285782	0.1622186	0.2125005
0.1993954	0.2196473	0.1964871	0.1881021
0.166175	0.1715009	0.1537811
0.1398277
0.201119	0.1961498	0.2102542
0.1654468	0.2181397	0.2530463
0.2021331	0.1746358	0.2648723
0.1808729	0.2005352
0.17432	0.2360793
0.2292508
0.2113535	0.1967869
0.1834146	0.191714
0.1630817	0.2064409	0.1771574	0.186502
0.2268906	0.1982336
0.2812273	0.2130359	0.1730848
0.2167719
0.194038	0.2405158
0.1881149
0.2385789	0.1700627
0.1408943
0.2654488
0.2005687
0.1765306	0.1736634
0.2130016	0.2154448
0.240792
0.2237628
0.1733827	0.2443634
0.206789


0.2014373	0.2317385
0.1644366	0.2395894
0.1726102	0.2328377
0.2111103	0.2774765
0.2010599	0.1695507	0.2107714
0.2147797

0.2144181	0.2002392
0.1882016	0.2264894
0.1805779	0.1738397
0.1983736
0.2041775	0.2275105
0.1806677	0.2787966	0.1748477
0.1262017	0.1896698	0.2445118
0.1448709
0.1857133	0.1973337
0.1859631	0.2438139
0.1509273
0.2462218	0.1818733	0.1889731
0.1493192	0.216544
0.1870305	0.2138854
0.197805	0.1922568



0.220849	0.1552685
0.1758156	0.2207939
0.1865009	0.207242	0.2203429
0.1679494	0.1624757
0.2322941	0.2900591	0.161848
0.1997243	0.1989903
0.1883496	0.1679925
0.11776
0.1917084

0.1927198
0.1903386	0.2165488
0.2504372	0.2316901
0.2455874
0.2367671	0.2316159

0.2528575
0.2384959	0.176178
0.1950764	0.2936127
0.2432649	0.2141936
0.2334091	0.2712197
0.1447779	0.1719792
0.154805	0.1630527
0.2093812	0.211258


0.1827018
