"time" "elev"
0 80
0 40
0 160
0 80
0 80
0 80
0 40
0 440
0 680
0 240
0 120
0 80
0 80
0 80
0 440
0 720
0 480
0 160
0 120
0 120
0 200
0 480
0 480
0 440
0 320
0 280
0 240
0 80
0 320
0 440
0 600
0 440
0 480
0 480
0 360
0 280
0 160
0 280
0 560
0 720
0 440
0 400
0 360
0 520
0 280
0 240
0 320
0 320
0 480
0 560
0 480
0 400
0 400
0 400
0 400
0 280
0 280
0 320
0 440
0 440
0 360
0 360
0 360
0 320
0 240
0 240
0 320
0 400
0 440
0 440
0 440
0 320
0 280
0 120
0 200
0 320
0 320
0 280
0 560
0 320
0 320
0 280
0 80
0 200
0 200
0 240
0 320
0 320
0 280
0 280
0 440
0 0
0 160
0 240
0 320
0 320
0 240
0 280
0 280
0 320
0 280
0 80
0 240
0 360
0 280
0 240
0 240
0 320
0 320
0 320
0 360
0 160
0 120
0 120
0 200
0 160
0 280
0 240
0 360
0 320
0 160
0 160
0 160
0 160
0 160
0 240
0 320
0 320
0 280
0 0
0 160
0 280
0 480
0 280
0 160
0 240
0 320
0 320
0 80
0 160
0 320
0 360
0 320
0 320
0 280
0 80
0 240
0 480
0 400
0 280
0 240
0 240
0 80
0 320
0 320
0 280
0 280
0 240
0 240
0 40
0 200
0 600
0 160
0 280
0 240
0 280
0 280
0 120
0 80
0 160
0 480
0 160
0 200
0 480
0 400
0 320
0 200
0 320
0 160
0 200
0 240
0 440
0 640
0 600
0 480
0 120
0 160
0 120
0 400
0 800
0 680
0 560
0 1040
0 200
0 160
0 160
0 480
0 960
0 920
0 440
0 80
0 40
0 40
0 40
0 680
0 1280
0 440
0 160
0 280
0 520
0 760
0 400
0 0
0 360
0 200
0 240
0 160
0 520
0 520
0 760
0 480
0 720
0 880
0 1320
0 440
0 160
0 560
0 440
0 400
0 160
0 0
0 320
0 560
0 920
0 600
0 240
0 480
0 520
0 760
0 760
0 640
0 920
0 1240
0 600
0 280
0 200
0 600
0 440
0 600
0 560
0 640
0 -40
0 160
0 200
0 360
0 160
0 480
0 640
0 280
0 480
0 360
0 640
0 640
0 680
0 640
0 840
0 1120
0 440
0 240
0 480
0 400
0 320
0 1000
0 1240
0 1480
0 880
0 800
0 320
0 120
0 160
0 160
0 600
0 400
0 320
0 200
0 400
0 640
0 560
0 600
0 680
0 520
0 600
0 600
0 720
0 800
0 920
0 1280
0 600
0 240
0 400
0 480
0 1120
0 1120
0 1160
0 1360
0 1480
0 1880
0 1680
0 1280
0 1160
0 640
0 920
0 880
0 960
0 600
0 640
0 600
0 560
0 520
0 440
0 400
0 440
0 480
0 640
0 720
0 880
0 1160
0 920
0 480
0 360
0 320
0 1120
0 1120
0 1280
0 1360
0 1600
0 1680
0 1640
0 1600
0 1080
0 1120
0 1080
0 880
0 640
0 640
0 360
0 400
0 400
0 360
0 360
0 360
0 360
0 480
0 480
0 760
0 800
0 800
0 480
0 480
0 360
0 320
0 1160
0 1160
0 1160
0 1240
0 1440
0 1600
0 1440
0 1600
0 1280
0 1120
0 800
0 640
0 680
0 840
0 520
0 400
0 320
0 440
0 320
0 400
0 360
0 440
0 480
0 640
0 760
0 640
0 520
0 480
0 400
0 360
0 320
0 1200
0 1160
0 1160
0 1240
0 1400
0 1560
0 1480
0 1400
0 1280
0 1320
0 880
0 800
0 960
0 880
0 560
0 360
0 360
0 440
0 360
0 400
0 400
0 360
0 400
0 440
0 600
0 600
0 440
0 400
0 360
0 360
0 400
0 1280
0 1240
0 1160
0 1160
0 1160
0 1320
0 1400
0 1520
0 1400
0 1320
0 1160
0 1120
0 1160
0 920
0 640
0 560
0 440
0 400
0 360
0 480
0 440
0 400
0 400
0 440
0 640
0 440
0 480
0 480
0 400
0 360
0 360
0 480
0 1200
0 1200
0 1120
0 1160
0 1240
0 1280
0 1280
0 1440
0 1320
0 1280
0 1120
0 1040
0 880
0 720
0 600
0 480
0 440
0 440
0 440
0 440
0 440
0 400
0 400
0 480
0 480
0 440
0 600
0 520
0 480
0 400
0 400
0 1120
0 1080
0 1080
0 1080
0 1080
0 1160
0 1160
0 1240
0 1160
0 1120
0 1080
0 1120
0 1040
0 800
0 680
0 640
0 480
0 320
0 480
0 440
0 440
0 440
0 440
0 440
0 440
0 560
0 520
0 520
0 560
0 640
0 440
0 440
0 1120
0 960
0 1000
0 1040
0 1040
0 1040
0 1040
0 1080
0 1120
0 1080
0 1080
0 1080
0 1080
0 920
0 760
0 720
0 480
0 400
0 640
0 480
0 480
0 440
0 440
0 440
0 480
0 520
0 640
0 600
0 640
0 640
0 560
0 440
0 1040
0 1040
0 960
0 1000
0 1000
0 1000
0 1040
0 1040
0 1080
0 1120
0 1160
0 1200
0 920
0 1120
0 1000
0 880
0 680
0 640
0 560
0 640
0 480
0 440
0 440
0 440
0 440
0 480
0 640
0 600
0 640
0 680
0 760
0 800
0 520
0 1000
0 1000
0 960
0 960
0 920
0 960
0 960
0 1120
0 1120
0 1120
0 1120
0 1480
0 1240
0 1120
0 1040
0 920
0 720
0 600
0 640
0 640
0 640
0 480
0 520
0 440
0 440
0 480
0 440
0 560
0 520
0 640
0 800
0 920
0 760
0 600
0 1040
0 1040
0 920
0 960
0 1040
0 1040
0 1000
0 1200
0 1200
0 1160
0 1160
0 1440
0 1320
0 1040
0 1080
0 1000
0 920
0 680
0 600
0 640
0 520
0 480
0 480
0 480
0 480
0 520
0 480
0 640
0 600
0 640
0 680
0 920
0 800
0 520
0 1040
0 1160
0 1120
0 920
0 960
0 1080
0 920
0 1240
0 1080
0 1120
0 1200
0 1400
0 1440
0 1560
0 1560
0 600
0 680
0 920
0 640
0 640
0 560
0 640
0 720
0 640
0 480
0 480
0 440
0 640
0 640
0 640
0 640
0 800
0 640
0 640
0 920
0 1040
0 1040
0 1120
0 1040
0 1040
0 600
0 1240
0 1000
0 1200
0 1240
0 1240
0 1360
0 1160
0 920
0 1600
0 600
0 600
0 640
0 600
0 880
0 600
0 920
0 1000
0 920
0 640
0 520
0 680
0 680
0 680
0 640
0 600
0 600
0 520
0 1120
0 1320
0 840
0 840
0 1040
0 1200
0 1080
0 880
0 480
0 1200
0 1160
0 1200
0 1200
0 1240
0 1280
0 1080
0 1560
0 880
0 640
0 680
0 760
0 960
0 1280
0 1040
0 960
0 760
0 800
0 840
0 760
0 720
0 640
0 600
0 480
0 440
0 1000
0 1600
0 1040
0 680
0 1000
0 1320
0 1200
0 960
0 920
0 480
0 1080
0 1160
0 1320
0 1120
0 1320
0 1320
0 1000
0 1040
0 1440
0 1040
0 1840
0 1360
0 1240
0 1480
0 1960
0 1240
0 960
0 920
0 840
0 760
0 640
0 560
0 440
0 400
0 1560
0 1520
0 1560
0 1160
0 640
0 840
0 1040
0 1240
0 1160
0 1120
0 640
0 840
0 1080
0 1280
0 1160
0 1160
0 1480
0 1120
0 1520
0 800
0 1200
0 1120
0 1400
0 1600
0 1600
0 1800
0 920
0 880
0 1440
0 960
0 880
0 760
0 520
0 440
0 960
0 680
0 400
0 400
0 480
0 480
0 1120
0 1520
0 1440
0 1280
0 360
0 1040
0 1160
0 1560
0 1400
0 1200
0 1440
0 1560
0 1320
0 1000
0 1200
0 1080
0 1280
0 1320
0 1560
0 1280
0 1280
0 1120
0 800
0 920
0 1000
0 640
0 440
0 440
0 440
0 440
0 200
0 240
0 200
0 320
0 440
0 720
0 1040
0 1280
0 800
0 480
0 1120
0 1200
0 680
0 1000
0 1600
0 1240
0 1720
0 880
0 1200
0 1120
0 1160
0 1240
0 1320
0 1160
0 1160
0 1200
0 1120
0 1120
0 960
0 920
0 520
0 440
0 -40
0 120
0 80
0 80
0 120
0 280
0 720
0 640
0 1480
0 520
0 360
0 600
0 1160
0 1120
0 1120
0 1040
0 1120
0 1640
0 1160
0 1200
0 1160
0 1240
0 1160
0 1200
0 1240
0 1160
0 1160
0 1120
0 1040
0 1080
0 840
0 600
0 440
0 80
0 120
0 200
0 120
0 160
0 240
0 480
0 360
0 400
0 920
0 1200
0 760
0 520
0 1480
0 480
0 1760
0 1520
0 1240
0 1520
0 1080
0 1080
0 1360
0 1200
0 1160
0 1200
0 1120
0 1080
0 1240
0 1120
0 560
0 120
0 160
0 40
0 400
0 1160
0 640
0 480
0 1200
0 720
0 1200
0 920
0 1440
0 1520
0 1040
0 840
0 1280
0 1400
0 1640
0 1640
0 1760
0 1400
0 1840
0 1560
0 1480
0 560
0 360
0 560
0 720
0 640
0 840
0 640
0 720
0 920
0 320
0 1480
0 640
0 960
0 1400
0 1200
0 960
0 880
0 2160
0 1720
0 720
0 640
0 400
0 400
0 120
0 600
0 680
0 680
0 520
0 480
0 640
0 720
0 600
0 320
0 600
0 1200
0 1240
0 1080
0 1560
0 1480
0 1560
0 2040
0 1320
0 920
0 560
0 80
0 320
0 680
0 440
0 560
0 360
0 320
0 480
0 440
0 160
0 240
0 360
0 520
0 760
0 760
0 920
0 1160
0 720
0 680
0 480
0 560
0 40
0 240
0 440
0 280
0 480
0 360
0 200
0 480
0 160
0 -40
0 40
0 360
0 240
0 280
0 320
0 240
0 240
0 360
0 160
0 320
0 240
0 160
0 120
0 -160
0 -720
0 40
0 120
0 120
0 200
0 200
0 360
0 0
0 80
0 120
0 120
0 40
0 40
5 80
5 80
5 280
5 160
5 80
5 80
5 80
5 160
5 720
5 400
5 160
5 80
5 160
5 440
5 440
5 760
5 480
5 160
5 200
5 160
5 280
5 600
5 480
5 480
5 480
5 280
5 320
5 160
5 320
5 520
5 680
5 440
5 400
5 560
5 320
5 320
5 320
5 360
5 600
5 720
5 440
5 400
5 400
5 440
5 320
5 240
5 240
5 320
5 560
5 480
5 480
5 400
5 400
5 400
5 360
5 240
5 320
5 400
5 440
5 440
5 360
5 400
5 320
5 320
5 240
5 240
5 320
5 400
5 400
5 480
5 320
5 320
5 320
5 120
5 200
5 320
5 360
5 320
5 480
5 440
5 320
5 320
5 160
5 280
5 280
5 360
5 400
5 360
5 360
5 320
5 440
5 80
5 240
5 240
5 400
5 280
5 280
5 280
5 320
5 320
5 320
5 40
5 240
5 320
5 240
5 200
5 200
5 320
5 320
5 360
5 320
5 200
5 160
5 160
5 200
5 200
5 240
5 320
5 320
5 320
5 120
5 320
5 320
5 200
5 240
5 280
5 320
5 320
5 360
5 -120
5 160
5 240
5 440
5 440
5 320
5 320
5 280
5 280
5 120
5 200
5 320
5 400
5 320
5 320
5 240
5 80
5 360
5 440
5 320
5 320
5 240
5 240
5 200
5 360
5 280
5 240
5 200
5 320
5 320
5 80
5 280
5 440
5 120
5 400
5 320
5 320
5 320
5 120
5 160
5 240
5 280
5 160
5 360
5 600
5 440
5 400
5 240
5 320
5 280
5 200
5 480
5 680
5 680
5 640
5 480
5 160
5 160
5 440
5 560
5 800
5 640
5 560
5 1560
5 360
5 200
5 160
5 760
5 760
5 600
5 400
5 400
5 120
5 320
5 120
5 1480
5 1800
5 480
5 280
5 360
5 480
5 440
5 400
5 200
5 560
5 480
5 520
5 240
5 560
5 480
5 680
5 600
5 800
5 760
5 720
5 560
5 360
5 320
5 480
5 400
5 400
5 200
5 280
5 560
5 800
5 360
5 320
5 560
5 640
5 640
5 800
5 720
5 960
5 1360
5 440
5 360
5 640
5 480
5 400
5 1080
5 1920
5 1000
5 280
5 520
5 200
5 600
5 400
5 600
5 440
5 320
5 480
5 480
5 600
5 720
5 720
5 720
5 880
5 1080
5 520
5 280
5 720
5 440
5 320
5 1160
5 1280
5 1360
5 1680
5 1160
5 960
5 1280
5 240
5 400
5 760
5 640
5 560
5 400
5 440
5 640
5 640
5 640
5 560
5 560
5 520
5 640
5 640
5 880
5 880
5 1520
5 600
5 440
5 440
5 360
5 1160
5 1120
5 1200
5 1360
5 1520
5 1880
5 1480
5 1520
5 960
5 1240
5 920
5 1080
5 840
5 560
5 640
5 600
5 560
5 520
5 400
5 440
5 480
5 560
5 600
5 720
5 960
5 1120
5 600
5 600
5 400
5 320
5 1120
5 1200
5 1320
5 1440
5 1640
5 1720
5 1600
5 1200
5 1160
5 1120
5 720
5 680
5 640
5 520
5 640
5 480
5 320
5 320
5 360
5 400
5 400
5 480
5 640
5 800
5 800
5 640
5 520
5 440
5 400
5 360
5 1200
5 1200
5 1200
5 1240
5 1440
5 1600
5 1400
5 1400
5 1120
5 1000
5 720
5 640
5 800
5 720
5 520
5 440
5 320
5 480
5 320
5 400
5 400
5 480
5 480
5 520
5 760
5 600
5 480
5 440
5 520
5 400
5 440
5 1200
5 1200
5 1200
5 1200
5 1400
5 1360
5 1520
5 1400
5 1320
5 880
5 1120
5 920
5 1000
5 800
5 560
5 400
5 400
5 400
5 560
5 400
5 400
5 400
5 400
5 480
5 600
5 560
5 480
5 400
5 400
5 360
5 600
5 1280
5 1200
5 1120
5 1200
5 1280
5 1280
5 1320
5 1440
5 1360
5 1440
5 1240
5 1200
5 1080
5 720
5 640
5 560
5 400
5 480
5 440
5 400
5 400
5 400
5 480
5 480
5 640
5 480
5 560
5 440
5 400
5 400
5 400
5 480
5 1200
5 1160
5 1120
5 1120
5 1200
5 1280
5 1320
5 1280
5 1200
5 1240
5 1120
5 960
5 800
5 680
5 680
5 560
5 520
5 480
5 480
5 480
5 480
5 400
5 480
5 480
5 640
5 480
5 560
5 520
5 480
5 400
5 400
5 1040
5 1040
5 1080
5 1120
5 1040
5 1120
5 1120
5 1120
5 1120
5 1120
5 1120
5 1080
5 1000
5 800
5 680
5 640
5 480
5 480
5 520
5 480
5 480
5 480
5 480
5 480
5 480
5 520
5 560
5 560
5 640
5 760
5 480
5 480
5 1120
5 960
5 1040
5 1040
5 1040
5 1080
5 1040
5 1120
5 1160
5 1120
5 1120
5 1120
5 1000
5 880
5 720
5 600
5 480
5 560
5 560
5 480
5 440
5 480
5 480
5 480
5 520
5 480
5 600
5 640
5 640
5 840
5 560
5 520
5 1040
5 1040
5 960
5 1000
5 1040
5 1040
5 1080
5 1120
5 1120
5 1240
5 1240
5 1160
5 1000
5 1120
5 960
5 760
5 560
5 560
5 640
5 640
5 480
5 480
5 480
5 480
5 480
5 480
5 600
5 600
5 640
5 720
5 840
5 880
5 600
5 1040
5 1040
5 960
5 1000
5 1000
5 1000
5 1040
5 1200
5 1200
5 1120
5 1280
5 1360
5 1280
5 1000
5 1120
5 960
5 760
5 760
5 600
5 600
5 640
5 560
5 480
5 480
5 480
5 480
5 520
5 640
5 640
5 640
5 720
5 920
5 680
5 560
5 1120
5 1120
5 960
5 960
5 1120
5 920
5 1040
5 1200
5 1200
5 1200
5 1280
5 1440
5 1480
5 800
5 840
5 880
5 760
5 640
5 600
5 600
5 600
5 520
5 480
5 480
5 480
5 480
5 640
5 640
5 640
5 680
5 800
5 840
5 720
5 600
5 1000
5 1240
5 1120
5 1000
5 960
5 1080
5 960
5 1280
5 1040
5 1160
5 1200
5 1280
5 1440
5 1320
5 1160
5 720
5 800
5 640
5 600
5 600
5 640
5 720
5 720
5 640
5 560
5 560
5 600
5 640
5 640
5 640
5 680
5 640
5 600
5 640
5 1000
5 920
5 960
5 1160
5 1120
5 960
5 840
5 1000
5 1000
5 1160
5 1120
5 1200
5 1240
5 1120
5 1280
5 1400
5 760
5 560
5 640
5 600
5 720
5 880
5 960
5 840
5 720
5 600
5 680
5 760
5 680
5 680
5 640
5 560
5 480
5 520
5 1200
5 1120
5 880
5 800
5 1080
5 1280
5 1040
5 800
5 520
5 880
5 1040
5 1200
5 1200
5 1040
5 1000
5 880
5 1000
5 880
5 800
5 800
5 680
5 1360
5 1440
5 1000
5 1120
5 760
5 640
5 840
5 800
5 720
5 680
5 600
5 520
5 480
5 1040
5 1240
5 760
5 680
5 1120
5 1360
5 1160
5 880
5 1120
5 400
5 480
5 1200
5 1160
5 1040
5 1120
5 1120
5 1000
5 1600
5 1280
5 760
5 600
5 1120
5 1400
5 1920
5 640
5 1520
5 720
5 800
5 760
5 720
5 640
5 520
5 440
5 400
5 1480
5 1360
5 560
5 800
5 520
5 760
5 1120
5 1320
5 1360
5 1240
5 520
5 720
5 760
5 1240
5 1120
5 1120
5 1440
5 1160
5 760
5 880
5 1280
5 600
5 1120
5 1400
5 1920
5 640
5 1520
5 520
5 1360
5 960
5 800
5 600
5 480
5 480
5 400
5 360
5 320
5 400
5 480
5 520
5 1120
5 1360
5 1400
5 1040
5 360
5 960
5 680
5 800
5 1320
5 1160
5 1280
5 1760
5 1760
5 1280
5 1280
5 1160
5 1040
5 1320
5 1200
5 1240
5 960
5 520
5 1360
5 720
5 560
5 480
5 480
5 440
5 120
5 80
5 120
5 160
5 200
5 320
5 440
5 1080
5 1320
5 1120
5 680
5 320
5 720
5 1000
5 800
5 840
5 1120
5 1280
5 960
5 1320
5 1120
5 1160
5 1040
5 1000
5 1240
5 1000
5 1040
5 1040
5 1040
5 560
5 720
5 1240
5 480
5 400
5 -440
5 80
5 80
5 120
5 200
5 240
5 920
5 600
5 760
5 280
5 320
5 1040
5 1120
5 1040
5 1280
5 1480
5 1400
5 1520
5 1480
5 1280
5 1160
5 1160
5 1200
5 1120
5 1000
5 960
5 960
5 920
5 960
5 880
5 1240
5 440
5 400
5 160
5 160
5 160
5 40
5 120
5 240
5 320
5 320
5 480
5 1040
5 480
5 440
5 400
5 360
5 1400
5 1520
5 1360
5 1200
5 1360
5 1200
5 1080
5 1120
5 1040
5 1000
5 1040
5 920
5 960
5 1080
5 1200
5 520
5 -40
5 240
5 320
5 320
5 480
5 1040
5 480
5 440
5 400
5 360
5 440
5 1160
5 1360
5 800
5 1280
5 1400
5 1040
5 1360
5 1400
5 1240
5 1120
5 2160
5 1120
5 840
5 560
5 200
5 1040
5 520
5 1160
5 1400
5 640
5 960
5 840
5 1640
5 1400
5 800
5 1000
5 1440
5 1560
5 1400
5 1640
5 1680
5 2160
5 1760
5 680
5 440
5 640
5 480
5 840
5 720
5 640
5 840
5 520
5 880
5 600
5 320
5 1320
5 1360
5 1200
5 1320
5 1320
5 1120
5 640
5 1880
5 1680
5 1000
5 640
5 360
5 240
5 640
5 720
5 800
5 520
5 480
5 720
5 600
5 280
5 520
5 520
5 1240
5 1040
5 840
5 1240
5 1440
5 880
5 1360
5 880
5 360
5 400
5 120
5 400
5 640
5 560
5 520
5 240
5 400
5 360
5 440
5 400
5 1600
5 760
5 560
5 640
5 560
5 360
5 320
5 400
5 440
5 360
5 400
5 440
5 560
5 280
5 280
5 280
5 200
5 240
5 240
5 280
5 360
5 160
5 160
5 160
5 200
5 80
5 200
10 120
10 80
10 120
10 120
10 120
10 80
10 40
10 160
10 520
10 120
10 120
10 120
10 120
10 80
10 680
10 1000
10 1200
10 160
10 160
10 200
10 200
10 440
10 520
10 880
10 560
10 240
10 240
10 240
10 320
10 400
10 720
10 480
10 480
10 520
10 280
10 400
10 360
10 360
10 680
10 880
10 440
10 440
10 440
10 400
10 440
10 240
10 320
10 360
10 560
10 680
10 480
10 440
10 400
10 440
10 360
10 240
10 360
10 400
10 440
10 520
10 400
10 440
10 360
10 400
10 280
10 400
10 360
10 440
10 440
10 360
10 360
10 360
10 360
10 240
10 280
10 360
10 360
10 360
10 520
10 360
10 360
10 360
10 160
10 200
10 280
10 320
10 360
10 520
10 360
10 440
10 320
10 40
10 240
10 280
10 360
10 400
10 360
10 360
10 360
10 320
10 320
10 120
10 200
10 320
10 240
10 360
10 360
10 360
10 320
10 360
10 360
10 280
10 200
10 200
10 200
10 200
10 360
10 360
10 360
10 360
10 520
10 160
10 160
10 200
10 200
10 240
10 360
10 360
10 360
10 120
10 800
10 640
10 360
10 200
10 280
10 360
10 320
10 360
10 200
10 320
10 400
10 480
10 360
10 360
10 320
10 120
10 200
10 360
10 440
10 320
10 320
10 280
10 200
10 360
10 360
10 360
10 280
10 280
10 280
10 80
10 280
10 440
10 120
10 240
10 280
10 320
10 400
10 80
10 120
10 280
10 320
10 240
10 240
10 440
10 360
10 320
10 320
10 120
10 120
10 120
10 320
10 360
10 600
10 520
10 440
10 200
10 240
10 320
10 600
10 680
10 680
10 680
10 280
10 240
10 200
10 400
10 1280
10 840
10 600
10 480
10 120
10 80
10 40
10 80
10 1200
10 600
10 280
10 200
10 520
10 680
10 640
10 400
10 -80
10 160
10 200
10 240
10 360
10 640
10 320
10 520
10 400
10 1040
10 2120
10 560
10 200
10 360
10 400
10 520
10 440
10 80
10 80
10 320
10 760
10 880
10 560
10 360
10 560
10 520
10 640
10 560
10 680
10 1080
10 1560
10 960
10 280
10 360
10 480
10 360
10 520
10 680
10 640
10 -120
10 240
10 80
10 320
10 200
10 600
10 680
10 320
10 400
10 600
10 680
10 680
10 800
10 720
10 880
10 1200
10 400
10 240
10 840
10 440
10 400
10 1280
10 1320
10 1680
10 920
10 720
10 280
10 120
10 200
10 200
10 560
10 640
10 520
10 480
10 680
10 600
10 480
10 400
10 600
10 520
10 640
10 680
10 680
10 720
10 1000
10 1200
10 440
10 240
10 880
10 400
10 1160
10 1160
10 1200
10 1280
10 1720
10 1560
10 1960
10 1520
10 440
10 800
10 920
10 960
10 640
10 360
10 680
10 680
10 600
10 600
10 520
10 480
10 640
10 560
10 680
10 960
10 1200
10 1080
10 440
10 480
10 400
10 360
10 1120
10 1160
10 1320
10 1560
10 1760
10 1760
10 1640
10 1520
10 880
10 920
10 1080
10 920
10 840
10 680
10 680
10 560
10 440
10 440
10 400
10 400
10 680
10 680
10 640
10 720
10 1000
10 960
10 520
10 560
10 360
10 360
10 1160
10 1200
10 1200
10 1360
10 1400
10 1600
10 1680
10 1720
10 1120
10 1160
10 720
10 640
10 720
10 680
10 680
10 520
10 400
10 360
10 360
10 400
10 440
10 520
10 520
10 680
10 800
10 720
10 560
10 480
10 480
10 400
10 360
10 1200
10 1200
10 1200
10 1280
10 1520
10 1560
10 1440
10 1280
10 1280
10 1040
10 800
10 680
10 1000
10 920
10 520
10 400
10 400
10 480
10 360
10 360
10 440
10 480
10 480
10 560
10 800
10 520
10 480
10 440
10 640
10 440
10 520
10 1280
10 1240
10 1200
10 1240
10 1320
10 1440
10 1560
10 1360
10 1440
10 1280
10 1080
10 1200
10 1160
10 960
10 600
10 480
10 360
10 440
10 400
10 560
10 440
10 440
10 480
10 440
10 440
10 480
10 600
10 480
10 440
10 400
10 440
10 640
10 1280
10 1200
10 1160
10 1200
10 1280
10 1320
10 1440
10 1440
10 1400
10 1320
10 1120
10 1120
10 800
10 720
10 680
10 480
10 520
10 440
10 480
10 480
10 440
10 440
10 480
10 680
10 640
10 520
10 680
10 480
10 440
10 440
10 440
10 1080
10 1160
10 1120
10 1160
10 1160
10 1200
10 1320
10 1280
10 1200
10 1160
10 1200
10 1120
10 960
10 800
10 720
10 640
10 520
10 520
10 520
10 480
10 480
10 480
10 440
10 440
10 520
10 480
10 560
10 680
10 560
10 720
10 440
10 480
10 1000
10 1040
10 1040
10 1080
10 1080
10 1120
10 1120
10 1120
10 1160
10 1160
10 1120
10 1080
10 880
10 840
10 800
10 600
10 520
10 520
10 520
10 480
10 520
10 480
10 480
10 480
10 680
10 520
10 600
10 680
10 680
10 720
10 520
10 480
10 1040
10 1080
10 1000
10 1040
10 1040
10 1080
10 1120
10 1080
10 1120
10 1200
10 1160
10 1080
10 1040
10 1040
10 880
10 840
10 640
10 640
10 560
10 520
10 520
10 520
10 480
10 480
10 480
10 600
10 680
10 640
10 680
10 680
10 960
10 680
10 520
10 1040
10 1000
10 1000
10 1000
10 1000
10 1080
10 1080
10 1160
10 1160
10 1160
10 1360
10 1320
10 1200
10 1080
10 960
10 800
10 640
10 520
10 600
10 600
10 640
10 520
10 520
10 520
10 480
10 480
10 480
10 600
10 680
10 680
10 800
10 840
10 880
10 600
10 1080
10 1040
10 960
10 1040
10 1080
10 960
10 1080
10 1200
10 1240
10 1160
10 1280
10 1440
10 1160
10 800
10 1120
10 960
10 760
10 600
10 560
10 560
10 600
10 520
10 520
10 520
10 480
10 520
10 680
10 680
10 680
10 640
10 800
10 840
10 640
10 560
10 1120
10 1200
10 1120
10 960
10 1040
10 1080
10 1120
10 1120
10 1160
10 1160
10 1320
10 1240
10 1440
10 1480
10 800
10 880
10 880
10 840
10 560
10 600
10 520
10 480
10 520
10 560
10 560
10 480
10 640
10 680
10 680
10 680
10 680
10 720
10 680
10 760
10 920
10 1000
10 1000
10 1200
10 1040
10 1160
10 920
10 1240
10 960
10 1200
10 1160
10 1240
10 1200
10 1080
10 920
10 1280
10 560
10 760
10 600
10 480
10 840
10 440
10 800
10 840
10 600
10 640
10 640
10 640
10 720
10 680
10 680
10 680
10 600
10 640
10 1360
10 1000
10 840
10 920
10 1440
10 1120
10 1160
10 840
10 680
10 920
10 1040
10 1120
10 1200
10 1040
10 1480
10 1440
10 1120
10 640
10 520
10 800
10 1000
10 840
10 760
10 840
10 640
10 440
10 400
10 600
10 760
10 720
10 680
10 680
10 520
10 520
10 1040
10 1200
10 840
10 800
10 1120
10 1440
10 1160
10 840
10 400
10 1040
10 960
10 1120
10 1040
10 1080
10 1080
10 920
10 840
10 1240
10 960
10 720
10 880
10 1880
10 1560
10 1960
10 1640
10 480
10 520
10 680
10 720
10 680
10 680
10 560
10 520
10 480
10 1920
10 1480
10 880
10 720
10 680
10 1160
10 1440
10 1160
10 1080
10 1000
10 320
10 320
10 1200
10 960
10 960
10 1040
10 1160
10 840
10 2080
10 640
10 560
10 560
10 1000
10 1320
10 880
10 1440
10 1000
10 480
10 840
10 760
10 800
10 680
10 520
10 440
10 920
10 720
10 400
10 480
10 520
10 800
10 1440
10 1400
10 1400
10 1160
10 440
10 520
10 720
10 1240
10 1120
10 1080
10 1200
10 640
10 1200
10 1000
10 1000
10 880
10 960
10 1040
10 760
10 840
10 720
10 880
10 680
10 1040
10 760
10 520
10 520
10 440
10 520
10 240
10 240
10 240
10 280
10 320
10 640
10 1080
10 1400
10 1160
10 800
10 480
10 840
10 720
10 400
10 1240
10 1000
10 1360
10 1560
10 1200
10 1200
10 1120
10 1040
10 960
10 960
10 840
10 800
10 800
10 800
10 760
10 760
10 520
10 440
10 440
10 0
10 80
10 120
10 120
10 200
10 480
10 960
10 920
10 760
10 320
10 400
10 1000
10 1040
10 1000
10 840
10 880
10 1280
10 720
10 720
10 1440
10 1200
10 1240
10 1120
10 1040
10 960
10 920
10 880
10 920
10 760
10 840
10 880
10 440
10 400
10 160
10 160
10 160
10 200
10 280
10 520
10 600
10 200
10 600
10 1200
10 1400
10 960
10 1160
10 1320
10 1320
10 1120
10 1000
10 1360
10 1280
10 1280
10 960
10 960
10 1000
10 840
10 800
10 800
10 800
10 920
10 1360
10 360
10 120
10 200
10 200
10 240
10 240
10 680
10 1160
10 240
10 360
10 320
10 560
10 1400
10 920
10 1200
10 1080
10 1200
10 1360
10 1040
10 1320
10 1000
10 1080
10 1400
10 880
10 760
10 400
10 120
10 440
10 800
10 1080
10 1160
10 1080
10 640
10 920
10 600
10 1840
10 1080
10 880
10 1000
10 1200
10 1200
10 600
10 1480
10 360
10 480
10 240
10 80
10 80
10 120
10 400
10 840
10 720
10 720
10 680
10 480
10 960
10 480
10 360
10 960
10 1000
10 1480
10 1160
10 920
10 1000
10 1480
10 2840
10 1120
10 880
10 520
10 80
10 360
10 920
10 560
10 880
10 440
10 520
10 840
10 680
10 360
10 440
10 440
10 920
10 600
10 840
10 1000
10 760
10 440
10 600
10 320
10 400
10 -160
10 160
10 520
10 520
10 680
10 400
10 200
10 480
10 400
10 160
10 320
10 400
10 560
10 400
10 360
10 280
10 200
10 160
10 360
10 480
10 440
10 360
10 840
10 440
10 -360
10 200
10 200
10 200
10 80
10 160
10 240
10 -80
10 80
10 160
10 120
10 80
10 80
15 80
15 80
15 240
15 120
15 120
15 40
15 120
15 400
15 720
15 320
15 120
15 120
15 200
15 360
15 600
15 800
15 440
15 240
15 160
15 280
15 320
15 760
15 560
15 600
15 440
15 240
15 280
15 200
15 320
15 560
15 640
15 480
15 440
15 520
15 400
15 280
15 240
15 440
15 680
15 640
15 480
15 400
15 480
15 480
15 320
15 280
15 280
15 440
15 560
15 440
15 480
15 400
15 440
15 480
15 400
15 240
15 320
15 360
15 480
15 440
15 400
15 360
15 360
15 360
15 280
15 280
15 360
15 440
15 480
15 480
15 360
15 280
15 280
15 120
15 240
15 320
15 360
15 360
15 360
15 440
15 320
15 280
15 160
15 240
15 280
15 360
15 400
15 360
15 360
15 320
15 480
15 120
15 200
15 320
15 360
15 280
15 280
15 240
15 280
15 360
15 320
15 160
15 240
15 320
15 200
15 240
15 280
15 360
15 400
15 480
15 360
15 280
15 200
15 120
15 200
15 200
15 280
15 360
15 360
15 320
15 120
15 120
15 160
15 200
15 200
15 320
15 360
15 280
15 360
15 120
15 200
15 240
15 480
15 320
15 280
15 360
15 320
15 320
15 120
15 200
15 360
15 360
15 360
15 280
15 280
15 160
15 360
15 480
15 360
15 280
15 280
15 280
15 280
15 360
15 360
15 320
15 200
15 280
15 280
15 160
15 560
15 360
15 240
15 360
15 360
15 360
15 280
15 160
15 280
15 560
15 320
15 280
15 400
15 640
15 400
15 360
15 320
15 240
15 360
15 360
15 480
15 640
15 680
15 680
15 520
15 160
15 280
15 320
15 440
15 840
15 680
15 600
15 200
15 920
15 600
15 320
15 400
15 1240
15 800
15 480
15 40
15 200
15 320
15 120
15 160
15 1440
15 920
15 240
15 320
15 640
15 600
15 480
15 -40
15 400
15 600
15 680
15 560
15 400
15 600
15 440
15 760
15 480
15 680
15 1320
15 640
15 440
15 760
15 440
15 520
15 -80
15 120
15 240
15 160
15 640
15 680
15 320
15 440
15 560
15 640
15 600
15 560
15 760
15 840
15 760
15 480
15 440
15 640
15 480
15 600
15 440
15 520
15 120
15 440
15 480
15 400
15 400
15 640
15 640
15 400
15 760
15 480
15 440
15 600
15 680
15 600
15 600
15 760
15 680
15 360
15 280
15 520
15 360
15 960
15 1080
15 1040
15 1080
15 680
15 40
15 -520
15 720
15 240
15 680
15 560
15 680
15 600
15 640
15 680
15 640
15 640
15 680
15 560
15 400
15 480
15 520
15 520
15 800
15 840
15 800
15 160
15 320
15 480
15 960
15 920
15 960
15 1120
15 1240
15 1280
15 1120
15 1160
15 1280
15 920
15 1160
15 1080
15 880
15 680
15 400
15 680
15 640
15 520
15 480
15 400
15 320
15 400
15 520
15 480
15 680
15 1040
15 560
15 400
15 400
15 320
15 840
15 880
15 880
15 1040
15 1120
15 1360
15 1440
15 1360
15 1000
15 1040
15 640
15 440
15 600
15 560
15 440
15 440
15 360
15 320
15 400
15 320
15 240
15 360
15 560
15 560
15 720
15 680
15 440
15 360
15 320
15 320
15 880
15 800
15 760
15 840
15 960
15 1160
15 1280
15 1520
15 1120
15 1080
15 680
15 640
15 480
15 640
15 520
15 240
15 200
15 360
15 360
15 320
15 320
15 360
15 360
15 400
15 600
15 680
15 560
15 400
15 400
15 400
15 360
15 1120
15 760
15 800
15 800
15 920
15 1160
15 1160
15 1120
15 1120
15 1040
15 880
15 960
15 920
15 720
15 320
15 160
15 200
15 200
15 280
15 400
15 360
15 360
15 320
15 360
15 400
15 600
15 440
15 400
15 360
15 360
15 440
15 960
15 880
15 800
15 760
15 800
15 920
15 1120
15 1240
15 1240
15 1200
15 1160
15 1120
15 1040
15 840
15 520
15 480
15 320
15 280
15 280
15 320
15 320
15 360
15 400
15 480
15 440
15 560
15 480
15 520
15 400
15 360
15 440
15 520
15 920
15 920
15 840
15 760
15 840
15 880
15 960
15 1120
15 1200
15 1040
15 1080
15 920
15 880
15 720
15 560
15 520
15 240
15 320
15 320
15 360
15 360
15 400
15 440
15 440
15 520
15 520
15 640
15 560
15 520
15 480
15 440
15 920
15 880
15 960
15 840
15 840
15 800
15 800
15 960
15 1080
15 1000
15 920
15 960
15 960
15 840
15 760
15 600
15 440
15 400
15 440
15 360
15 400
15 400
15 400
15 440
15 440
15 520
15 520
15 560
15 680
15 720
15 600
15 440
15 1000
15 840
15 880
15 840
15 800
15 800
15 760
15 800
15 840
15 880
15 960
15 880
15 1000
15 840
15 800
15 600
15 520
15 520
15 520
15 480
15 480
15 520
15 440
15 440
15 520
15 560
15 640
15 640
15 640
15 760
15 640
15 560
15 960
15 960
15 880
15 800
15 840
15 800
15 800
15 760
15 720
15 760
15 1080
15 1000
15 840
15 1040
15 1000
15 880
15 640
15 640
15 440
15 520
15 520
15 440
15 520
15 440
15 440
15 480
15 560
15 520
15 600
15 720
15 760
15 880
15 600
15 960
15 920
15 920
15 880
15 880
15 840
15 800
15 840
15 840
15 720
15 840
15 1000
15 1160
15 880
15 1000
15 960
15 760
15 720
15 600
15 600
15 600
15 560
15 520
15 520
15 480
15 520
15 480
15 600
15 680
15 600
15 680
15 840
15 920
15 680
15 960
15 1000
15 840
15 800
15 880
15 880
15 720
15 840
15 840
15 880
15 760
15 960
15 1160
15 1120
15 520
15 800
15 800
15 600
15 600
15 600
15 600
15 520
15 480
15 520
15 480
15 480
15 520
15 680
15 640
15 680
15 680
15 880
15 720
15 640
15 960
15 1000
15 1040
15 880
15 840
15 960
15 880
15 880
15 840
15 840
15 800
15 920
15 1080
15 1080
15 800
15 1040
15 480
15 720
15 520
15 560
15 440
15 600
15 720
15 640
15 560
15 640
15 480
15 640
15 600
15 680
15 680
15 680
15 680
15 600
15 800
15 840
15 1120
15 920
15 800
15 840
15 640
15 1040
15 920
15 800
15 880
15 840
15 1000
15 1000
15 1000
15 880
15 880
15 520
15 520
15 440
15 520
15 560
15 640
15 480
15 760
15 520
15 640
15 680
15 680
15 720
15 680
15 600
15 520
15 520
15 880
15 1040
15 680
15 840
15 840
15 1040
15 800
15 720
15 360
15 800
15 800
15 840
15 920
15 800
15 840
15 720
15 680
15 920
15 800
15 640
15 600
15 720
15 1000
15 960
15 1200
15 920
15 680
15 800
15 760
15 640
15 640
15 600
15 520
15 480
15 920
15 1240
15 720
15 520
15 760
15 1080
15 880
15 800
15 480
15 240
15 840
15 920
15 1080
15 840
15 840
15 1040
15 880
15 1200
15 1120
15 760
15 560
15 520
15 720
15 1160
15 1080
15 560
15 720
15 760
15 840
15 680
15 720
15 560
15 480
15 440
15 1520
15 1280
15 1320
15 880
15 440
15 600
15 1000
15 1000
15 680
15 840
15 520
15 600
15 960
15 1080
15 1000
15 920
15 1160
15 1040
15 920
15 760
15 1000
15 560
15 520
15 720
15 1160
15 1080
15 560
15 960
15 1520
15 1160
15 960
15 720
15 520
15 440
15 1480
15 1400
15 400
15 400
15 320
15 360
15 680
15 1040
15 1080
15 920
15 320
15 360
15 720
15 440
15 920
15 1200
15 1080
15 1240
15 1160
15 920
15 1000
15 840
15 640
15 920
15 920
15 840
15 840
15 960
15 1520
15 840
15 840
15 600
15 440
15 480
15 360
15 360
15 240
15 240
15 280
15 280
15 280
15 720
15 920
15 1120
15 760
15 160
15 680
15 840
15 760
15 720
15 1000
15 1160
15 1040
15 640
15 920
15 960
15 760
15 640
15 760
15 720
15 760
15 880
15 880
15 880
15 840
15 1280
15 640
15 480
15 0
15 40
15 80
15 80
15 160
15 120
15 760
15 1120
15 1240
15 600
15 280
15 440
15 1000
15 960
15 1040
15 920
15 1200
15 1000
15 640
15 920
15 800
15 800
15 840
15 880
15 760
15 720
15 800
15 800
15 880
15 920
15 1280
15 600
15 400
15 120
15 120
15 160
15 120
15 120
15 200
15 480
15 360
15 80
15 840
15 960
15 400
15 360
15 400
15 1200
15 1000
15 1000
15 1160
15 1080
15 880
15 800
15 880
15 720
15 640
15 680
15 760
15 840
15 1000
15 920
15 480
15 200
15 0
15 120
15 40
15 400
15 840
15 960
15 400
15 360
15 400
15 520
15 1160
15 1000
15 960
15 1000
15 1000
15 920
15 960
15 800
15 880
15 600
15 1200
15 1080
15 1040
15 680
15 160
15 560
15 600
15 560
15 840
15 680
15 720
15 720
15 1080
15 1120
15 880
15 1000
15 840
15 800
15 840
15 920
15 920
15 1320
15 480
15 440
15 320
15 360
15 200
15 600
15 800
15 720
15 680
15 560
15 560
15 600
15 400
15 600
15 880
15 920
15 1080
15 880
15 1040
15 680
15 880
15 1240
15 1000
15 1000
15 560
15 120
15 360
15 960
15 520
15 640
15 520
15 480
15 760
15 440
15 160
15 520
15 560
15 840
15 600
15 1120
15 680
15 760
15 1000
15 600
15 440
15 400
15 40
15 280
15 640
15 480
15 600
15 280
15 160
15 280
15 320
15 200
15 200
15 240
15 400
15 160
15 320
15 80
15 200
15 160
15 360
15 440
15 400
15 320
15 520
15 400
15 -120
15 160
15 80
15 80
15 40
15 80
15 240
15 40
15 120
15 200
15 80
15 80
15 40
20 80
20 40
20 160
20 80
20 80
20 40
20 0
20 280
20 280
20 80
20 80
20 80
20 80
20 80
20 480
20 920
20 520
20 120
20 120
20 120
20 320
20 480
20 680
20 600
20 440
20 160
20 240
20 120
20 640
20 440
20 640
20 480
20 400
20 280
20 320
20 280
20 320
20 400
20 640
20 560
20 400
20 360
20 320
20 360
20 360
20 520
20 280
20 360
20 640
20 600
20 440
20 400
20 440
20 320
20 320
20 240
20 320
20 360
20 480
20 440
20 320
20 360
20 360
20 320
20 280
20 240
20 320
20 480
20 360
20 440
20 360
20 320
20 280
20 160
20 240
20 320
20 320
20 360
20 440
20 320
20 280
20 280
20 200
20 160
20 280
20 320
20 320
20 320
20 320
20 400
20 320
20 -1760
20 80
20 160
20 200
20 440
20 400
20 360
20 320
20 280
20 280
20 -120
20 80
20 200
20 240
20 200
20 320
20 280
20 320
20 320
20 360
20 200
20 200
20 200
20 120
20 160
20 160
20 280
20 320
20 400
20 120
20 120
20 120
20 160
20 240
20 320
20 240
20 320
20 280
20 -400
20 120
20 560
20 520
20 200
20 160
20 240
20 320
20 280
20 0
20 240
20 320
20 400
20 480
20 240
20 320
20 -320
20 280
20 280
20 400
20 320
20 320
20 240
20 -400
20 240
20 360
20 320
20 320
20 160
20 240
20 -120
20 40
20 520
20 440
20 160
20 240
20 240
20 320
20 200
20 200
20 280
20 680
20 360
20 400
20 480
20 320
20 320
20 480
20 280
20 320
20 360
20 440
20 520
20 600
20 600
20 480
20 320
20 360
20 400
20 680
20 920
20 720
20 680
20 40
20 120
20 280
20 320
20 600
20 1240
20 800
20 440
20 40
20 240
20 0
20 40
20 520
20 1200
20 440
20 320
20 520
20 720
20 640
20 440
20 -80
20 480
20 280
20 680
20 400
20 400
20 480
20 760
20 360
20 600
20 1000
20 280
20 880
20 400
20 480
20 520
20 440
20 40
20 0
20 160
20 400
20 760
20 800
20 320
20 400
20 480
20 720
20 760
20 480
20 560
20 1160
20 320
20 720
20 560
20 400
20 520
20 1080
20 1600
20 560
20 -200
20 120
20 240
20 400
20 200
20 360
20 640
20 440
20 520
20 240
20 440
20 480
20 520
20 480
20 560
20 640
20 440
20 280
20 400
20 440
20 360
20 840
20 920
20 1120
20 1160
20 600
20 960
20 80
20 80
20 40
20 440
20 480
20 440
20 400
20 520
20 760
20 560
20 560
20 720
20 440
20 320
20 320
20 480
20 560
20 520
20 720
20 200
20 120
20 520
20 960
20 640
20 600
20 600
20 800
20 960
20 1440
20 1160
20 1000
20 1040
20 680
20 640
20 760
20 1000
20 800
20 680
20 760
20 520
20 560
20 400
20 320
20 200
20 360
20 320
20 480
20 560
20 480
20 400
20 240
20 360
20 280
20 440
20 440
20 520
20 760
20 880
20 1080
20 1160
20 1440
20 920
20 880
20 800
20 600
20 600
20 640
20 360
20 520
20 400
20 400
20 440
20 280
20 160
20 280
20 320
20 320
20 600
20 600
20 240
20 320
20 320
20 280
20 400
20 360
20 360
20 440
20 720
20 840
20 800
20 1080
20 960
20 880
20 560
20 360
20 320
20 480
20 120
20 160
20 40
20 240
20 200
20 360
20 200
20 240
20 280
20 280
20 440
20 400
20 360
20 320
20 400
20 320
20 280
20 400
20 320
20 280
20 440
20 680
20 840
20 1000
20 960
20 880
20 1000
20 840
20 560
20 600
20 440
20 120
20 -40
20 -80
20 200
20 160
20 320
20 200
20 280
20 240
20 360
20 520
20 480
20 440
20 280
20 440
20 320
20 360
20 640
20 520
20 400
20 400
20 360
20 480
20 680
20 880
20 960
20 1040
20 1040
20 1000
20 920
20 600
20 240
20 120
20 0
20 40
20 40
20 160
20 280
20 200
20 280
20 280
20 400
20 360
20 480
20 480
20 400
20 320
20 400
20 480
20 680
20 600
20 480
20 400
20 440
20 440
20 720
20 760
20 920
20 880
20 880
20 840
20 680
20 480
20 280
20 160
20 120
20 120
20 240
20 320
20 280
20 320
20 360
20 480
20 400
20 400
20 560
20 480
20 440
20 400
20 400
20 680
20 640
20 600
20 520
20 400
20 400
20 440
20 480
20 640
20 720
20 800
20 840
20 720
20 600
20 520
20 440
20 280
20 120
20 320
20 320
20 320
20 360
20 360
20 440
20 440
20 480
20 640
20 600
20 560
20 480
20 440
20 400
20 720
20 720
20 720
20 600
20 480
20 440
20 400
20 400
20 520
20 640
20 720
20 720
20 840
20 880
20 720
20 560
20 360
20 360
20 560
20 440
20 440
20 440
20 440
20 440
20 480
20 480
20 520
20 640
20 600
20 680
20 480
20 440
20 800
20 840
20 720
20 760
20 640
20 520
20 400
20 360
20 400
20 600
20 600
20 800
20 680
20 920
20 880
20 840
20 640
20 520
20 560
20 520
20 480
20 440
20 440
20 440
20 440
20 560
20 520
20 560
20 640
20 640
20 840
20 600
20 560
20 800
20 840
20 720
20 760
20 640
20 680
20 560
20 520
20 560
20 320
20 560
20 800
20 840
20 800
20 840
20 880
20 720
20 560
20 560
20 600
20 640
20 480
20 600
20 440
20 440
20 440
20 480
20 560
20 560
20 640
20 680
20 840
20 920
20 640
20 840
20 920
20 760
20 720
20 760
20 640
20 560
20 680
20 600
20 520
20 520
20 720
20 840
20 520
20 760
20 840
20 840
20 640
20 560
20 520
20 560
20 480
20 480
20 480
20 480
20 480
20 480
20 640
20 640
20 640
20 720
20 840
20 720
20 520
20 640
20 960
20 960
20 680
20 640
20 680
20 240
20 800
20 520
20 520
20 560
20 600
20 760
20 920
20 1160
20 280
20 640
20 800
20 560
20 480
20 400
20 440
20 560
20 560
20 520
20 480
20 480
20 640
20 640
20 640
20 640
20 680
20 840
20 680
20 680
20 680
20 640
20 720
20 600
20 600
20 40
20 720
20 480
20 760
20 680
20 760
20 800
20 680
20 400
20 1280
20 440
20 360
20 400
20 400
20 600
20 560
20 640
20 880
20 560
20 560
20 560
20 680
20 640
20 640
20 680
20 640
20 600
20 520
20 1040
20 800
20 560
20 440
20 680
20 680
20 480
20 280
20 -40
20 560
20 720
20 680
20 720
20 680
20 680
20 760
20 1120
20 560
20 400
20 400
20 480
20 560
20 600
20 720
20 720
20 800
20 600
20 680
20 720
20 680
20 640
20 520
20 520
20 480
20 720
20 960
20 440
20 280
20 440
20 880
20 560
20 280
20 440
20 -80
20 240
20 880
20 880
20 640
20 840
20 880
20 640
20 840
20 760
20 840
20 720
20 680
20 1000
20 1160
20 1200
20 960
20 680
20 880
20 920
20 720
20 640
20 520
20 440
20 440
20 1480
20 800
20 360
20 920
20 240
20 240
20 560
20 520
20 680
20 600
20 120
20 120
20 760
20 880
20 880
20 840
20 1000
20 920
20 880
20 720
20 720
20 680
20 600
20 800
20 920
20 1000
20 1000
20 920
20 1000
20 960
20 840
20 640
20 480
20 400
20 520
20 280
20 120
20 160
20 120
20 80
20 840
20 880
20 840
20 720
20 -160
20 600
20 440
20 800
20 1080
20 880
20 1120
20 960
20 880
20 800
20 640
20 480
20 520
20 680
20 760
20 920
20 1000
20 1080
20 960
20 1040
20 880
20 600
20 440
20 440
20 -120
20 -40
20 40
20 0
20 80
20 120
20 120
20 280
20 880
20 480
20 120
20 -80
20 640
20 680
20 720
20 960
20 1040
20 1040
20 1040
20 680
20 640
20 520
20 440
20 760
20 680
20 680
20 720
20 920
20 920
20 880
20 920
20 720
20 480
20 480
20 -520
20 0
20 40
20 40
20 40
20 120
20 160
20 320
20 280
20 -80
20 -40
20 440
20 960
20 880
20 800
20 840
20 800
20 720
20 720
20 640
20 560
20 560
20 600
20 560
20 560
20 600
20 840
20 680
20 880
20 1080
20 880
20 520
20 440
20 120
20 160
20 120
20 0
20 -120
20 -120
20 320
20 80
20 440
20 960
20 760
20 800
20 560
20 520
20 800
20 840
20 880
20 840
20 760
20 680
20 640
20 600
20 600
20 480
20 480
20 1040
20 880
20 920
20 760
20 520
20 80
20 40
20 -40
20 200
20 520
20 520
20 520
20 480
20 720
20 760
20 760
20 760
20 720
20 680
20 600
20 560
20 600
20 600
20 640
20 680
20 600
20 680
20 680
20 600
20 520
20 280
20 640
20 720
20 720
20 720
20 400
20 400
20 320
20 40
20 400
20 720
20 760
20 400
20 440
20 440
20 440
20 600
20 640
20 760
20 360
20 240
20 360
20 120
20 440
20 840
20 640
20 400
20 400
20 400
20 520
20 280
20 240
20 440
20 640
20 280
20 360
20 520
20 480
20 560
20 600
20 560
20 600
20 600
20 40
20 320
20 640
20 400
20 520
20 200
20 80
20 240
20 240
20 40
20 40
20 40
20 0
20 160
20 40
20 40
20 160
20 0
20 120
20 320
20 760
20 -280
20 160
20 320
20 360
20 440
20 200
20 40
20 560
20 120
20 -120
20 -840
20 -80
20 -40
20 -160
20 40
20 0
20 80
20 200
20 160
20 160
20 280
20 200
20 40
20 -40
20 -720
20 -240
20 40
20 80
20 120
20 160
20 280
20 -120
20 40
20 80
20 80
20 80
20 40
25 80
25 80
25 320
25 240
25 80
25 80
25 120
25 120
25 680
25 560
25 160
25 80
25 80
25 440
25 440
25 760
25 560
25 160
25 200
25 0
25 160
25 520
25 480
25 480
25 520
25 320
25 240
25 0
25 240
25 400
25 880
25 400
25 440
25 560
25 360
25 320
25 200
25 320
25 560
25 720
25 480
25 400
25 400
25 440
25 320
25 160
25 320
25 320
25 640
25 440
25 480
25 360
25 400
25 400
25 400
25 240
25 320
25 520
25 440
25 480
25 320
25 360
25 320
25 320
25 240
25 320
25 320
25 360
25 440
25 480
25 320
25 320
25 320
25 240
25 280
25 320
25 360
25 320
25 480
25 440
25 320
25 320
25 160
25 120
25 280
25 280
25 400
25 360
25 360
25 280
25 480
25 120
25 200
25 240
25 320
25 400
25 320
25 320
25 320
25 320
25 320
25 120
25 200
25 320
25 320
25 320
25 200
25 320
25 320
25 360
25 320
25 360
25 200
25 160
25 160
25 160
25 240
25 320
25 320
25 320
25 480
25 200
25 160
25 200
25 160
25 240
25 320
25 280
25 320
25 80
25 560
25 480
25 280
25 560
25 240
25 320
25 240
25 240
25 160
25 280
25 400
25 320
25 320
25 320
25 280
25 160
25 240
25 320
25 320
25 240
25 240
25 320
25 200
25 360
25 360
25 320
25 240
25 320
25 320
25 40
25 400
25 360
25 160
25 120
25 360
25 320
25 360
25 80
25 120
25 160
25 480
25 360
25 320
25 520
25 680
25 480
25 160
25 240
25 240
25 320
25 320
25 360
25 680
25 680
25 640
25 200
25 400
25 280
25 480
25 720
25 800
25 520
25 80
25 560
25 240
25 240
25 440
25 1160
25 800
25 480
25 40
25 160
25 -40
25 40
25 240
25 1160
25 640
25 280
25 360
25 840
25 640
25 440
25 -200
25 480
25 320
25 440
25 360
25 480
25 520
25 520
25 400
25 400
25 960
25 1120
25 480
25 280
25 400
25 480
25 520
25 320
25 80
25 120
25 280
25 520
25 800
25 480
25 400
25 560
25 520
25 520
25 520
25 720
25 1240
25 400
25 840
25 560
25 360
25 400
25 1080
25 1360
25 680
25 -40
25 200
25 280
25 360
25 320
25 400
25 680
25 480
25 400
25 400
25 480
25 600
25 600
25 600
25 640
25 800
25 840
25 920
25 280
25 520
25 320
25 920
25 1040
25 1280
25 1440
25 920
25 1040
25 560
25 240
25 120
25 440
25 520
25 520
25 440
25 440
25 680
25 600
25 520
25 600
25 520
25 440
25 520
25 600
25 600
25 640
25 800
25 760
25 280
25 440
25 840
25 840
25 840
25 880
25 1000
25 1200
25 1520
25 1440
25 1280
25 1160
25 720
25 800
25 840
25 800
25 680
25 480
25 680
25 600
25 560
25 520
25 440
25 360
25 480
25 480
25 600
25 720
25 920
25 640
25 320
25 360
25 360
25 800
25 760
25 880
25 1160
25 1240
25 1320
25 1480
25 1440
25 1160
25 1080
25 1080
25 760
25 640
25 720
25 520
25 480
25 440
25 400
25 440
25 320
25 280
25 360
25 440
25 440
25 640
25 1000
25 440
25 400
25 400
25 320
25 920
25 800
25 800
25 840
25 1000
25 1200
25 1160
25 1240
25 1200
25 1040
25 720
25 640
25 440
25 520
25 480
25 360
25 280
25 360
25 280
25 400
25 320
25 360
25 400
25 520
25 560
25 640
25 560
25 400
25 400
25 360
25 360
25 920
25 800
25 760
25 840
25 960
25 1120
25 1200
25 1160
25 1160
25 1080
25 880
25 720
25 800
25 680
25 440
25 160
25 200
25 320
25 280
25 280
25 320
25 360
25 360
25 440
25 600
25 640
25 480
25 400
25 440
25 360
25 400
25 920
25 880
25 800
25 800
25 840
25 840
25 1040
25 1160
25 1120
25 1240
25 1120
25 1080
25 1000
25 840
25 600
25 360
25 280
25 240
25 240
25 320
25 280
25 320
25 360
25 360
25 360
25 400
25 520
25 480
25 400
25 360
25 400
25 480
25 920
25 920
25 800
25 840
25 880
25 880
25 960
25 960
25 1160
25 1080
25 1000
25 1000
25 960
25 680
25 440
25 360
25 240
25 320
25 360
25 360
25 320
25 360
25 360
25 480
25 480
25 520
25 520
25 560
25 520
25 400
25 400
25 920
25 840
25 880
25 840
25 800
25 800
25 840
25 880
25 880
25 920
25 960
25 960
25 1000
25 800
25 560
25 560
25 480
25 320
25 400
25 400
25 400
25 440
25 440
25 440
25 400
25 480
25 600
25 520
25 600
25 520
25 480
25 400
25 920
25 840
25 840
25 840
25 800
25 760
25 720
25 720
25 800
25 880
25 920
25 960
25 1000
25 840
25 760
25 600
25 440
25 360
25 600
25 480
25 440
25 480
25 480
25 480
25 480
25 600
25 600
25 600
25 680
25 680
25 480
25 480
25 920
25 920
25 880
25 920
25 840
25 800
25 720
25 760
25 760
25 800
25 920
25 1000
25 840
25 1040
25 920
25 880
25 680
25 560
25 520
25 520
25 480
25 480
25 480
25 480
25 480
25 560
25 640
25 560
25 640
25 680
25 840
25 600
25 600
25 920
25 960
25 880
25 880
25 800
25 800
25 840
25 800
25 880
25 800
25 840
25 1080
25 1080
25 880
25 960
25 920
25 720
25 600
25 640
25 600
25 640
25 480
25 520
25 480
25 480
25 480
25 520
25 640
25 600
25 640
25 680
25 800
25 960
25 680
25 1000
25 1000
25 840
25 840
25 920
25 840
25 760
25 960
25 920
25 840
25 880
25 1080
25 1080
25 760
25 880
25 880
25 840
25 640
25 600
25 560
25 600
25 520
25 480
25 480
25 480
25 480
25 480
25 640
25 640
25 640
25 680
25 880
25 840
25 560
25 840
25 1080
25 1040
25 840
25 800
25 920
25 640
25 1080
25 840
25 840
25 880
25 960
25 1120
25 1200
25 1400
25 440
25 720
25 800
25 560
25 520
25 480
25 560
25 520
25 560
25 440
25 560
25 480
25 640
25 640
25 640
25 640
25 680
25 840
25 720
25 840
25 880
25 800
25 960
25 880
25 760
25 360
25 960
25 720
25 960
25 880
25 920
25 1000
25 920
25 640
25 1120
25 520
25 560
25 400
25 400
25 640
25 480
25 800
25 720
25 600
25 640
25 560
25 680
25 640
25 680
25 640
25 640
25 640
25 560
25 1000
25 1040
25 760
25 600
25 920
25 1000
25 760
25 520
25 240
25 840
25 880
25 880
25 880
25 840
25 880
25 840
25 1000
25 720
25 440
25 400
25 480
25 680
25 640
25 680
25 640
25 520
25 600
25 680
25 760
25 680
25 680
25 640
25 520
25 440
25 760
25 1160
25 680
25 480
25 680
25 1160
25 880
25 560
25 720
25 160
25 320
25 920
25 920
25 800
25 960
25 1040
25 760
25 920
25 1080
25 560
25 640
25 560
25 640
25 1000
25 1160
25 760
25 640
25 760
25 840
25 720
25 640
25 560
25 480
25 480
25 1520
25 1160
25 520
25 840
25 480
25 560
25 840
25 920
25 1000
25 800
25 280
25 160
25 760
25 960
25 840
25 960
25 1120
25 920
25 1080
25 680
25 880
25 720
25 760
25 880
25 800
25 840
25 880
25 800
25 760
25 880
25 760
25 640
25 480
25 440
25 600
25 360
25 240
25 320
25 240
25 280
25 1000
25 1080
25 1080
25 880
25 80
25 640
25 440
25 1000
25 1080
25 960
25 1200
25 1120
25 1280
25 760
25 760
25 640
25 600
25 720
25 720
25 800
25 840
25 800
25 760
25 1000
25 800
25 560
25 440
25 440
25 40
25 40
25 120
25 120
25 160
25 200
25 280
25 560
25 960
25 880
25 480
25 160
25 680
25 800
25 560
25 880
25 1120
25 1040
25 1120
25 720
25 880
25 800
25 760
25 760
25 800
25 680
25 680
25 840
25 840
25 720
25 1000
25 560
25 400
25 440
25 -480
25 80
25 80
25 80
25 120
25 240
25 560
25 480
25 840
25 200
25 160
25 640
25 1000
25 1000
25 840
25 880
25 960
25 1040
25 1000
25 880
25 960
25 840
25 720
25 840
25 720
25 640
25 760
25 800
25 800
25 800
25 560
25 440
25 400
25 160
25 160
25 200
25 80
25 -40
25 80
25 320
25 160
25 520
25 1000
25 880
25 720
25 600
25 1240
25 480
25 1240
25 960
25 1000
25 1000
25 1000
25 760
25 960
25 800
25 800
25 640
25 680
25 760
25 1120
25 1040
25 320
25 160
25 80
25 80
25 240
25 760
25 600
25 920
25 920
25 640
25 760
25 760
25 880
25 1080
25 800
25 760
25 960
25 1000
25 1160
25 760
25 880
25 840
25 1200
25 960
25 720
25 440
25 280
25 680
25 760
25 720
25 800
25 440
25 640
25 520
25 200
25 400
25 1160
25 960
25 840
25 840
25 800
25 760
25 1080
25 1000
25 800
25 480
25 320
25 320
25 200
25 520
25 840
25 600
25 480
25 400
25 520
25 600
25 160
25 320
25 760
25 960
25 600
25 720
25 1160
25 600
25 600
25 920
25 440
25 320
25 320
25 120
25 320
25 680
25 440
25 480
25 200
25 200
25 240
25 280
25 80
25 160
25 120
25 600
25 480
25 280
25 160
25 160
25 -80
25 40
25 80
25 480
25 -400
25 160
25 400
25 400
25 520
25 240
25 120
25 520
25 80
25 -40
25 -880
25 120
25 80
25 0
25 0
25 80
25 40
25 160
25 120
25 200
25 240
25 120
25 40
25 -360
25 -840
25 -280
25 120
25 40
25 160
25 80
25 200
25 -920
25 40
25 80
25 80
25 80
25 80
30 120
30 80
30 280
30 120
30 120
30 80
30 120
30 480
30 920
30 240
30 120
30 120
30 400
30 440
30 640
30 840
30 320
30 120
30 160
30 400
30 360
30 600
30 520
30 680
30 360
30 200
30 120
30 200
30 360
30 680
30 600
30 600
30 480
30 600
30 520
30 280
30 160
30 360
30 680
30 760
30 680
30 440
30 400
30 440
30 440
30 0
30 360
30 320
30 920
30 560
30 520
30 440
30 440
30 400
30 440
30 160
30 320
30 360
30 440
30 520
30 400
30 360
30 400
30 360
30 240
30 200
30 280
30 360
30 400
30 440
30 440
30 360
30 320
30 240
30 160
30 280
30 440
30 360
30 480
30 440
30 360
30 320
30 120
30 280
30 280
30 360
30 440
30 360
30 360
30 320
30 520
30 -1080
30 120
30 280
30 360
30 240
30 280
30 360
30 360
30 320
30 320
30 80
30 240
30 360
30 240
30 200
30 360
30 360
30 360
30 360
30 400
30 120
30 200
30 160
30 200
30 200
30 240
30 320
30 360
30 360
30 240
30 320
30 400
30 320
30 200
30 280
30 360
30 320
30 360
30 120
30 160
30 280
30 400
30 360
30 240
30 360
30 360
30 360
30 160
30 200
30 360
30 400
30 360
30 360
30 280
30 120
30 360
30 400
30 360
30 320
30 280
30 280
30 200
30 440
30 280
30 160
30 200
30 320
30 280
30 0
30 240
30 320
30 240
30 320
30 360
30 360
30 320
30 80
30 120
30 360
30 160
30 200
30 400
30 680
30 480
30 400
30 120
30 200
30 240
30 320
30 680
30 680
30 680
30 680
30 480
30 200
30 200
30 440
30 600
30 720
30 640
30 520
30 480
30 240
30 200
30 280
30 1400
30 680
30 480
30 440
30 120
30 120
30 40
30 120
30 1080
30 400
30 200
30 280
30 360
30 480
30 480
30 400
30 320
30 280
30 280
30 360
30 440
30 520
30 480
30 280
30 280
30 1200
30 1400
30 320
30 240
30 320
30 320
30 520
30 360
30 560
30 40
30 80
30 400
30 600
30 960
30 480
30 400
30 600
30 520
30 440
30 600
30 960
30 1240
30 600
30 360
30 280
30 520
30 480
30 1320
30 1600
30 1240
30 0
30 280
30 320
30 280
30 320
30 600
30 680
30 520
30 360
30 440
30 760
30 680
30 720
30 720
30 920
30 920
30 880
30 400
30 440
30 800
30 360
30 1160
30 1200
30 1400
30 1440
30 1320
30 1320
30 920
30 280
30 200
30 600
30 520
30 440
30 360
30 600
30 680
30 640
30 640
30 480
30 600
30 560
30 640
30 800
30 800
30 800
30 960
30 1200
30 360
30 360
30 440
30 1200
30 1160
30 1200
30 1240
30 1360
30 1680
30 1800
30 1480
30 1600
30 920
30 840
30 1000
30 1000
30 680
30 440
30 680
30 680
30 600
30 600
30 480
30 480
30 640
30 680
30 680
30 960
30 1120
30 760
30 520
30 480
30 360
30 1120
30 1200
30 1200
30 1440
30 1600
30 1680
30 1720
30 1680
30 1160
30 1240
30 1200
30 800
30 920
30 720
30 680
30 560
30 400
30 400
30 400
30 400
30 400
30 560
30 520
30 720
30 920
30 1080
30 520
30 520
30 400
30 400
30 1200
30 1160
30 1240
30 1240
30 1400
30 1560
30 1400
30 1520
30 1480
30 1160
30 880
30 840
30 680
30 840
30 800
30 560
30 400
30 400
30 320
30 400
30 400
30 440
30 520
30 600
30 680
30 800
30 680
30 520
30 440
30 520
30 400
30 1440
30 1240
30 1200
30 1240
30 1400
30 1520
30 1480
30 1440
30 1400
30 1240
30 960
30 840
30 1080
30 960
30 760
30 480
30 400
30 440
30 440
30 400
30 400
30 440
30 480
30 520
30 640
30 680
30 520
30 480
30 400
30 400
30 480
30 1360
30 1280
30 1200
30 1240
30 1280
30 1280
30 1440
30 1480
30 1320
30 1440
30 1280
30 1160
30 1120
30 1040
30 720
30 640
30 520
30 400
30 400
30 440
30 480
30 440
30 440
30 440
30 400
30 520
30 600
30 520
30 440
30 440
30 440
30 520
30 1320
30 1160
30 1160
30 1160
30 1240
30 1280
30 1320
30 1240
30 1280
30 1280
30 1240
30 1120
30 1040
30 880
30 680
30 520
30 360
30 440
30 480
30 480
30 440
30 440
30 440
30 520
30 520
30 600
30 520
30 640
30 480
30 400
30 440
30 1200
30 1200
30 1080
30 1120
30 1120
30 1120
30 1160
30 1160
30 1200
30 1160
30 1160
30 1160
30 960
30 880
30 760
30 680
30 480
30 480
30 480
30 480
30 480
30 440
30 440
30 480
30 480
30 520
30 680
30 520
30 560
30 560
30 520
30 440
30 1200
30 1000
30 1040
30 1080
30 1080
30 1080
30 1120
30 1080
30 1120
30 1160
30 1160
30 1080
30 1080
30 960
30 800
30 640
30 480
30 520
30 600
30 520
30 480
30 480
30 480
30 480
30 480
30 680
30 560
30 640
30 680
30 720
30 520
30 480
30 1080
30 1120
30 1000
30 1000
30 1040
30 1040
30 1080
30 1120
30 1120
30 1200
30 1360
30 1240
30 1000
30 1120
30 960
30 920
30 720
30 600
30 440
30 480
30 520
30 480
30 520
30 480
30 480
30 520
30 600
30 600
30 680
30 680
30 760
30 680
30 600
30 1080
30 1040
30 960
30 1000
30 1000
30 1000
30 1040
30 1120
30 1200
30 1240
30 1160
30 1400
30 1320
30 1080
30 1120
30 1040
30 680
30 600
30 600
30 640
30 640
30 640
30 520
30 520
30 480
30 480
30 480
30 640
30 600
30 640
30 760
30 800
30 960
30 640
30 1040
30 1080
30 960
30 1000
30 1080
30 1000
30 1040
30 1240
30 1240
30 1160
30 1280
30 1360
30 1360
30 960
30 960
30 960
30 880
30 640
30 560
30 520
30 560
30 520
30 520
30 520
30 520
30 520
30 520
30 640
30 640
30 680
30 760
30 960
30 880
30 600
30 1160
30 1120
30 1200
30 1000
30 960
30 1080
30 840
30 1320
30 1040
30 1160
30 1200
30 1280
30 1440
30 1520
30 1600
30 560
30 640
30 880
30 600
30 600
30 520
30 440
30 560
30 640
30 520
30 640
30 480
30 680
30 680
30 680
30 680
30 680
30 960
30 720
30 960
30 1040
30 1000
30 1120
30 1160
30 1080
30 880
30 1080
30 960
30 1120
30 1160
30 1120
30 1240
30 1120
30 840
30 1520
30 520
30 480
30 520
30 400
30 440
30 400
30 800
30 840
30 560
30 600
30 520
30 680
30 640
30 680
30 680
30 680
30 640
30 600
30 1000
30 1200
30 920
30 800
30 1120
30 1320
30 1120
30 960
30 560
30 1000
30 1040
30 1080
30 1000
30 960
30 1000
30 920
30 1080
30 760
30 520
30 480
30 400
30 760
30 840
30 880
30 480
30 480
30 600
30 640
30 800
30 680
30 720
30 640
30 600
30 520
30 1120
30 1360
30 880
30 680
30 1040
30 1520
30 1240
30 920
30 1120
30 240
30 320
30 1000
30 1000
30 880
30 1040
30 1240
30 840
30 1200
30 1160
30 480
30 1760
30 1200
30 1160
30 1560
30 880
30 520
30 360
30 680
30 760
30 680
30 680
30 560
30 480
30 480
30 1680
30 1440
30 680
30 760
30 640
30 800
30 1120
30 1320
30 1240
30 1160
30 360
30 200
30 480
30 1000
30 880
30 960
30 1240
30 880
30 1520
30 600
30 760
30 1760
30 1200
30 1160
30 1560
30 880
30 520
30 440
30 440
30 880
30 680
30 600
30 520
30 480
30 480
30 440
30 400
30 400
30 360
30 480
30 1280
30 1480
30 1520
30 1120
30 240
30 800
30 480
30 1280
30 1080
30 960
30 1280
30 1400
30 1800
30 840
30 1000
30 720
30 800
30 800
30 880
30 760
30 720
30 440
30 440
30 960
30 680
30 520
30 440
30 480
30 120
30 80
30 200
30 200
30 200
30 320
30 440
30 600
30 1120
30 1160
30 720
30 320
30 760
30 1080
30 440
30 800
30 1160
30 1000
30 1160
30 600
30 1080
30 1040
30 1040
30 880
30 760
30 760
30 680
30 680
30 680
30 360
30 960
30 360
30 320
30 440
30 -400
30 80
30 120
30 120
30 200
30 320
30 280
30 760
30 680
30 280
30 160
30 560
30 1040
30 1040
30 880
30 920
30 1160
30 1400
30 1360
30 1120
30 1160
30 1120
30 920
30 840
30 640
30 600
30 600
30 640
30 720
30 680
30 360
30 400
30 320
30 160
30 200
30 240
30 120
30 160
30 160
30 440
30 240
30 360
30 960
30 680
30 480
30 280
30 880
30 840
30 1560
30 1000
30 1160
30 1280
30 1320
30 920
30 920
30 720
30 680
30 760
30 560
30 680
30 920
30 1200
30 360
30 160
30 120
30 200
30 120
30 760
30 600
30 1120
30 920
30 720
30 1080
30 800
30 720
30 1760
30 920
30 960
30 1360
30 1480
30 1200
30 1040
30 840
30 800
30 1440
30 1000
30 480
30 120
30 320
30 720
30 840
30 760
30 720
30 560
30 1120
30 640
30 640
30 480
30 1480
30 960
30 1360
30 1480
30 2000
30 1840
30 1080
30 800
30 880
30 440
30 0
30 240
30 200
30 640
30 760
30 600
30 560
30 520
30 640
30 720
30 400
30 280
30 1160
30 1600
30 1280
30 1240
30 1160
30 920
30 1560
30 1320
30 1440
30 680
30 120
30 80
30 280
30 640
30 440
30 560
30 320
30 280
30 320
30 320
30 120
30 160
30 280
30 880
30 1000
30 1680
30 720
30 600
30 1240
30 320
30 0
30 40
30 -800
30 160
30 360
30 560
30 520
30 280
30 160
30 560
30 80
30 -200
30 840
30 680
30 440
30 280
30 160
30 -120
30 -80
30 -40
30 120
30 200
30 120
30 80
30 80
30 -600
30 160
30 120
30 160
30 0
30 80
30 40
30 120
30 120
30 80
30 80
30 80
30 80
30 80
