ExtinctionRates
0.01375551	0.03329249	0.001227609
0.006908991
0.001664968
0.003015169	0.01137305	0.004182419
0.02112696	0.001659913
0.0008137027
0.04097224	0.00555043	0.0132145
0.02488502	0.005034593	0.02615261
0.0140106	0.03995532
0.01198147	0.007558739	0.003199028	0.006301427
0.002813093	0.002584792	0.004167543	0.02935588	0.02136805
0.001840889	0.002725858	0.06277285
0.01566552	0.004519254	0.0009074085	0.00468147
0.003177885	0.007961441
0.009622376	0.002596218	0.02338685	0.03378552
0.04360507	0.001452491
0.01384998	0.007086335
0.03456013
0.02273475
0.01317836	0.005132295	0.04945734	0.01783742
0.03314739
0.009434106	0.0008646547	0.02140597	0.01119416
0.04467697	0.002033334	0.07634796	0.002677936
0.04715308	0.01355342
0.01527448	0.009173714
0.004994316	0.00391102	0.01417842
0.005804295	0.002672601
0.007988315	0.0008695291	0.01540483
0.04529358	0.0202386	0.01543262
0.003227917
0.01155979
0.001043608	0.003552748
0.2122248	0.002259684	0.01074917	0.02972955
0.007168459	0.008781478
0.002551554
0.004199255	0.008512984	0.001659145
0.007933824	0.009082085
0.003081483	0.0004702469
0.003055925	0.01164048
0.006583899	0.04365662	0.007690973	0.00318619
0.04977138	0.003500909	0.02364571	0.003109947
0.009891944	0.003851922	0.01006265
0.001555003
0.01871265	0.001710608	0.004406695
0.01750515	0.000778698
0.01665126	0.006460027
0.001150622	0.003772369
0.0005676759	0.02540432	0.005306689
0.01345134	0.02149185	0.03792199
0.0244833	0.01311321	0.002931666
0.03012713	0.002735187
0.03437746	0.003983275
0.02025419
0.002089302	0.001158322	0.01087362
0.5411358	0.0003263973	0.0006524398
0.02241446	0.004571791	0.066837	0.01020037
0.03854026	0.01083378	0.00258082
0.01656617	0.00829067
0.007291978	0.02023158
0.008908969	0.00237573	0.02741703
0.003245225
0.0119237
0.01357555	0.006444844	0.004927303
0.00303821	0.00443478	0.002884275	0.02258624
0.0201772	0.009342259	0.07651373	0.004764539
0.04618513
0.00076567	0.0084532
0.01425154	0.01019082
0.005004635	0.02091922
0.02828561	0.01101144
0.02295623	0.02970304	0.009044933	0.01519942	0.001730244	0.001638131
0.003637736	0.008527153	0.03228826	0.08723726	0.00406445	0.05880356
0.003596484
0.07913937	0.0006362997	0.003429466
0.01981971	0.002656246	0.01744476
0.03104991	0.02599038	0.06650202	0.008902933
0.002838371	0.0005865382
0.0007010969	0.0169932
0.01571695	0.007613782	0.01308586	0.02161548
0.08591777	0.0144613	0.008423167	0.001851799
0.001655711	0.001357334	0.005304611	0.03902404	0.002257351	0.05399698	0.009589186	0.01240626
0.01030371	0.03766798	0.002399682	0.007552881
0.01393671	0.0067053	0.02282273	0.004124006
0.01733581	0.01431882
0.001272962	0.008504752	0.006563419
0.01815842	0.02186482	0.002963628
0.007390172	0.002575945	0.01961343	0.03612446
0.01037988	0.01019674	0.01804637	0.00191182	0.04237925
0.005439308	0.06014742	0.01193959
0.001861644	0.04461347
0.01859257
0.002951463	0.001366273	0.0009776866	0.004375203
0.02964146	0.0002756107	0.00436271	0.03560415	0.002011103
0.0004312796	0.00265785	0.04616995	0.06239089
0.04819545	0.01026722	0.02007482
0.008470464	0.006155456	0.007067921	0.01215465	0.004390333
0.01271545
0.002028452	0.00357469	0.01353462
0.01875498
0.01860366
0.01647649	0.001029403	0.002385439	0.02209942
0.01685092
0.006623411	0.0022893
0.006678274
0.001642376	0.003423654	0.003482994
0.02262243	0.003723967
0.0003620087	0.01366807	0.06224783
0.02335904	0.004900625	0.0005504657
0.02507625
0.01364318	0.05258578	0.01155123	0.008635335	0.00484917
0.004852741	0.00875577	0.002466587
0.002107036	0.05383284	0.01072063
0.005802953	0.01434141
0.02098903	0.0009232569	0.002886829
0.006644502	0.005698948
0.0006526154
0.01391779	0.01049997
0.008869749	0.009541779	0.01155731	0.008197775	0.008260634	0.003752183	0.01151564	0.005878964
0.002256359	0.01110918
0.008077526	0.0006089461	0.001568838
0.01014167
0.01170209	0.003484884
0.001641461	0.000537685
0.08496929	0.001054913	0.03459421
0.001969023	0.00194415	0.01605942	0.01743084
0.02564714	0.0009620732	0.005944913
0.020253	0.0007158988	0.01262139
0.001101403	0.0009386199	0.122752
0.01492509	0.00632598	0.018688
0.002173586
0.008093965	0.002536772	0.02867455
0.005615582
0.006709038	0.001703038
0.007253602	0.009689205	0.002250699
0.0381158	0.03201154	0.02934264
0.03616147	0.0009138527	0.00325554	0.002767446	0.01233506
0.02868244	0.02543852	0.02880198	0.01601184
0.09499129	0.01554688	0.0004171183
0.01560204	0.006580198	0.01440888
0.007134993	0.01036562	0.01701198	0.003501745	0.01001656	0.01950249
0.01136705	0.01132686	0.07815182
0.001575532	0.00331488
0.004154322	0.001288699	0.0009277908	0.03999672	0.0008800688
0.04218049	0.0004388831
0.01160511	0.005164797
0.004992931	0.02411543	0.03538696
0.01104423	0.001303881	0.004167279
0.01123403	0.03689725
0.002726104	0.03010799	0.004460946	0.01157016
0.01428266	0.01402446	0.06649826	0.001522915
0.003964194	0.003838853	0.005314763
0.02325102
0.008307256
0.01605195	0.001786494
0.03822234	0.02040315	0.004967956	0.05140097	0.002088667
0.0132254
0.026887	0.1907636	0.01753056	0.004701379
0.00343273
0.0007557427	0.00684507	0.004036606
0.01219701	0.01223187	0.01856164	0.01345786
0.003267482	0.003867727
0.01433451	0.01573821	0.0005222566
0.009841943	0.0334863	0.001276931
0.02090358	0.01426595	0.02523518	0.0128485	0.0007430442
0.03940685	0.002007756	0.0005192052
0.004155768
0.04659173	0.001486215
0.00688696
0.0003270682	0.0005823111
0.02109603	0.003344341	0.2006179
0.01823674
0.004319144	0.004947041	0.0009509057
0.02404051	0.3230715	0.03098754
0.0495168	0.03864037
0.006508818	0.002190146	0.01051123
0.00229728	0.01284028
0.1017308	0.004212635
0.0195015
0.001418494	0.01392065	0.1318655
0.007479739
0.01566705	0.01020888	0.00306638	0.04511158	0.01695696
0.002556909	0.01759794	0.006374722	0.004537376	0.006645182	0.02647856
0.001842263	0.006255589
0.004638288	0.001428738	0.0006197247
0.005284849	0.01071545	0.005754119
0.004091932
0.01400894	0.01573837
0.1261347	0.005652959	0.002486462
0.005733638	0.008200611
0.05382064	0.07000067	0.00464381	0.008913946	0.006482371	0.007056719
0.04171782	0.002112691	0.004270448
0.00597115	0.01348621	0.008134867	0.1784652
0.008214247	0.008059574
0.004605262	0.006945401	0.0008235077	0.001992469	0.000810135	0.004089034	0.01584201	0.002563159
0.1289567	0.01076022	0.1145663	0.001543295
0.01409248	0.08726954	0.00304419	0.01624226
0.003368221	0.02598656	0.003484647	0.01183615	0.02769351
0.007643546	0.01039941	0.03008314	0.002423303	0.01714953	0.09898718
0.007434156	0.04780604	0.0119383
0.007872063	0.001120839
0.0009012979	0.009635031	0.01665776
0.009008505
0.01444299	0.006386203	0.01490258	0.005517087	0.003636424
0.00105433	0.002194833	0.02473167
0.009203374	0.06133321	0.00097136	0.08284256	0.01424124
0.006366725	0.0009572834
0.007696654	0.002264275	0.006807155	0.1037432
0.007147511	0.001667145
0.002299055
0.004883367	0.0003853018	0.002584521	0.06346575
0.02444873
0.009717606	0.005240752
0.06050003	0.004905186	0.01411596
0.008036116
0.02192944
0.001334559	0.002302344	0.02357807	0.003340577	0.05649502
0.0011567
0.02193728	0.001340971
0.0009455604	0.02342139	0.01197803
0.01423352	0.00253899
0.04886233	0.004494004	0.03929013
0.04326389	0.008003167
0.00517593
0.08898437	0.00221048	0.003988812	0.02142107
0.001204705
0.0004480146	0.008970251	0.002849717	0.001269781	0.0202982	0.008852514	0.007602439
0.03640767	0.009041197	0.004144414	0.06148057
0.02560602	0.01274135	0.00564001	0.01379575
0.0196436	0.0439844	0.005691329	0.09803442
0.003856125
0.03030776	0.006862094	0.002041373
0.01238365	0.001385305	0.01055909
0.007788574	0.0220901	0.03771683	0.002005321
0.01668894	0.003715696	0.01963258	0.004484392	0.002088419
0.005252608	0.05188347	0.01312514	0.04037841	0.004643542
0.01325358	0.0275941	0.1044657	0.00159305	0.02443466	0.004081752
0.01072028	0.02816695
0.0125455	0.02825744	0.0008254945	0.0009909417
0.09394399	0.008962464
0.01670307	0.0006972134	0.01465957	0.009594611	0.01809512
0.006716368	0.002542274
0.02135209	0.001108757	0.008955882	0.0009140631
0.005858182
0.001844382	0.006511399	0.001245249	0.01684243	0.009050871
0.006355531	0.003379521
0.01920239	0.003162267	0.3276287	0.02543643
0.00429997	0.005474202	0.00347889	0.09200348
0.00529057	0.005476423	0.003410331	0.06025706
0.004060897	6.109012e-05	0.001836731
0.005490092	0.05117891
0.0521635	0.0131846
0.005470562	0.01116796	0.01143459	0.003120741	0.01271705
0.0005565908	0.004312054
0.01365826
0.001887806
0.009734558	0.01850607
0.02413152	0.02271841	0.003603028	0.03825924
0.01986655	0.02762191	0.002427667
0.00903373	0.004021073	0.01278565
0.007357574
0.2276307	0.01481772
0.004318088	0.01530779	0.003373713	0.0116743
0.01964947	0.001453206	0.003420001
0.0626801	0.0005787002
0.002952516	0.001313156	0.1429496	0.001987659	0.04329022
0.0032918	0.02831344	0.1881842
0.004541278	0.004782599	0.05328789
0.07444775	0.009566676	0.05524891
0.02064161	0.05613636
0.002880345	0.001882772	0.001400002	0.002108807	0.01863338
0.003159245	0.006385627
0.04296834
0.002918177	0.001194756	0.007929065	0.003416796
0.02458352	0.001122225
0.001466962	0.02823164	0.01001174
0.005979414	0.019194
0.005673218	0.001357471	0.02035844	0.005182826
0.005092046	0.0106969	0.0009729682	0.01243236	0.01250175	0.004975925
0.01266723	0.01162818
0.005503502	0.01301428
0.011435	0.007981994	0.01973461
0.02029121	0.003752713	0.01667504
0.01331518	0.01107658	0.005653674	0.01186332
0.03647929	0.009445479	0.005189116
0.001779272
0.004572954	0.005734381	0.002665939
0.002037861	0.0006825955
0.004817328	0.02968716
0.01390866	0.01451263	0.02050983	0.09170193
0.009111353	0.09634742	0.006414527
0.008744238
0.0008262035	0.001398656
0.001054106	0.006678664	0.004541403
0.01599477
0.003473133	0.01049189	0.5713622	0.008117892	0.01069726
0.04658341	0.005074387	0.01040455	0.001363224	0.002069502
0.07137596	0.009267898
0.002092008	0.07978918	0.01282751	0.01327344
0.04227256	0.02773466
0.002318325	0.001418108
0.01408475	0.006473759	0.09261472
0.05245978	0.009166457	0.0008450156	0.003103694
0.06159967	0.0281888	0.004283116
0.05969575	0.006765472	0.06354315	0.03375412
0.001202109	0.004747241
0.004986522
0.009025648
0.01029488	0.001096967	0.003391721	0.006228314	0.007300527	0.004287177
0.06616663	0.007008596
0.005050851	0.02242569
0.01216463	0.004506239	0.00066957	0.01229669
0.002012625	0.01171006
0.002723845	0.01447876	0.02277007	0.007928998
0.00747723	0.007470293	0.0183724
0.009556942	0.001986228	0.003549721	0.002404206	0.07054834
0.008720881	0.02276244	0.02543376	0.0151368	0.01311953	0.001992512
0.00290452	0.002940727	0.02839949
0.006949925	0.0001440249
0.02773295	0.0008775067	0.004950997
0.007568213	0.002288717	0.001057468
0.001936866	0.01039771	0.002356744	0.00289622
0.008441388	0.01713641	0.0121025	0.007531767
0.0008748126	0.04513503	0.03922424	0.02137006
0.004917608	0.006571705
0.01466978	0.001119371	0.000864994	0.006096003	0.06866749
0.04087436	0.05051947	0.004788043	0.007387178	0.009106945
0.02954621	0.005751197	0.006994745	0.03067716	0.007535527
0.01319731	0.02386252	0.002572968
0.003112924	0.01839736
0.01884241	0.004645527	0.006382502
0.03038735	0.004184143	0.04368056	0.02272322
0.01372445	0.05039603	0.0001492356	0.01360338
0.002694214	0.04300129	0.008066625	0.03295635
0.004696817
0.01822683	0.0421875
0.004270604	0.06005142	0.01208801	0.0006059677	0.01493542
0.1294393	0.00353084
0.001316127
0.005807757	0.0008918764	0.001319947
0.02701998	0.0154524
0.01004027	0.001474049	0.01227677
0.005211399	0.01582241	0.01129657
0.02378636	0.008738495	0.2386509	0.007219986
0.002874348
0.003456455	0.003091822	0.01240348
0.01218857	0.003438364	0.09033415
0.008003615	0.003037471
0.01410665	0.007585199
0.005167366
0.07414822	0.02194493	0.00428526
0.01923018	0.002907872	0.01103707
0.01466032	0.0102544	0.004001923
0.05450377	0.01503632	0.02579511	0.009610648	0.003501992	0.01870809
0.003564435	0.006379168
0.007541846
0.00746842	0.01872693	0.002738404	0.004530778	0.01332092
0.05074021	0.003161599	0.002267713	0.0754277	0.03987394
0.02010073	0.006897738	0.06299555	0.02445882
0.0002509552	0.0795762	0.004034666	0.002005941
0.0119621	0.002093404	0.06851794	0.005542099
0.08836861	0.01734961
0.006527793	0.01282107	0.02853909
0.005372437	0.01177447
0.05685612	0.02240503	0.0143115	0.005797651
0.01743684	0.004535608
0.02646755	0.007031426	0.02076975	0.02623103	0.02025783	0.005942026	0.05646552
0.01187744	0.009501202
0.008937702	0.01333391
0.002211125	0.0214362
0.006349485	0.00728829
0.01137108	0.003064197	0.002115522
0.03504137	0.004808721	0.004133377	0.01289521
0.002109071	0.2595994	0.0004701895	0.01395693	0.216007	0.007473923
0.007072798	0.02846835
0.01040603	0.007458111	0.00761963	0.0005586584
0.003980632
0.0174293	0.01085092
0.04902551	0.006659255	0.01832127	0.01317528
0.008397729	0.08089327
0.03592049	0.0020463
0.06436665	0.00636531	0.01297967
0.03306063	0.01789824	0.006864379
0.03896076	0.006769353	0.003139354	0.008166781
0.04747577	0.003837685	0.00693822
0.01091495	0.002551799	0.01088394
0.007173832	0.005023697
0.001004886	0.01445502	0.00378352
0.007841158	0.00799915	0.006198412	0.02664386
0.003049612
0.005191218	0.004654834	0.02128817	0.004895418
0.01039148	0.00411372
0.04189569	0.01450623	0.006106866	0.0231105
0.0115273	0.01596281	0.006165958
0.005788515	0.02325972	0.04557308	0.007601907	0.003647141	0.1806044
0.03902038	0.01409836
0.00358552
0.01375537	0.005396543
0.0151394	0.0003247388
0.003017487	0.02243662	0.008269877	0.06503781	0.01638443	0.000662783	0.01604262	0.1660396
0.004408616	0.005203419	0.001084767	0.0008370049
0.02604879	0.03558973	0.004598221	0.05467272
0.03299731	0.003974929	0.009007007	0.02133588	0.01679764
0.01299188	0.001582627
0.004330029	0.0009758169	0.02212583
0.005381307	0.001418838
0.006255727
0.008123343	0.007320055	0.05444368	0.001858514
0.02370877	0.001003356	0.01053057
0.005408371	0.001915298	0.01496793
0.002479948
0.001130532	0.003459418	0.01463113	0.003952318
0.03087724	0.00699742	0.01580742
0.3118141	0.001366373	0.0105383
0.04312074	0.02680458	0.01128956	0.006034053
0.09165035	0.001781264
0.04198722	0.009597974
0.00442306	0.008523661	0.01553784	0.008757279
0.02812026	0.02399418	0.02267041
0.02154721	0.0186039	0.007748557	0.02119834
0.004997196	0.003362127	0.005266505	0.007971804	0.00101431	0.02218435
0.00879188
0.01685232	0.01287633	0.01009504
0.02931526
0.001999044	0.006302622	0.008982085
0.001573081	0.002054514
0.003027183	0.05621733	0.002754794	0.005822197	0.002714514	0.002152298
0.1406475	0.004137881	0.008910451	0.003612514	0.05444084	0.2147314
0.007809219	0.009991349	0.0005915671	0.01438487
0.008979569
0.004996809	0.0003776582	0.002868866	0.01116767	0.01065242	0.002723113
0.005085104	0.01531643
0.008382412	0.05302787	0.001242932	0.005199518	0.009534436	0.003246979
0.007714507
0.00164144	0.004042901
0.004222807
0.004034251	0.007319076
0.003766577	0.007326693	0.02357298	0.006022667	0.001074345
0.01118838	0.002138231
0.03557952	0.01105627
0.04514228	0.008500367
0.0007299224	0.002244851	0.003877058	0.0162904
0.02677649	0.001213438
0.04085183	0.003798554	0.001869925
0.01119629	0.02342701	0.01003936
0.007030877
0.01066883	0.01264036
0.037014	0.004756828	0.005252672	0.0009670321
0.02538903	0.002521821
0.007471327	0.005259528	0.006633752
0.08845037	0.04287145	0.06375385	0.01749388
0.003565735	0.0006917327	0.01078264
0.01200092	0.00834642	0.05537647	0.01445421	0.01138153	0.01279989
0.0006593185	0.001088673	0.001979786	0.03487802
0.01757012	0.01026027
0.01060138
0.003057707	0.0004084734	0.005120812
0.001312793	0.03264222	0.00576614
0.03017321	0.01224875	0.005960024
0.03000525	0.01338243	0.008791264	0.004370507	0.0008970095
0.00799791	0.0005662432	0.0005697468
0.01621198	0.001901194	0.02860377
0.005956825
0.01500986	0.007399276	0.01654584	0.01230593	0.01909457
0.01596732	0.00668546	0.004957761
0.008185569	0.01644932
0.009317458	0.00154179	0.0006721187
0.001066033	0.005718351
0.01352306	0.02433433	0.00511593	0.01809585
0.002235018	0.02808938	0.0115084	0.02268569
0.004317042	0.05267916	0.001847541	0.00544307
0.005891181	0.02133904	0.002079591	0.0016926	0.03920089
0.01956291	0.02424459	0.009556581	0.003855173
0.01336925	0.008877151	0.002125241	0.02127361
0.3104318	0.0006876532	0.006491265	0.02500722	0.0005354396
0.002255753	0.01185455	0.004764309	0.1296244	0.002023399	0.01480175
0.003527904	0.001993073	0.01904716	0.1087483
0.01734068	0.003484939	0.00120867	0.005949164	0.005663188
0.009478428	0.007914365
0.004140167	0.002515704	0.01939678	0.1339052
0.01488995	0.0006198182	0.00267059
0.05124501	0.009547799	0.007016176
0.02151285	0.08817817	0.01258682	0.01883631	0.02032153
0.004120132	0.007159557	0.007158965
0.000824622
0.008725691	0.04448978
0.009151324	0.007274936
0.004122738
0.01814985	0.008128462
0.01223047
0.04940616	0.00609714	0.03363752	0.007496022	0.003609604
0.009376165	0.01462933
0.006476273	0.003955375	0.05285683	0.03725577
0.00058716	0.01547442
0.01402744	0.00374544	0.001926793	0.04775018	0.002053384
0.003909544	0.01146914	0.01682354	0.09647611
0.08475969	0.00161769	0.003097368	0.006644968
0.003831062	0.001767259	0.001815962
0.00908879	0.002337233
0.01773646	0.01289693
0.008301733	0.02540408	0.21581
0.0222377	0.005822753
0.03534252	0.009221456	0.02176216	0.007219801	0.0219379	0.004860743
0.009533576	0.002961919	0.003522647
0.02055609	0.1309312	0.004903653
0.03181083
0.003192206	0.004065742
0.00596572
0.003923541
0.003057406	0.0104328	0.01667165
0.0128882	0.009440365	0.01787721
0.008305172	0.002574149	0.001493122
0.007877637	0.009836038	0.01721605	0.01827231
0.0012907	0.002074632	0.01036856	0.004875641
0.026815	0.001403665	0.0259501	0.02128925
0.004255957	0.000633532	0.003630652	0.007268791
0.01591056	0.002726375	0.001977519
0.008161958	0.009930922	0.01692911	0.01917413	0.01371461
0.00982848	0.001002157
0.003662906	0.01850352	0.006452273
0.0008326368	0.03055987	0.01276088	0.0432992
0.0006064818	0.02959009	0.06115204	0.01254477	0.006105184
0.01246898	0.005132218	0.04053796
0.01935003	0.03435186	0.004288424	0.01188671	0.01817095	0.02671282
0.007076116	0.003363574
0.008598307	0.04109925
0.0005807975	0.01305105
0.1242579	0.002419048	0.04265229	0.05734269
0.007283341	0.01787834	0.001945041	0.01396492
0.08754011	0.002129437	0.005705973
0.01644782	0.004152505
0.004426775	0.001051829
0.03655048	0.0007969292	0.008959015
0.001034019
0.001040706	0.004813449	0.08381927	0.00597641
0.01312902	0.005106515
0.002731667	0.009516145	0.0518168	0.04791719
0.003831782	0.01094488
0.001708508	0.00140086
0.02321501	0.03930262	0.004168937	0.04468269
0.01923702	0.007050081	0.002939677
0.0007498402
0.01107538	0.004319861
0.03749385	0.01848714	0.003908956
0.003088358
0.04113447	0.03341488	0.02864665	0.00261618	0.006640171	0.01372921
0.006387157	0.007922645	0.02212447
0.006279361	0.03875574
0.6523858	0.008656908	0.02134976
0.01939077	0.003274689
0.01536503
0.01444415	0.01082424	0.004483793
0.01011627	0.01095109	0.04658473
0.005118914
0.004092522	0.004733208	0.001176096
0.04688901	0.02773741	0.03890877
0.00904227	0.02204444
0.00586386	0.002150628
0.003245512	0.006294689
0.03539224	0.0006774932	0.0376425
0.03017772	0.05282305	0.0001561747	0.004129506
0.003054218	0.000589737
0.06027378	0.05599885
0.03423444	0.01942058
0.02578825	0.001240004	0.02305277
0.007802174	0.003393077	0.005206474	0.001111322	0.004017889
0.009131469	0.002459972
0.03758012	0.002465588	0.0004389057
0.02780464	0.0004093018	0.003089628
0.01779557	0.0167332
0.0008987148	0.01197659	0.001656774	0.02089392	0.02981708
0.008800581	0.004368623	0.006998984	0.008352133
0.003039309	0.005407855	0.02051369	0.0411901	0.015553	0.002325222
0.0006016901	0.008715991	0.006670747	0.003028128
0.022264	0.004291516	0.1164636	0.001780928
0.01782726	0.006133205	0.001975783	9.640559e-05
0.003965379	0.05085826
0.003222866	0.002402312
0.003420366	0.01360054	0.001037586	0.004402781
0.01254813	0.0674228
0.003054359
0.02367589
0.006979323	0.002981474
0.005186787	0.01027355	0.001934512
0.004019658	0.002574294
0.0135569	0.008902546	0.003735254	0.01342543
0.01108006	0.005144024	0.008489718
0.0246794	0.002991975	0.0063314
0.003649667	0.005050722
0.004389161	0.0156049	0.002327146	0.00288285	0.007750615
0.002200182	0.004820025	0.004553871	0.07228463
0.006000245	0.001615471	0.001621294	0.02007239
0.01413835
0.08262573	0.003259936	0.0288007
0.01813944	0.008747015	0.0161909
0.04741468	0.2060136	0.007743747	0.01144458	0.001535608
0.0005874297	0.005707707	0.003380774	0.01057487
0.003856233	0.01424831	0.03893439	0.000738845
0.002530944	0.01347198	0.006498897
0.03368532
0.04449091	0.04212105	0.009064628	0.01620241
0.00241701
0.009202459	0.01117408	0.009350295
0.02054376	0.00179889	0.003196793	0.004811712	0.03542073
0.01462027	0.01036191	0.08399277
0.01002746	0.009411844
0.007898768	0.005905577
0.009116327	0.01117668	0.001619466	0.01558914	0.008972295	0.007499101
0.03854844	0.008009497
0.00915111	0.3051543	0.00549992	0.04868014	0.001418791	0.003411764
0.01132243	0.02332831
0.004986815	0.00505981
0.06722784	0.001605017	0.001825419	0.002953203
0.005102981	0.08830005	0.02368095	0.005686726	0.003721208
0.01372721	0.1140296	0.01220207
0.03138566
0.01617965	0.01366539	0.004487796
0.007915483	0.0842495
0.003347759
0.008316701	0.0005503649	0.001026585
0.02399907	0.001247276
0.03411659	0.004538076	0.001859809
0.0534301	0.02458844	0.03688757	0.004197887
0.002490098	0.002247719	0.002018062
0.0217162	8.485162e-05
0.001300155	0.1514037	0.001382456	0.004062306
0.0102441	0.001167685	0.002592589	0.003865309	0.06932087
0.01002941	0.01043179	0.01954816	0.005056963	0.001110509
0.01211794	0.03426834	0.01240637	0.01230274
0.01080997	0.009481316
0.01422992	0.001423139	0.02485097
0.001034489	0.001236635	0.08700275	0.005445499
0.0009514582	0.009658039	0.003078187
0.004930057	0.1347197	0.03073137
0.004743284	0.01339362	0.001137053
0.01311206	0.009848617	0.02252968	0.01126126	0.01382377	0.04356926	0.008474155
0.001579891	0.007764433
0.00411568	0.03303746
0.007597229	0.005947638	0.01006733	0.01260125
0.01299517	0.01301414	0.08936574
0.01156438	0.006767466	0.003969333	0.004322507
0.0004236798	0.001664026
0.03783302	0.002716466
0.01811528	0.008055408	0.0191336	0.007923992
0.003705214	0.003410589	0.01525644
0.00802713	0.0008279802
0.002701502	0.003040001
0.004537072	0.01087054	0.006862309
0.007086591	0.0344917
0.001189454	0.007282347	0.003729151	0.004568539
0.0413108	0.000840665
0.004698177	0.06763804	0.005344589	0.001980087	0.01627771
0.03002879	0.01356304	0.003846777
0.009493436	0.00787299	0.02425807	0.002720875
0.0082357	0.01242424	0.08083184
0.003450154
0.03594246	0.01392034	0.01584689	0.02237675
0.03331715	0.0006323188	0.002579213
0.01090606	0.002157839
0.02299647	0.01093724
0.006486463	0.004536784
0.005084972
0.008547188	0.01777981
0.02457449	0.02502898	0.001286471
0.01977142
0.03423974	0.004134361	0.001456171
0.01807886	0.01291604	0.02270579	0.05220141
0.004032783	0.074204
0.01339441	0.005890105	0.1154778
0.003826956	0.03194267	0.0009885132
0.01108801	0.001362543	0.04040378	0.008321948	0.001506676	0.02102347	0.01176711
0.01196559	0.009428524
0.01361759	0.003320478	0.0456519	0.01904852	0.009593483
0.01277451
0.02863064	0.002935621	0.008008194	0.02730704	0.009389387
0.02715326
0.004921687	0.008290548	0.04936901
0.004549377	0.000678666	0.01357964	0.01543273	0.003476291	0.01240158
0.02605005	0.00955163	0.004683845	0.004010683	0.0244844	0.04889371	0.006462994
0.001154717	0.01767792	0.00205265
0.03113516	0.0009793635	0.004600062	0.001269404	0.0012889	0.001832581	0.00562242
0.0140296	0.004966516
0.002439474	0.01927844	0.001645501	0.00469825	0.01229311
0.006118621
0.04301631	0.009513864
0.01234657	0.03178481
0.009739241	0.01871664	0.0134327
0.003304813	0.008142715	0.003398214
0.01013461
0.007687605	0.00506639	0.004870646
0.0004933587	0.002955373
0.003603904	0.001800236	0.0005329657	0.05375923	0.02210292	0.003852671
0.006678941	0.001929505	0.04976182	0.0005968636
0.0177264	0.04540624
0.01059367	0.02574295	0.001758409
0.03559673	0.01083644
0.006612881	0.001409548	0.008637999	0.01334279
0.00348871	0.008640239
0.008385399	0.004092828	0.01319584	0.003460628	0.00178248
0.03218883	0.001562045	0.02919876	0.009886025	0.02217889
0.02886547	0.008088258	0.007178251	0.0003723576	0.005390909
0.002378828
0.0009308922	0.01928803	0.009102445	0.01109317
0.003987371	0.005196267	0.05385216	0.001353885
0.001958062	0.008032705
0.00766177	0.01002738	0.03392648	0.2034683	0.0387861	0.03989652	0.1253226
0.01138499	0.006448322	0.002187576	0.01499708
0.007718209	0.01119836	0.01271228	0.002495152	0.04664145
0.002165038	0.01517802	0.008314078	0.02055304
0.005032108	0.004736579
0.02140998	0.01056521
0.01422541	0.0115436
0.003508434	0.0008881975
0.02743603
0.01664655	0.0007859128	0.001179541	0.02256729
0.002461097	0.03094431
0.005534442	0.1018292	0.01264651	0.01406725	0.004692197
0.0005036355	0.003120615	0.005621922	0.004554225
0.005758362	0.004352837
0.003467876	0.005911615	0.03600276	0.02406238	0.02325033
0.007859181
0.002707448	0.01195312	0.01076204
0.002422054
0.02619334	0.01627894	0.01491158	0.02509199
0.001650027	0.01014896	0.003371176
0.005449146	0.02309392	0.00614765
0.07523484	0.0007236064	0.0415935	0.00889793
0.01252203	0.0004764147	0.08133404
0.004155247	0.003793899	0.007331722
0.003794194	0.01393588	0.03295625
0.002274058	0.03019741
0.003283719	0.01518171	0.002024257
0.02248709	0.01828402	0.01013587
0.001357238	0.0007336806	0.01736555	0.009599744	0.004393209
0.003744604	0.0009260555	0.002271963	0.02684087	0.07079897
0.02514613
0.03635063	0.006645096	0.04541973
0.01133915	0.02117434	0.0142499	0.005856209	0.01365545
0.03594573	0.01352052	0.007514114
0.04263473	0.01055776
0.01470684	0.003261033	0.00100259
0.0007646512	0.03613086	0.009645327	0.006061429
0.007848358	0.02011704	0.009435548	0.003660242	0.01388572
0.004179285	0.003332252	0.01205559
0.2046761	0.004203448	0.0256133	0.001649567	0.02632962
0.007836593	0.009077622
0.01931471	0.007977249
0.0002310474
0.008124418	0.004029872
0.02011688	0.001701671	0.01128779	0.01745821	0.005054498
0.09400924	0.07946833	0.01436772
0.01087522
0.01974027	0.001814082
0.02200118	0.01900502	0.00172487
0.01303663	0.002664666
0.01353966	0.008692993	0.01931321
0.06636705	0.007986785	0.003946712	0.001905072	0.02554775	0.005577269
0.003371469
0.008231469	0.01294883	0.002126913	0.01635663
0.02376042	0.001320781	0.004832492	0.03660907	0.00252458	0.01024414
0.007210816	0.002149665	0.001800957	0.01240907
0.006813234	0.02656319	0.02024434
0.004875081	0.001599972	0.001273489	0.0008384908	0.01237056
0.02614593	0.005651153
0.01115392	0.04299588	0.0156075	0.002766076	0.006398823	0.004734736
0.008683359	0.009188509	0.01737459	0.006227296
0.04091546	0.002787641	0.009804525
0.07067334	0.02736719	0.002789651	0.003488286
0.007546314	0.03822463	0.01007823	0.03417835
0.04312225	0.03295962	0.03452839
0.008771816	0.008067702	0.01236994
0.005352174	0.1057336	0.01597947	0.01672431
0.004814816	0.00189995
0.02218989	0.002044996	0.02943798	0.007800079
0.01099203	0.01212686
0.00295514	0.001812478	0.001691811	0.002783412
0.004113678	0.008877916	0.05174063
0.1319066	0.002265868
0.0352475	0.01558062	0.004960208
0.01887495	0.006043158
0.003113954	0.004624792	0.02449225
0.0579186	0.003903349	0.04140745
0.002834642	0.04580992	0.006624912
0.007304379
0.004704039	0.006123504	0.004644921	0.01507915	0.00135682	0.008111316
0.0006070668	0.00163652	0.06228268	0.008950193
0.01933772	0.006206523
0.001902333	0.006513514	0.006892613
0.04174946	0.001066751	0.0004952134
0.001133083	0.04137595	0.0613209	0.04421444	0.02522423
0.007872122	0.01548445	0.04521067	0.01387655	0.02581659	0.002274925
0.01054843	0.001735657	0.024868
0.02919661	0.008898191	0.004791164	0.001287474
0.004223561
0.008406139
0.002590207	0.002321368
0.02367218	0.004397515	0.0006764387	0.03892836	0.001751675
0.1406717	0.003607471
0.007681555	0.01763794	0.128508	0.003882067	0.02404054
0.001806743
0.02969374	0.01664018	0.007436071	0.002961653	0.002808007
0.0025335
0.008064201	0.009631581	0.003543821	0.01037046
0.005036067	0.005885764	0.04359813	0.03617892	0.01530264	0.03326447
0.006026378	0.007165019
0.0255222	0.01566469
0.08223498	0.00117235
0.1484809	0.003161283
0.01130039	0.02016308	0.01464751	0.0008654546
0.1347814	0.002823584
0.001091579	0.002070497	0.001483253	0.002413315
0.01279076	0.001348784	0.01015447
0.00545319
0.06494851	0.003572619	0.07203699	0.01302797	0.01288624	0.02284371	0.01995973
0.06064391	0.1928934	0.03382339	0.1230153	0.0150898	0.04413183
0.002379116	0.01062787
0.001645769
0.02270437
0.02254354	0.007114354	0.02008793
0.0552389	0.005499806	0.004328007	0.006064357
0.03179318	0.006688028	0.01889573
0.03802705	0.03752374	0.006997978	0.001016102	0.006123435
0.007080495	0.002124523	0.005961783
0.015364
0.04820905	0.01184548	0.003037663	0.0003057131	0.03353652
0.1612693	0.01281846
0.0009910279	0.008410745	0.002089432
0.05200556	0.4300799	0.1119122	0.006398918
0.005556934	0.002300136	0.003155845
0.02713285	0.0108263
0.0150769
0.01832714	0.001765564	0.003195544
0.01202898	0.0006898243	0.05263718
0.003520517
0.003036246	0.001345792	0.0227509	0.004776864
0.009507826	0.0006048785
0.02351536	0.03386206
0.01440097	0.01594335
0.1214121	0.002911429	0.003592919
0.002970111	0.002646431	0.006906781
0.03239378	0.004106712
0.0293233	0.006133493
0.01060284	0.002064848	0.003981238
0.01125995	0.0007817488	0.01475817
0.02376628	0.01291132	0.01335396
0.01617184	0.001554318	0.01332701	0.113456	0.01819354
0.01125338	0.02489239	0.00724315	0.003982222	0.002228033	0.02381481
0.004539117	0.00497151	0.002522466
0.01053844	0.00631388	0.005352592	0.05285793	0.004340466	0.004254663
0.001177047	0.01169327	0.007383363
0.08389662	0.005145694	0.002585325
0.05082814	0.0005072544	0.006176551	0.01728226	0.007538268
0.01910547	0.00092891
0.01565282	0.007848279
0.0005521967	0.008138352	0.0176346
0.0008950986	0.01269046
0.01307154	0.00598243	0.03886438
0.0470161	0.00232902	0.009274089
0.02080646	0.002854363
0.002834265	0.01392801	0.007048659	0.0006347123
0.006025605	0.003685728
0.02039702	0.001046653
0.07888035	0.007603365
0.0205714	0.00943658
0.03857329	0.004326802	0.004725442	0.006764111
0.01091892	0.001995761	0.01513279	0.009646839	0.01222687
0.005430572	0.01989385
0.009270013	0.004163796	0.01375198
0.01415461	0.02104209	0.01256767	0.004719993
0.003357176
0.01449218	0.000923577
0.0754424	0.01940186	0.002840602	0.01580219
0.006579034
0.001208815	0.002425473	0.07486083
0.02642763	0.007449596	0.00512179
0.005531687
0.01501868	0.01070536
0.002080398	0.001652823
0.002274965
0.1062044	0.004076098	0.002639431
0.009998045	0.05736747	0.001968723	0.003183418	0.009897463
0.03520262	0.09470098	0.01910149
0.007620203	0.002366151	0.02460896
0.03743996
0.01732594	0.001737788
0.003973391	0.002894219	0.003434124	0.07510815	0.005797586
0.008815935	0.01054562	0.01154546	0.02783169	0.01507588	0.1837752
0.02742088	0.0122943
0.002556577	0.01154825	0.007684373	0.004434189
0.00210943	0.002634004	0.01114007
0.003651246	0.04910505	0.0003438049	0.006359456	0.008057896	0.00517161
0.02515621	0.007097994
0.02256864	0.01102507
0.03089344	0.001494065	0.01889788	0.023689
0.02659544	0.005929031	0.01263063
0.003171508	0.01095826
0.009562898	0.0005050928
0.006573084	0.06139421
0.002974187	0.006295478	0.009276124
0.02192451	0.004135902	0.009165174
0.001076878	0.003706034
0.01815663	0.00407191	0.00187176
0.01365832	0.05223001	0.002164401	0.01357019	0.004920857
0.005880049	0.03671385	0.07664366
0.008972616
0.01679986	0.02305853
0.01151233	0.01246193	0.00207128
0.02168028	0.0005080512	0.008188297	0.002527354
0.002855395
0.01016975	0.01377893
0.04802386	0.03817957	0.003804185	0.02909743	0.00387804
0.01122482	0.0231034	0.00144046	0.006405166
0.006140807	0.02876397	0.01316755
0.01436709	0.006684422
0.05188969	0.005650988	0.01476722	0.00785927	0.005900657
0.001899159	0.003182892	0.004341296
0.01664242	0.002774571
0.00377131	0.02361553	0.01084297
0.003314615	0.0009428059
0.03060313	0.01400915
0.0127858
0.1904687	0.00280379	0.129963	0.01787853
0.002423531	0.03476719
0.004806387
0.07790526	0.004469391	0.006132924	0.02322087	0.01060418
0.01865564	0.01912651
0.08623542	0.07617287
0.03254194	0.00529423
0.1181515	0.01439427
0.1012596	0.01809786	0.04870922
0.02401851	0.002112104	0.004840843
0.00514637
0.05922377	0.004683696
0.003201551	0.002674341	0.01753141	0.03444416
0.01060757
0.005797132
0.01421949	0.01509852	0.02584857
0.008858866	0.004017621	0.03906912	0.02690216
0.01348151
0.002481784	0.01260776	0.0051805	0.01679321
0.008271509	0.03552267	0.00372967
0.0201308	0.04805318
0.02517579	0.4736062	0.002884061	0.002504775	0.003393275
0.1319137	0.02834299	0.02011937	0.04327093
0.009689135	0.004993585	0.007727077
0.05979514	0.006409113	0.01106428
0.005539795	0.001223201
0.0007079833	0.01725268	0.002418728	0.003289249
0.1182773	0.003620045
0.05244183	0.003349843	0.002665754
0.004934999
0.03577321	0.00997431
0.04522182	0.02101365	0.004412201	0.002511186
0.001420645	0.01155964
0.005089294
0.04983731	0.0002192639	0.0008464043	0.022586
0.001841985
0.0003105841	0.001054089	0.01221531	0.01869592	0.001467384	0.001410032
0.00260676	0.002825151	0.005182555	0.009291458	0.03174209
0.002073607	0.01135325
0.01102564	0.0302596	0.0006548215	0.00739283
0.0390007	0.01125383
0.01209684	0.02597551	0.007520712	0.001957574
0.02330378
0.06079255	0.005689007	0.003904306	0.01481169	0.01704941	0.02004567	0.006598999
0.002903632	0.007657721	0.0138811	0.07115676
0.007294195	0.02109656	0.009119337	0.007186837
0.002123606	0.00110676	0.001513885	0.01624548	0.0007471163
0.005378979
0.007840978	0.01456901
0.03196503	0.008594914	0.01153269
0.0002567239	0.0140126	0.00307152
0.001242904	0.02635676	0.01580803
0.005202143	0.01334566	0.01057224	0.005554912	0.07109174
0.01098809	0.01364102	0.002096368	0.002826132
0.002123895
0.0682732	0.004223362	0.00600687	0.08929504	0.01224744	0.001359139
0.005551388	0.0114076	0.007477047	0.006673394
0.02324092	0.03660874
0.009441255	0.001184324	0.002176334	0.008682959	0.02175471	0.02484951	0.006689024
0.01343627	0.02926693
0.00603335	0.001558346	0.009167407	0.0323778
0.02220205	0.0154966	0.0597179	0.02616737	0.01655448	0.00544597
0.009641762
0.05852306	0.006812495	0.000668281	0.05145461
0.002887133
0.000292478	0.02292711
0.001610356	0.03365993
0.006104179
0.03761072	0.005585387
0.0282741	0.00587547
0.002943344	0.009264308	0.001517738
0.02235212	0.03330009
0.002322972	0.05298341
0.001244466	0.00181173
0.05244805	0.003343576	0.008455297
0.004482755	0.01720289	0.007993909	0.02284739	0.03553409	0.006270617	0.01533462
0.009195356	0.006596016	0.01926346	0.002668324
0.02545752	0.003902645	0.1018776
0.003244508	0.001174352	0.02539312
0.007400647	0.006141813	0.00345872	0.01729714
0.001881197	0.01043365
0.003373924	0.01482023	0.002070859	0.01838731
0.02443234	0.02088192
0.003680923	0.005282215	0.01119705
0.002373834	0.01175007	0.0421073	0.0006425615	0.002529721
0.08636259	0.02671311
0.007185077	0.02102704	0.008326756	0.01953127
0.2892891	0.01037443
0.001410366
0.04254492
0.01852243	0.00127843
0.02209415	0.009941459	0.01050742	0.05531794
0.00332819	0.001944838	0.002406381	0.08082612
0.01821317	0.04242056
0.0007192505	0.01132647
0.01915799	0.003082762
0.001761648	0.05089345	0.0005113766	0.004357302	0.02122925
0.01171909	0.0408599	0.01687284	0.01851449
0.001763659	0.02215111	0.004860637
0.01641446	0.009951092	0.01736544
0.003297304	0.0003915367	0.01384781
0.002501293	0.008263322	0.1500086	0.02737631
0.01966029	0.001526838	0.001970527	0.002101311
0.01191449	0.0005904755	0.01456444	0.01184916
0.005969475	0.0007442925	0.2228721	0.01182628
0.0001510712	0.00538872
0.001198448
0.007515972	0.04341663	0.003105524
0.08167868	0.01674643	0.04859091
0.008887326	0.01478918
0.01244963	0.003068163	0.0140834
0.004746086	0.0003327388	0.00610879
0.009785871	0.003878439	0.02336316	0.0006987747
0.0388693	0.002777591	0.004650788
0.006551676
0.03741674	0.04235406	0.00730056	0.008461307
0.06536703
0.0004171275	0.01540862
0.00330814	0.03034139	0.002660699
0.01660497	0.003015823	0.0009346566	0.01037017	0.03415864
0.005132027
0.001720653	0.003302877	0.01205134
0.1377214	0.0166636
0.000414234
0.005156046	0.001712573	0.003470862	0.0006390235	0.05776989	0.006041586
0.03055671	0.01575299	0.01040132
0.00345066	0.03192053
0.005706664
0.003929482
0.01121493
0.01425539	0.05265793	0.002246944	0.005772201	0.002343461
0.007803309
0.003115633	0.1335547
0.06378128	0.01329551	0.01176568
0.01402317
0.01293682	0.05191426	0.003483779	0.0496457
0.003290459
0.0006920032	0.001245025	0.0210129	0.02732629
0.03033324	0.02961575	0.1104712
0.0234646	0.01188428	0.03580433	0.001839485
0.01000245	0.008367417
0.0005700461
0.02997353	0.005092575	0.004464714
0.04982098	0.02150874	0.01080648
0.009949655
0.05687917	0.001587325
0.02031452	0.0002761118	0.0117382	0.004149103	0.004013845
0.0008382905	0.003829309	0.008046403	0.004845062	0.04844233
0.01656501
0.04743096	0.04197877
0.02071776	0.004493422	0.02175061	0.006073758
0.07341037	0.01182565
0.01319223	0.004195527	0.0002123372
0.05891249	0.003548677	0.03699187
0.01459155	0.03834935	0.02208145	0.01383375	0.003315932	0.005412472
0.002444904	0.004672732
0.005862309
0.006940719	0.005151736	0.02929126	0.02183284
0.01803601	0.004054261
0.001394671	0.00573724
0.006626874
0.006412	0.02072382	0.2064313	0.03234373
0.04981072	0.0004281493	0.008581328
0.02260174	0.003582622
0.06970189	0.01519087
0.0007781134
0.002889896	0.002949856	0.04837199
0.0009887598
0.1041749	0.001415452	0.07127762
0.0152385	0.00572689
0.001336862	0.02853405	0.01655562	0.01749635	0.006229052	0.007284034	0.003675753
0.03132005
0.001895255	0.01126242
0.00809366	0.01427727
0.02919888	0.002431834	0.0326142	0.01112437
0.008947143	0.009190977
0.07226637	0.01519772	0.03261988
0.006604499	0.01235472	0.652277
0.01092085	0.001917905
0.03166677	0.01914054	0.003299739
0.003158583	0.003188658	0.03644463
0.004758643	0.01846931	0.002527381
0.002073744	0.01593326	0.04042908	0.004246518	0.002954779	0.03502071
0.001913691	0.01075482	0.01234848	0.01520331
0.07742075	0.01597801
0.002186917	0.2683773	0.003515935
0.0153104	0.003785525	0.002923092	0.002585074
0.01397886	0.005742894	0.02117272	0.002924232	0.009570474
0.01895793	0.03193504	0.011469	0.01023069	0.005653973	0.006636778
0.02684188
0.00271541	0.01489755
0.001447872
0.1057068	0.01032809
0.02552428	0.004034507	0.01531584	0.01636195
0.1216635	0.01520389	0.0007590229	0.002256136
0.000760697	0.001440267
0.05142582	0.0009524895
0.0205065	0.00429838
0.002035257
0.01109809	0.005216054	0.02429786	0.003393535	0.01253018
0.09438898	0.004714836	0.01336468
0.04525131	0.01561205	0.02324558	0.01384211
0.009732523	0.004034442
0.014218	0.01182354	0.003342453
0.002113456	0.01467444	0.003781681	0.01133743	0.006400605	0.0005972633
0.001762834	0.006487736	0.008532404	0.001681539
0.002443402	0.0007388246
0.02749577	0.02664349	0.02324285
0.02522381	0.006770151
0.03585253	0.003150704	0.05820754	0.0009487357	0.03223016
0.01124666	0.01343006
0.01296658	0.008413	0.007076639	0.0262507
0.0007611751
0.00408976	0.002565471
0.004048747	0.8038331	0.003922673
0.004498706	0.008046842	0.002711862
0.00397963
0.02024449	0.008385804	0.002120948	0.005061849
0.004913522	0.01308217
0.003066637	0.01514416	0.02256804
0.01473584	0.006188663
0.2140978	0.06268542	0.0001517952
0.00944905	0.006413438	0.02282852	0.01029464
0.02446401	0.07646894	0.001554979	0.04230048	0.001008256	0.04458471
0.0003379648	0.001594373	0.04723774	0.004185233	0.07537271
0.01432742	0.03139776	0.02525897
0.02409469	0.003533196	0.003359061	0.001170832
0.01216015	0.001158922	0.06055249
0.03377235	0.007100237
0.0007587282	0.01677284
0.001281339	0.002568088	0.001943863
0.01536398	0.001075172
0.0339178	0.2920318	0.00931768	0.002995529
0.006306251	0.01947805
0.01128587	0.002353529	0.04262827	0.01777072	0.006721767	0.006411057	0.03102041
0.008354514	0.01526885	0.003101554	0.01943703
0.02443886	0.002255902	0.003879282	0.004009674
0.006723322	0.03288758
0.0195831	0.01252301
0.001825001	0.02438093	0.003021284	0.01618027
0.02298658	0.01276763
0.115643	0.06364402	0.006592268	0.0021911	0.1811616	0.01121734
0.001974156	0.0003406455
0.002887291	0.01049168	0.01315418	0.003958139
0.06621324	0.00212724	0.0364956	0.02039548	0.003360441
0.02501716	0.01841184
0.009059927	0.003335362
0.001149562	0.001071613	0.02391792	0.03753389	0.02848773
0.002165717	0.06457813	0.03156819
0.01293499	0.01306984	0.006476986
0.01784434	0.001896368
0.005911848	0.0003827057
0.003729262	0.05198916	0.00834009	0.02900309
0.001327096
0.004295297
0.02304113	0.003634471
0.0136865	0.004303833
0.0007018567	0.01579281	0.08003606	0.000536752
0.0134754	0.08492265	0.0008796604
0.008645852
0.0003280292	0.02288051	0.01568568	0.01622063	0.01586855
0.003013218	0.005702267	0.01961106	0.00634355	0.04318717
0.003112987
0.001681227	0.003368873	0.01229153	0.07174275	0.006091354
0.03938261	0.01307926	0.007735845	0.1050386	0.006151667
0.0143359	0.005563553
0.006800986	0.02763488	0.01271223	0.03518068
0.01135683	0.003438688	0.02420705	0.04647682
0.006744602	0.002006368	0.03623063	0.02044957	0.03614259	0.002069376	0.01300798
0.06532804	0.04916617
0.002511703	0.02276208	0.2262935
0.007167018	0.00429357	0.01717724	0.0131199
0.002193638
0.01538476	0.0006475946
0.01516556	0.01981439	0.003261274	0.01993482
0.06110047	0.1194392	0.003706717	0.007425447	0.03595305	0.003609584	0.005580942
0.0006440318	0.002946814	0.00196882
0.008216904	0.004622816	0.02468803
0.005498465	0.00777975	0.002077257	0.03131349
0.006584744	0.01342658	0.1709234	0.02257613	0.002239327
0.01922426	0.005274408	0.00149293
0.002128727	0.001994611	0.03891396	0.003493742	0.0147646
0.001873945	0.0006128507	0.002591217
0.0006561752	0.01084647
0.01526619	0.02410921	0.003186249	0.0179088
0.01110409	0.08407605	0.008545511	0.01089315	0.004607314
0.03622901	0.002715619	0.006786784	0.02431604	0.00140806	0.003982607
0.02787999	0.008000292	0.007655643
0.001071408	0.01076115	0.005924461
0.01430056	0.001300654	0.001568745	0.005664654
0.00107978	0.02096286
0.04199165	0.003851879
0.007607448	0.002080941
0.01906881	0.006763408
0.01328238	0.005321699	0.007999407
0.01883986	0.01686573	0.01973874	0.02677824	0.03163154	0.006836886
0.01943779	0.00061478	0.01117139
0.01237511
0.01438927	0.04192512	0.01811116	0.001674118	0.01565523	0.002957556	0.007388571
0.004988853	0.01121391
0.02108116
0.02673677	0.002280635
0.00534322
0.01038073	0.0020401	0.008861603
0.0044455	0.02438851
0.00762342	0.03233152	0.01295533	0.001337322
0.0005856893	0.004447096
0.01382003	0.01396967	0.005969397	0.002988906	0.0008965939
0.003315624
0.1118238	0.001581586
