ExtinctionRateChangeTimes
12.29062	14.59778


14.53542	2.393777
24.86515

8.241416	17.10612
17.40016	3.965863
7.182065
4.548129	4.321212	1.643459
11.09852	23.52557	7.955735	15.30316
11.79034	11.76516
17.50115	2.706834	24.73841
7.789466
19.78225	12.69693	14.00992
23.99501
11.44715


17.99778	6.053456	0.9318329

24.09968	2.25697	3.156146
6.411285	0.7236142	21.82584
18.44497
2.980383
1.293167	12.38653
20.27269
15.29966	3.451062
4.622421	1.87449


7.506473
12.57049	13.76965	1.935019
23.39398

14.68932	9.32915
0.9093099
19.44846
0.3472766
7.286892	17.23927	2.044459
15.36133	20.10283	19.891
10.49768	21.91776

12.78762	18.98831
22.97999
5.764377
7.142633
19.48709	21.86157
14.44021	9.636181
23.36378	23.74622
16.12709
5.077082

19.35018	16.01459
1.448796	17.60177
6.175826	0.4871564	22.47874
15.03307	22.15137
20.65141
9.428805
23.38333	15.46304


19.03254	23.92408
16.0536	10.38717	7.971863
18.84387	9.085845	3.194373

9.273645
0.6058266
1.34451
8.252116
23.75846	19.71014	18.16077	4.891072	19.25326
18.03104	4.486309	4.112976	17.58512	5.265013

16.28034	22.76973
2.277801	7.582738
24.47688	12.88777	9.244763
24.45613
21.61355
18.50613	6.178514	20.49528
20.67923	2.190334	1.093853
0.1663989	8.900213	8.8616	7.001677	13.78508	5.779026	16.88574
2.18211	18.15341	13.03021
5.097606	4.401779	12.96919
17.87328
12.17416	5.637289
24.90925	17.31738
5.72429	15.03615	2.046378
4.562107	2.375942	20.43118	7.357058
6.530734	1.780506
10.81177

9.271589	19.92253	16.0968
3.647857	12.76229	4.806645	23.95836
8.200698	3.816593	23.95276
21.41318	12.61097
18.10747	20.41484	21.05668	11.11369

13.97521	1.505521


16.18411	15.19939	12.02957

9.131677

14.29451	4.730436
2.669922
24.53074	22.34456
15.67479	12.31465

20.46343	19.43569	16.56327	11.01526
10.38889	3.707031
6.454758	15.98907
17.24954
2.18163	21.01986
17.87677

19.97754
16.70918	13.361	4.686862	7.766264	20.2215	9.089598	23.20695
24.89552
18.3406	8.674091

8.185389
17.33403
7.511252	24.82163
11.93348	24.64715	6.127262
19.86736	12.84812
10.36699	2.478166
7.300789	1.920859
9.961218	9.686143

7.468173	17.64145

12.7435
24.97179	1.599299
23.20032	15.86206
24.60432	18.1648	20.14211	5.301727
18.08061	14.1712	11.71443
5.798607	4.534616
13.19834	9.573458
3.182993	6.313267	12.34283	21.46381	11.27635
12.71565	7.383813
4.167141
10.24357	21.6892	10.84438	4.783548
17.83956
5.569139
18.36512	6.486916
0.1258141	22.38233
23.41271
0.005639533	11.4917	2.357146
7.712797	6.126838	21.30744
4.921291	5.045084


2.332261
18.81912	17.33583	5.765819	10.56042

12.44322	14.29815	11.99484

13.00597	2.485178
0.4873918	20.8175	2.433235
3.784699
13.34322	10.21137
3.715318	3.282379
20.04077	2.089847	23.44014	5.122792
3.180321	7.159398

22.4401

7.582902
4.971523	3.258537

9.019662	15.92401
12.13674	19.99963
8.642975
3.357373	8.375002
21.24316
0.7849287

16.20773	6.0872

4.619281	13.72655	3.06343	22.21186
17.9939	20.7781	19.56161	9.86275	1.382955
8.021039
18.96211	5.019959
11.33286	0.6422386

0.639841
0.5497211	20.72716
6.802444
4.062092	23.47822	19.36899	12.02819	13.72383
11.90698	13.89285
3.840807	0.7554349	3.100822
15.88031
6.347815	5.564163	1.792993	24.9809	3.975554	20.67316	10.53654
14.30676	14.78397	17.28174
8.085745	3.33764	19.64418
16.97525	6.149578	11.28917	18.05103
18.61317	1.931938	4.770701	22.85187	22.68626
10.08218	24.47417
13.66833
22.08155	16.28539

14.88294	9.459852	7.115271	6.38112
19.7686	12.30923
22.30859	14.45202	9.844409	0.5662172
8.957792
19.54145	1.996094	1.529243
11.65401

20.37427	10.24969	14.24384

1.082114
16.79216	4.722979


23.31851	3.376378	10.01392	24.80154

11.34873
10.2202	3.846332
19.0562
22.00616	23.69348
11.17936

9.41427	0.7046815	5.896922

4.744592	8.911601	4.852498	8.336446	2.996864	19.36647
18.41545	12.20257	16.62074
23.73091	14.27971	8.638004
1.120402	17.92754	3.278044

0.9688139	11.44604
20.44795	10.6892
18.23822	14.89977	0.3475433
24.83373	16.63792	9.42041	17.93018
20.57356	4.527525	0.5489493	11.90368
13.37868	5.58719	15.23807	2.033846	14.11991
20.23736
22.23419	11.31555	9.126191
7.548353
6.990291	16.29284	4.789534	7.914885
17.65412
24.44513	4.454913	4.737726

13.52189	15.30762	13.65428	17.58088
3.333369
18.6337	17.15104	3.360181
18.16157	10.27906	24.04774
21.64081	21.00203	5.108447
18.80628	0.4345231
6.856322
0.5629573
4.025203	19.72838	14.83336	12.20305
15.00537


16.24022
6.982627	18.46718	13.47409
16.35047	23.57035
15.76433	20.6068

6.109146
12.09359	18.26304	20.93021
5.458191	2.234088
4.555918
22.31992	9.639886	15.67674	14.55122
20.03427	12.55263
7.539946	5.472911
15.44393	21.51467
20.64731
16.4494	6.698246	17.6132	21.4364
9.625533

4.382987	8.975486	10.48491
14.58559
12.63229	8.387424
2.744357
15.15484	10.3734	13.27949
2.349883	12.94771	16.09048	5.618167	0.4859199
13.18378
15.90397
1.482589	3.056642
16.01086	21.99482
3.149925	13.42892	6.046611
7.329574	12.02123

11.8865	7.091576
14.72607
8.387251
15.22711	6.329392	6.239174
24.82128	16.62143

10.35436
3.241946	19.42408

19.00892	14.75477	7.285471	7.055398
5.229859	23.7132	0.9370438	18.02934
10.41615
13.68746	16.60131	18.34583
11.84818
12.72771
19.76633	11.02374
10.69144	18.23221	2.001447
23.89058	19.7198
18.48739	6.48017	11.57238
16.25869


4.281884	19.08229	8.965844	10.18922	16.44
12.27023
13.00633
0.1122797	20.64628	10.1466
20.75684
5.401481	16.58872	9.019381
23.46081	21.65995
17.98784	14.03493	23.6593	5.574418
13.71645	22.39456	4.796902	13.20013	10.32253
13.82052	9.730595
4.66987
7.283704	6.148059
12.25034	22.4912
20.36704	18.14016	7.301258
24.29317	18.80797	21.90785
14.08201	9.654254	18.22642
8.33294
8.570836	13.33931	9.727095	9.701908
15.9873	2.345815	7.376561	16.40166
4.894999	14.15231	11.18853	24.07822
1.933651	17.38924
10.44226
20.48841	9.184798
15.65519	15.61424	1.659359
10.69147	15.60656	4.786771
11.00527	15.74067	15.30884

12.53401
19.75003	11.17941	24.78782	14.90245
0.4417871

10.9357	20.15407
19.88559
1.490033	13.36537
5.954619	14.9268
19.87057	9.844732	19.76793

18.01317	24.01615
5.376614	0.817421
6.956005
14.02987

2.044848	9.450463
23.61916	18.22281
21.37236	10.12053
18.20035	12.34514	8.055172	15.86607	0.1872762
20.13972

6.98743	3.87632	11.39206	15.66195
10.71884	21.96794	6.209002	21.48911
8.605051	21.80944	8.406164
0.1765012	15.99984	21.15412
18.9513	15.06282	0.1909622
14.02646
20.4438	12.38041
22.5906
1.414386	8.510794	19.39619
22.69535
4.355147	6.699932	4.779996	0.8263494	8.599346	19.20443
18.69179
21.06184
20.35563
9.859819
7.554642	15.19832
6.543636	13.48979	9.562927
11.44405	19.14616	5.056469	10.64721	17.63574
7.574127
0.6161488	20.43882	12.14496

14.6539
20.15921	8.276824	11.33407
24.69784
21.2731
6.24267	21.28881
20.19258	10.7207
9.625329	8.941583	24.72946
6.998729	11.08628
21.17784	0.6946299
14.68186
13.00876	24.27381
14.67051	22.12731	13.6349

10.90534	1.513101	10.05309
3.939172
13.11018	16.31647	4.492733
23.90748	17.24593
19.13945	2.274588	14.13128	1.022688	16.05323
15.84588

18.09594
12.13683
11.45518	10.91349	24.24668	6.078779	3.642146	7.621315	9.925427
8.778279	19.38345	19.71818
23.17964	20.15826	23.2368
3.369978	19.80355	21.96229	2.242445
9.026028
7.689358	21.13278
5.279758

24.24398	0.0284965	22.33819
11.59709	8.853268
11.28561	10.31141

3.052625	15.52921	23.48311
16.38454	9.694699
6.949231	2.173195
3.729119	9.364569	23.19157
5.162605
12.18396
12.28653	12.2874	20.65046
19.1554	16.46174
4.210243	24.53886	2.738165
5.493673	12.56855	7.457923	17.60679	10.3344

5.781907	4.524757

7.888945	18.0634
0.02559121
17.20074	20.63936	2.192808	7.465417	18.89906
20.17643	9.688858	2.613555	13.40628	3.344775
18.69705	14.16102	12.95197

9.070486	0.06281658	6.452649	0.4680124	7.571328
23.23517
1.327568	13.45875	5.54281	15.20408	17.1921

12.65626

16.61572
16.05283	16.73979	0.6805717	21.0415
13.88768
1.36539
14.37344
7.668828	2.056149	5.203597
10.99525
16.82357	10.97122
8.031041	4.552731

19.30484
7.969122	18.4202	18.98677
11.8137
11.47244	5.634593
16.40991	22.72656	19.93903
21.52831	17.92211
18.87409	9.609298	22.51308	16.68964	17.70817
7.476716	23.01122	0.3181735
19.57391

13.15701	8.250991
3.798157	14.35073
19.41747	13.00856
24.30169	8.588109	24.80258	24.05065
12.28847	17.18969
9.363336	5.542476

23.56547	14.30487	3.27229	17.2625
24.14741	12.41078
7.324456
20.6971	6.185136
0.4956317
3.058202	9.206387	19.87106
8.596303	22.47988	16.31271
2.339782	16.05871	15.13348
3.105447	22.30859	2.515104	6.339653
22.36061	15.52591	0.3351691
4.177625	17.16915	12.3142
8.636946	14.91816	4.751498	12.8564
8.415247	13.59641	14.94057	13.54037	17.59583
18.89062	6.188123	12.06396
1.831783	8.168607	6.241675	4.598227
5.334436
4.789332	17.42002	9.081261
6.988792	9.353636
23.20409	20.59541
7.555111	2.161957	5.087203	12.35655
7.237446	21.32922

17.89662
9.887715

17.16391

17.57727	18.41566	2.499227	16.47705
14.75122
6.043645	0.08935628	5.615571
5.338791
3.541127	12.99837	16.71932	18.57988
17.99694	7.906924	24.22976
24.82374	10.64518	22.81308
24.36459	24.25566
2.09948
3.636008
7.229837	4.415154
14.90078
19.83121	17.15582	7.57027	6.32918	14.50528
5.282138	7.436822
11.08226	14.79534

12.44487


17.07694	2.018871
21.17202	7.412133
19.08974	15.03074
3.989811	10.7471	17.85107
17.84906	15.38157	24.50014
5.61075	23.12165	24.85269
21.33721	15.70678	1.732869
16.57839	6.892242
15.92733	21.1002	17.52737	18.06928
22.52945
16.52263	20.44211
2.36704	20.22555	6.627053
4.549535	6.428067	3.596619	2.241266
4.490232	0.8227806
11.812	5.966898	16.23307	2.622482	12.58369
8.124338
11.06733
15.54314
15.15017	19.9387	21.34932
12.79742	6.589753	23.96252
21.48179	5.359602
14.08859
17.99282
24.09518	13.09864

16.42087	11.42093	21.3605
9.49027
20.12391	12.58856	13.98559
18.00366
22.23938
19.14464	6.192194	17.51197
23.12914	14.40894

11.9929
8.697419	18.07403

15.21221	22.49579	17.985	20.73164	14.18577
9.337175	24.90075
13.41537
0.6690909	22.19657
4.00476

22.4299	15.88132
4.606997	11.65523

6.684318	12.52786
15.39762	25.01316
1.440979
18.08474
1.254084
18.2494	4.863323
7.563603	22.6073	9.065981
0.9374936
15.88874
9.188117
20.1833	13.74173
23.23774	6.033843	2.801486	23.12541
20.79841
1.73556	15.72467
20.71051	24.02192
3.249068
11.83212	16.96548	19.85518	3.168117
20.80319	16.86041	23.84513
6.581034	5.753973	20.7763	1.114663	7.980014
9.862759	1.797704	2.436408
18.53965	6.34479	19.84002
8.475712	21.61766	3.208887
1.647704
10.22272
17.22495	22.55929	17.9806
22.64332


21.95331
17.08867	17.16186
9.428209
7.770932	1.303885	6.183515
2.979489	19.95478
1.208304	11.55244
16.16157
11.80941	9.756718	14.2128	19.65466
10.49783	3.985925	10.04379
13.45268	16.57988	21.1169

14.81962	7.947771
13.92361	15.69787
10.89251	18.47327	16.31384	24.66228
15.81959	15.90921	1.818378
6.501831	6.626153	7.16038
7.623793	13.10683

6.545332	21.98591	9.615503

7.527217	11.53417
3.826786	5.68614	12.11789	24.31438
21.47736	14.38195
17.77955
19.86837
0.2312258	8.300813	9.469131	23.48065	3.117893
3.624632
8.323241	6.573971	8.564543	12.17636	16.54823
16.92331
5.092716
9.885231	24.26945	24.94269
16.84405	21.15145	24.68783	12.54842
1.325857	3.052591

4.065112	9.512131
11.30062

4.460995	19.48263
20.19304
1.262126	24.6482
21.68432	20.99303	9.180393
15.76479	23.70885
1.49229
7.645637	13.30296	23.65059
7.163925	15.425	15.07354	6.964271
19.96451	18.28445	1.391842	22.19277
17.37697	1.900822	4.638861
8.012464
4.240852	0.1019489
20.53307	5.957303	14.50968
3.894892	0.6064781
6.741831	21.85301
6.707767	20.54613
12.93705	24.06935	7.947511	18.50618	2.183726	21.37744
24.692
3.088052
15.75042	20.02596	12.72151
2.345095	0.8053598
14.72753	9.481648	21.45195
1.684689
24.87579
5.566919	17.16218	2.190771
18.03995	20.86982
20.33827
5.528727
11.91697	24.31394
7.285309
16.1791	10.03258	4.915389
14.59714
8.861907	0.1733031	19.93839	18.57669
15.65567	5.077806
14.53255	14.24967	19.15795
13.48211	4.165582

12.35058	19.94553	12.96271
8.725367	14.0672
10.15521
14.62755
9.129696

24.38032
6.4548	16.04896

17.165	16.73151
22.4953	16.90179	11.53443
24.89198
8.964414	4.645792
9.214125	12.7476
18.78023	14.06528	23.27522	4.35947	24.48628	16.79535
20.04856
20.48891	7.940243	4.619648	19.61755

1.449781	23.70582	4.281561	22.47211

0.1569469	20.49824
1.663977	20.86034	17.31711	6.088729	18.75844
10.03327	15.26325	1.983362	18.95877	11.94795	11.78271
11.59814	17.36263
7.208473	16.30619	18.72311	21.70273	23.23764	14.60087
10.14845
3.773962	5.61762	18.72049	4.7498

8.681717
20.71526
0.1608521	4.2346
15.66895	14.43321

16.59063	23.93607
24.46848
11.68695	18.79737	6.127497	15.79779	4.592515
22.78088	6.145652	3.588743
22.08198
7.423891	24.3779
16.05717
17.95012	9.078094	4.284499
9.33185
6.973375	11.48091	12.45643	3.184081
14.06821	6.939376	5.778092	10.44337
11.80662	8.588262	11.42417	0.3563729

3.604405	21.77227	4.443303
1.231177	23.89329	1.096584
17.08258
14.73524	20.03751	5.218482	22.02672	5.062339	3.630195
21.28775	1.355172	6.694187
14.44424	16.5611	9.75518	16.70714
6.94442	8.731492	8.639628
3.399784
2.97418
5.458138
2.529463

16.47176	3.959077	20.52778
1.855917
22.99378	17.17795	5.905461	6.718197
19.11003	17.27261	6.694875
4.268456
17.11041	6.985199	11.9766	1.247574

24.42144	17.60255

10.09478	4.192903	13.05067
3.860358	11.92213
6.133686	2.775641
11.52356	4.592387	14.03517
11.51784	5.731039
9.028923	5.827187
13.35083	22.48484
23.31629
0.1711064	9.236884
0.4069284	14.53578
19.39578	4.329788	12.3229	23.20832
20.41099	9.502523	10.74424	11.63905

13.65175	10.04369
1.76237	22.79436	23.3626	6.445562
24.66018	12.20672
9.958805
0.8992179	15.35608
24.18126	4.868216	16.481
14.9228	8.300223	5.8533	0.1377238
8.74831	11.28045
1.383348	5.37518	3.912704	0.4954467
5.478489
15.95425

3.107925
21.9697	16.80134	12.56042	3.564895
15.97303	0.3886244

9.270666
12.86027	6.360522
1.368842
11.24236	2.396927
24.93416	22.66644	11.84193	12.29291	20.39808

23.11328	2.513379	9.380505
5.86521	22.38398	10.03347	5.461145	12.68944
0.1957353	21.9687	19.1254
20.32674	4.142893
1.668477	13.20285	7.991618	14.55031
1.983524
20.75395	5.66811	7.448719	7.50173	10.70157
12.31053	9.169103	12.40524
8.855429	4.66246
16.25103	5.315431	23.60425
21.98496	13.15778	9.478299
24.1369	2.10836
6.396446	11.21403
4.489461	5.449323	21.54609
9.032353
3.072226	0.7389027	18.54819
13.784
22.41941	14.25597	6.693857
12.90318	12.58428
17.8533
5.064617	16.45577
21.20604
12.10974	0.2367299
18.60307	24.84234
6.763913	3.964112

7.049603	0.8596237	8.14191	4.360408	7.583546
20.13854	2.056169	22.93693
23.75562
0.7633771	2.649217
3.447021	9.947111
6.492086	0.2626536	14.19821	1.837662
23.48737	7.342411	2.704066	7.311933	7.264548
11.80789	12.2871
11.15015	11.04665	23.16606


19.82869
0.1466705	0.7571321	5.325328	0.3329705
7.432833
3.423212	11.80081	19.46033	11.69283

18.32152	6.268311	8.872557	23.9349

18.981	17.25425	21.54824
15.47889	1.013301	24.69821	14.69804	22.81322
24.44456
9.198453
18.38031
8.340097
18.50938	18.63	5.343852
14.37458
16.05369	1.077243	9.976926
15.08342	7.495882

21.02864	6.933603	16.00486	5.096961	7.955446	2.609431
7.732045	22.9421	22.16136	14.28401	0.5996029
6.935826


13.25164	23.02888
10.92184	3.430618	8.858782
0.741011	0.009075503
4.234142	7.94897	20.9059	18.38548
17.97404	5.707961

13.68154	6.603908	18.60138	9.233711
2.091899
15.3652	13.42091
14.65257	10.88837	18.30814
22.05765	11.46465
21.40998

5.067298	0.1132014
17.00963	13.92744

9.041273	6.778954	10.28818
21.0661
10.82735
8.071274
9.576184	14.1387
5.347647	21.49709
17.06322
1.516051
1.020705	0.07105586
6.172086	16.35694
20.81273	14.43947
16.51792	20.82428	1.808199	0.9904729
2.904798	5.93127	9.638667	22.48956	12.31453
11.25163	8.66456
15.07101	13.66926	17.17769	24.68428	21.58773
14.69616	6.451975
11.85814	18.46563
22.82704	1.972005	4.062417	11.92927
18.73188
22.91829
2.61621	16.34518
21.2178
15.71409	14.04459
2.984641	22.02771
0.6433777
9.544648	21.83562	15.33297
15.72555
20.47097
15.45116
24.83374
4.523693	22.25155	8.531337
20.70721	14.45362	5.126513	13.95871
0.290168
5.667902	22.71905
5.432276	18.37386	19.24024

2.896926
7.347521	14.48414	8.0309

17.99421	5.392906
20.64399	9.998366

6.424163
22.19399

11.60845	4.581834
20.99566	17.96849	6.846558	22.66889
6.333737	19.52617
0.3398529	23.66108

10.32301
15.3761	5.307255	0.439144	6.942543
12.56631	0.08815656	8.172191	12.96646	24.78889
0.262343
14.82863	20.33063	1.290118
5.196721	3.525547
21.99093	8.293964	3.424332	10.52587	8.335843
5.026849
23.02987
4.523299	18.54457	1.378974
13.84302	21.34307
14.37252
12.24918
9.747419
7.636572	15.74747
0.003241171	23.47705
19.78547
20.27592	16.84629
12.71581	19.20609	4.200915	18.23217
13.36785	4.80486

4.916886
0.4375226	4.58859
15.39648	9.915492	8.192726

17.18999
16.1403	9.828853	13.77408	15.31153
3.066942	24.32364	20.17463
16.31884	24.43531
1.053823
24.53283	17.9863	20.55222	8.328245
21.4818	18.89124
9.829977
7.694492	6.968882
11.94199
21.98298

10.63623	5.657674	16.57475
11.78322

10.94884	0.005798736	10.6379	16.26776
8.782399
0.4357608
17.93714
5.717703
22.95983	20.53168
3.116092	5.711584

11.62521
10.54724	23.52835	13.50586


6.750713	1.833821
11.24291	6.201183	4.702269

23.73496	18.29474	9.109463
3.572219	8.739602
20.32256
10.85311	15.64813	24.58382	6.628353
2.893415	22.04839	24.59583
9.887048	16.2362
6.732346	4.098911
18.08021
15.11485	19.83352	23.41539
8.724109
5.560032	15.81166

11.42842
14.0397	11.71456	2.374648
13.22567

0.1168435	0.3287121	23.18453

6.092979	11.81792	22.28955	18.25196	6.284315
14.7697	23.80548	4.858063	6.139056
7.417038
23.33419	11.95718	11.20776
13.15028
25.00361	14.4291	15.29995

16.81601	17.35617	22.73458	8.791734	1.828724	23.95209
5.260604	15.66099	8.254593
24.45888	20.93393	13.85509
5.79685	2.358573	22.19289	13.908

13.7422
9.830543	16.74158
11.2246	9.381851
5.447867	15.79336
16.61621	7.500232	20.35211	24.13979
14.41598	12.46547	9.203024

3.591037	11.21447	10.38714	24.61533	20.80599
17.96594	19.22885	10.7145
5.382364
20.51514	6.622271	1.554018	7.544928	4.739985	14.22941
21.01858
21.97633	2.702126	8.675102
10.47502	9.221547	7.01726	11.71328	3.296953

1.95128	13.11372	7.601536

11.03581
23.89263

19.17367
17.15864
23.0148	14.28876
9.42617
23.59341
8.91714
11.80215	24.34237
20.01594	8.291087	12.73534	10.22953	1.498165	21.79776
11.79746	6.371743	7.955171
11.56282	1.191358
13.89525	19.30973
2.425822	20.94543	4.847241
11.39003
3.147594	10.55473	23.12223
10.09655
9.478527	2.199253
0.02920017	21.04051	1.288643	18.02139
9.749177
14.62743	21.28655	16.59283
18.407


15.48748
6.952525	3.687575	23.06476
17.75901	9.969916	23.10416
13.43916
21.62243
15.20521
23.86433	14.29605	20.96442	18.07217
23.72602	15.35322	22.35399
24.31072	13.41252
23.47143	12.59669
15.01954	13.88843
15.29746	5.179274	20.12201
5.965746	16.61501	15.50698
7.199726	12.10726	13.45215
6.245075	2.388698	8.764323
22.66051

15.52734	16.49399
11.64409	14.42736
5.70948
22.56181	16.95018
5.301212	20.36329
7.124745	10.18696	20.24941
17.57437	11.27174

3.99385	12.86079	24.36971

12.64353
15.46551	24.73169
6.887062	6.17551	20.80885	10.09088

7.546539	2.315916
1.686614

23.61311	20.45323	4.989888	12.86115	13.12042
12.34346	21.64031
0.07185929



11.01928	14.19211	1.02361	16.61572

23.01485
14.61905	2.970539

4.825132	16.13903	0.4435525

13.63694	16.23874	5.154689
11.68282	24.0943
13.91432	7.377878	12.48199
2.747055

1.660524	15.46185
21.49344	11.37437

3.845799
18.72802	14.74961	19.73442	14.8456
17.96012	8.720591	7.461814	9.241848

4.366871
2.517501	14.03166	7.819498
17.415
18.45808	21.82285
17.04975	1.827386
2.93232	9.921026	21.17678	3.31124	13.39912
18.77674

23.54987	16.09369	16.53306
6.528987
12.94591

10.38986	7.163619	20.16344
2.400739	13.7617
13.54639
3.774483

10.82517	0.1573054

11.78886	10.14932
9.16856
0.00222275	6.751721	1.388283	21.95829	1.580003	19.57501

23.74654
6.565954
3.962895	11.78995	15.38959
18.87716
4.493147	5.895137
0.3367866	0.31289
19.57296
12.2857	3.881111
16.99379	1.481548
10.66604	15.67072
5.173752	22.85444	13.21544	24.58635	20.46745
16.59802	18.42414	2.179664
4.129905
11.83415	18.15073
10.52529	16.64128	5.841875
24.03765	10.31918	9.919078	11.60981
16.25388	2.811034	1.008058	12.0789	23.08832

19.16633

13.12865
15.49328	17.95781	12.39322
8.329397	23.13886	0.075269
1.130165
16.3198
2.986393

1.043906	16.92213	19.96644	6.596451
1.536959	4.449242
13.86341	9.627306	21.91012
2.224477
21.79082	15.03228
15.96808	11.82116	13.42854	17.78294	23.34643
1.99158	9.240697	20.16955
8.92544
3.033664	0.3501693
24.35663
9.458277	23.14895	6.007898	24.13434
17.29033
11.56695	22.82126	19.2522

6.885426
14.37903	15.30481
17.23919	21.74314

2.815752	21.95331	23.46236
7.93173
9.176411	24.91937
22.46609
2.596102	3.652994
14.65835	13.02796	9.435671
9.249433	14.95651	2.810565	3.083512	19.96925
8.770592	1.747608	1.237488	5.213542
19.11502	12.09607
14.35116	21.06524	14.79414
2.616439	0.2342093
6.232011
0.8783199
13.26827	4.779033
20.80699
11.5395	16.86471	3.375421
15.81365
5.871986	11.5442	12.14538	3.863887	14.94634	21.58687
10.28986	10.80324	4.443683
15.68034	2.752121	14.19735
3.818289
2.842338
11.17322	21.6187	7.317763
14.10948
20.43532	20.83137	0.02477625	17.44244	10.77852
16.034
3.815709	8.23778	0.5898152
17.47854	17.15769	23.80893	24.02497
10.31627
22.20757
18.5627	12.32531	17.33641	7.695438
4.658672	15.93957
16.63608	14.38888
15.88781
3.796237
22.67348	9.529286	7.262825


7.130419
17.82245
18.59373	11.2886	2.68572
23.73097	22.61597

13.27234	19.23214	11.6627	2.304537
11.5873	17.83135	18.57555	13.5944

8.528964	24.33068	2.889852	24.76568
8.955314	18.85552	7.519918	17.86896
13.11555
4.744662	0.4753775	16.40293
20.31824	19.80838	20.01303
20.51756	2.616303	14.7019	8.434718	17.39541	22.65109
4.672651
12.78938	3.231468
13.36046	8.451674	10.11877

14.81436
4.048292	23.66573	17.72594
11.43593	9.686825	14.52899	10.21942	19.71548	9.677809
13.72623	17.76855
4.178644	16.09616
17.678	23.67974	23.94472
20.40799	9.329293	19.90796	17.87996
5.707197	4.002603
15.48486	12.1332	12.0962	8.922147
24.60707	10.61274
19.52314
3.120192	8.925989	15.62278
6.761156	16.92953	20.5732	17.38566
1.479049	8.23326	22.19395	3.785198	3.073681
2.341185	9.658226
5.907659	11.07565
5.489602	7.797662	24.53182
3.877926
18.15804
11.58874
19.57712
4.60265	4.517454
0.07908996	3.411087	4.422727	5.613716	20.041
4.292821	10.0872

11.29402	16.17238	14.88047	4.261289	22.06484	17.40048
5.979291

0.4128316

17.46598	12.71777
8.399787
6.583217	24.80276	15.43581
12.0781
22.82882	7.841823	9.346441	20.36633

16.6907
