MassExtinctionTimes
17.18554
15.25509
18.41092	6.757864
16.22258

17.19429	9.683638	1.892435
18.43327	14.31719
18.31714	15.45518	8.92739
18.06743	16.93947	9.812755
18.47119	17.3033
16.96901	18.42532	4.952638
18.17576	9.561701	14.81041
18.21416
18.42285
17.70676	9.377981
15.4722	16.85738
9.633658	17.63656
17.33783	17.77722
18.3318	16.8111	9.420215	0.5420357
18.19159	6.586716
18.39535
18.00385
18.33719
18.41765
17.87989
16.89294

18.09717	11.42284

14.8678
18.18812
18.47732

14.54857
14.45125	18.43376
15.3453	18.21474	1.397358
18.3852	17.23112
18.51232	17.04584	8.158042
14.98425	18.28648	9.847738	4.074146
14.75127	18.43058	11.40625
18.49514	15.63526	9.408197
18.01968	16.1517	11.31058
17.89799
18.4397	16.94262	9.573432
18.22853	13.85661
16.5906	9.388885
16.84683
17.31521
17.21411	12.07295
17.34164	9.139892
17.95053	10.3383	14.3988
18.47471	15.19618	0.4272935
17.60253
15.71464	8.396256
18.45201	11.66994	1.81173
18.48276	15.01006
16.4945	17.28728	8.655044
18.48141	15.02842	1.238145
16.47899	13.8699
17.13685
15.59138
17.30212
18.1545	0.1307131	15.54227
18.22582	3.925191
12.69275	18.36564

18.11866
15.69872	1.344215
18.42039
18.08435	10.5809
17.37915	16.1588
18.6028	15.40353
18.35375	14.64588	7.591607
18.96199
18.40657	14.97849
17.972
17.08705	18.34231


17.69173
18.22053	4.337333
18.39866	8.538602
18.2911	15.26801
18.40697	16.80092	7.713592
18.46856
14.07945
18.10554
18.29371
18.36443
18.28265	0.6066697

14.70785	9.837753	17.40042
15.38656	18.30314	0.1192168
17.86456
18.40644
11.1471
17.49085

15.1916

16.42153
18.44213	15.55012	9.525875
18.37064	15.13571
17.24109	18.47235
18.20929	9.726039

15.78289	18.26993
18.07703	16.6561
9.548929	17.14989
19.02058	15.04381


11.46572
16.57818	14.71329
18.48603	15.18663
17.74839	14.81333
13.81012	18.45804
18.41772	15.23472	0.09570862
17.88398	15.39695	12.19319
9.381135	18.40216	2.644352
18.18992
18.22442
15.15492
17.66782
18.39846
18.42737
17.16486
18.27606


18.36889
17.91502
17.98685
17.42012
18.44951
16.459
17.45767	18.13815
18.46965
17.32698
8.35304
17.79165


18.39508

16.17409
18.34954
16.55723

17.16097
18.22551	9.944344	4.336153	0.03211042

15.70622
17.11788	14.70375
17.20566
4.222348
17.94174
18.3528	15.5667	10.40896
18.41581	15.37364	12.62189
18.48415	17.34522	8.230117
18.45763	15.37613
17.76654
18.26302
14.52332
17.70186	8.685182
9.091335
18.49525
16.76731
11.46038	17.82449
15.15853	18.00474	0.8101073
17.74677
17.68582

17.99319	15.58225
15.68104	17.81709	0.4650849
14.90718	2.295451
18.35199	0.8504122
8.783492	18.42531

17.22551
8.179374	18.60504
15.25439
18.44998
11.28264
16.94629
17.10081
18.38746
0.3346551	8.797571
16.90394
18.10428
17.11274
18.05702	11.62325	3.603795
18.40099	10.12181	11.58348
18.51893	15.9242	8.666955
18.48465
16.88571
18.44453	11.41562
0.291068
18.1763
18.47514
17.93317	16.95444
18.45524	8.848288
17.19032
18.37941	11.05077
18.18441	14.74898	9.174896
17.28755	9.24246
18.30771	9.93356	15.5937
18.48291
18.38285	15.69316
18.0127	11.96586

18.03518	1.715353
18.46473
18.42963
15.53314	17.8232
15.03231
17.9886	7.732389
17.71005	9.165167
18.3853	11.74093
18.39792	15.56996
18.64511	13.16987
18.40691	9.598607
17.66629
18.32714	17.13613
18.31443	9.141694
16.40805	9.033759
18.39816
18.18495
18.03124
18.46129	15.07967
17.26609	18.25225
18.47793	15.77102
18.66374	0.2190303
16.41051	0.2134847
9.632729	18.56666
18.07116
15.48159	18.35119
16.99629	9.93886
18.08939	14.63317


18.40961
8.776153

16.69154	11.69102
16.90808
11.69977	0.01347079	15.74123
15.3515	8.906473
15.93227


18.25617	15.65536
17.71519
14.7943
18.25598	16.96114
15.08311	18.03823
17.75272
18.12091
18.45909
18.06892	11.09856	14.94313
16.70843
18.2979	14.48704
18.4356	5.962215	14.96441
18.19356	11.59631
18.20497	11.58373	16.73027	7.534908
18.42841	9.824842	1.133788
18.42439	14.97006	0.9719453


0.5351008	9.740595

18.2182
15.04907
17.5941
18.19788	14.39428
18.44828	17.99943
18.26985	12.09334
14.32067	18.46071
18.30775
17.21702
15.43958
15.51239
18.29509	17.15878
18.36797	1.048074
18.08068	0.2730464	7.87198	13.231
12.45888	16.71375
18.34061	16.72489
18.12913
18.84827
17.94898

16.9965
18.45048	17.08922
18.41732

18.23202	9.361246
17.2272	11.41527
17.7617
18.46742
17.43577
18.40972	0.4586048
18.66086	14.90342
18.39802
18.41048
17.74212
18.34326	9.94093
17.32336	1.976347
17.97328
16.61158	3.37962
18.32136	17.92479
18.41854	10.1546


18.44959	8.489416

18.46894	9.095404

18.46207	11.85957
16.98311	18.22965
17.81516
19.01525
16.7478
16.6644	10.15639
17.52744	18.64432	8.168273
12.48766	18.38698
16.91806
17.32747


15.69987
17.19797
16.88437
18.34471
17.95349	6.029828
18.31715
18.28608
17.29712
17.20345	11.01129
19.09524
18.09813
9.744175	17.33617	14.65393
18.31066	9.823552

16.98761
18.38007
18.22655	14.07772
11.35563	16.56252
17.27455

17.99597
11.75774
8.924561	14.84602
15.39053	17.94777
12.11375
15.30373


18.37349	3.737656
17.07237
16.73702	11.68326
18.34783	9.949216	15.61723
17.374	9.234534
2.565598	15.60452	10.73843
18.45927	9.136708
18.37613	9.68733	17.24899
8.742238	18.07864	15.01635	0.3784528	4.208554
18.42155	11.72365
15.70585	17.81801
16.02358	16.9245	11.40031
15.55709	9.399697
18.34299	9.550952
16.49508

18.27954	0.468546
10.40441	15.54566
7.28629
18.44322	9.404026
18.40899
18.3105	12.07545
17.97821
17.02878
17.02061



13.82604
9.035575



9.403956
15.28515
15.60121

18.50339
18.45599	0.8082554
14.30336
17.63613	7.544608
18.42698	16.35942
17.23575
18.39281	0.448316
18.01891
18.40978	16.36686
18.42549	17.17657
18.10472	12.5081	0.1569595
17.27518


18.32874	17.01162
15.54438
17.90375	8.607949
16.75175
17.94591	16.57122
18.44766	11.52288
16.90281	11.07435
18.46936	11.1645
18.19503	8.724161	17.34465
18.41571	13.98317	0.165346
12.40838	18.38475
17.66874	18.23497	8.312659
18.43291	14.05006
17.99312
16.71228	4.814689
18.32998	10.93186	15.25955
17.95979	9.739677
18.43598	9.636914


17.12843
16.93416
14.92048
17.58756	17.13965	11.48338	1.355075
17.18107	18.35415	8.497915
18.39011	9.840738	17.3081	9.680216
18.64618	9.382548
16.35158

12.56781
18.50075
17.3628	10.69114
18.43064	14.52743	5.03832
18.10249
16.6646
17.99383
17.90972	9.932049
18.47811
18.23388	11.43231
15.77392	11.71697
15.91048	17.78581	8.941311
18.16729
15.08988	16.9266
18.36775	9.158639
18.36886	10.33833

17.84788
18.42895
18.72578	14.91028
18.09926
15.73655
18.38321
17.31542	7.784433
8.838322	17.18854	16.35866
18.44098	13.11549	7.880801




18.28209
17.08548
18.65734
18.47591
17.23285
15.72641
18.29717	18.4827
18.24361	10.15471	8.466294	16.82222
18.37642	15.78737
17.09347	15.1679
18.32726	11.97417
18.139	14.34838
17.95483	3.732068
15.01206	18.42281
18.16057
18.41736
18.31723	14.42524

15.56592
18.33806
18.47838
18.44344
16.54172

16.97172	8.980687
14.59121
15.77599

18.48073
18.21227
18.54533
15.42531	4.01668
18.32952
17.69749	11.34156	14.97687
16.62222	14.7232	7.828883



18.458
15.47974
15.69107
18.29959
18.58566
17.52085	17.27842
9.101193

15.46463
17.24664	18.56893
17.27587	11.23201
17.22601	11.71383
15.36198	9.76163
15.46946	7.270043	11.32588
17.23951	9.676404	18.57292
18.36319	9.66837	1.936485
17.95905	16.42425	6.274665
15.47066	18.27251
11.431	18.36489
18.28545	17.11736
16.79822	15.51082
15.87405	18.06636
18.25099
17.23896	0.4177696
14.84796	18.26395
15.06106	18.43286
18.27983	16.99661
17.70724
15.45548
18.45595
11.1514
17.13833
15.46078
14.7425	17.05781
18.32275
17.55315
1.100072

16.70977
18.80016
18.46214
18.0863	8.647845
15.65321	17.30329
0.05893248
18.41517
17.74724
17.40771
17.06964	8.841828
18.3652	14.1582
17.06903
18.40993
18.45718
17.1527
17.68367	9.566683
18.19205	9.132772	13.08495
11.75919	18.23124
18.32603	16.58467	1.734543
17.08893	18.37329	11.58777
18.0558	0.9494073	12.4043
18.24411	9.968469
18.03053
17.33806
18.44729
18.18005
15.1199
17.67501	9.692508	0.378162

18.46723
17.31658
17.87422
18.18935


17.88927	1.166982	5.018332
18.213
18.36421

16.82251

7.821896
18.04333
16.02151	8.969466
18.4036
17.11499
18.33277	10.67939	14.53612
17.55859
17.65932
14.51255
18.19975	6.497772
18.21054
18.48481
18.44159	16.68646	9.790431	0.1025879
18.24598	10.81444
17.34165
17.28135	15.34171
17.33352	0.7770824
12.98171	16.90836
18.46566
16.67792
16.79615	0.5998673
17.93456

18.39586	16.57385
18.29054

10.80863	9.6585
15.79293
17.04924


18.14022

17.96773	1.721709
18.47868	16.91119
18.32823	15.1032
17.90752	9.67944	0.5637511
18.4124	17.23499	10.84822
18.42943	7.600488	15.62442
17.23089	8.98008
9.453385	18.08521	17.43203
18.44043
18.68075	11.54193
17.79316
17.96074
16.64744	4.192776
18.02804	13.8796
17.98734	17.05598	11.28789	0.1472702
15.56771
18.30098
18.19872	9.636099
18.31934	9.112303
16.87638	9.086302

18.66212

18.47259	17.18514
18.18784	9.63968
17.27027	14.73683
18.40229	14.14853
17.94587
16.1347	18.38739


18.06018
18.14625
17.00621
18.4081	1.018226
18.16261	11.26434

14.17327
4.576724
15.73926
14.59786
15.72021	18.01819
17.2148	8.149582

18.5266
18.1908	15.34695
18.24256
18.10911	9.756719	4.079834
18.01888	18.28157	10.66201
18.22853	13.9917	9.509764
18.34971	14.36908
18.42575	1.232041	9.680792
8.259904
17.22446	9.78311
10.79604	18.17938
18.29503	16.36773
15.72127	17.49385	9.624613
18.3791	14.78853
18.46612	15.11649
14.73087	18.46177
18.46134	11.56031
17.22832	9.939145
0.5396069	8.795429
18.05765
18.34358	12.69289
10.61261

18.46485
18.46598
18.28539	17.16507	7.834307
18.17477
15.33609	1.957793
18.08744
18.47838
0.1613032

9.67666
18.44172
18.1531
17.5472	0.5063838
8.25012	18.12306	14.53695
18.48014	9.892187
17.98471
17.73959	9.068425
18.46768	8.841596
8.259754
18.38095
18.28528
15.70505	18.42217	3.559511
14.75243
18.37831	9.405557
18.48051	18.50029	3.944239
17.33385	13.95404
18.06989	11.72522

18.48823	15.03726

15.20441
18.31956	15.43341
18.39342	8.735161
17.2527	18.42073	9.653501
17.63863	15.44695	8.829334
18.16471	9.93888	17.10353
18.41488	14.25346	9.519709
15.69946	18.27658	9.438826	3.526326
18.32577	15.02493	7.437032
18.46282
18.34976	8.033695	16.27716	9.958646
16.88502	9.273603
9.921358	18.24803
17.26552	17.71692	9.242684
17.92843	14.47711	6.500896
18.47522	11.11294	13.80112	3.848462
11.04315
11.70775	16.86508

17.94176	3.293672
18.46324
14.56985	17.52191
17.17664	12.56474
18.34124	0.4612032
18.64187
17.89677	11.47575
17.16033	18.08943	4.305182	12.03855
7.961133	14.85309	18.13744
16.97296	9.733563

18.83916
18.45944
18.39397
16.44988
14.73671

18.1465	3.909769
18.0877	9.848846
17.46592	9.909197
17.79296


18.32139
17.24349	15.07925
14.80039	9.396041
18.50634	14.48096
17.96467	12.29882
18.26375
17.77457	0.1182271

18.05022

18.35663	14.13788
12.65533
17.98118
17.70737
18.31379	11.15264
16.06923	9.416892
15.84658	9.460798	18.42356
17.53156
17.31295
18.28258
18.3634
18.42633	15.63901
16.77716	16.37393
18.01913
14.89478
18.45614	17.16629	8.380123	9.842658
18.46191	9.911776
15.69716	18.3815	8.701803	12.43899
14.84593	18.25128	9.42235
11.77075	18.22033	7.893238
15.4952	18.47587
10.92953	17.50457

18.21267
15.53806
18.05823
16.45154	14.96254
17.70739
17.01619



16.56002
15.15814
16.93128
18.13607	1.251232
17.05185	9.641481
18.36618	14.17231
16.8799
16.99758
17.16832
16.92324

18.38058
18.35
16.93252
18.51986
18.31399
18.55491
18.269	14.24939

18.13918	0.8510898
15.80499
18.56588
17.61703
15.58761	18.09626
18.24144	9.685818


0.1142254	0.1681924	1.758009

18.47602	0.7340842
17.77816	1.868923
18.44937

17.13438
18.30045	14.32785
15.13316
18.35101	11.25412
11.61228
15.77157
18.45137
15.75522	13.02929
17.81686	9.231771
13.38297	18.46154
18.35279	9.19966	15.53551
18.29046
15.69713	18.32558	12.63885
14.73902	17.09999
18.2176	15.61223
18.04438	16.89564
18.39248	15.22641
15.56505	18.12551
18.19967	14.4285
18.23619	14.72662	9.272889
15.77422
17.13094

14.86972
11.0871	0.6209551	1.092055
16.78212	9.762635
18.21242	16.16025

18.44698	12.40368
18.37162


15.76959	0.3260962	17.58831
18.19704
18.4206
17.97789
17.77428	9.346465	15.75551
17.09398	1.933936
18.40059	15.15864
17.68757
18.46916	15.59437

17.15263
11.17828
18.32612	1.417023
16.70999	11.34347
18.29195	14.96003
15.36251
17.91038	15.53971
18.48237
17.07595	16.57984	7.183574
17.81871	8.638374
18.731	11.41897	17.87125
18.62106	11.16486
18.31061	17.29589
16.595

18.4494	8.795428
16.40463
18.93983	9.455689


18.3971
18.09169
18.44703
18.37671
17.59581
18.60199	11.22904
18.46727	17.0191	8.695225
18.38974
17.28813
17.92708	8.663467
18.40345	16.43217
18.30368	16.04438
18.4797	14.96353
18.62156
17.34795
18.06495	15.11731
18.57543
17.14186
18.32313	0.5982874
16.88173	11.71973
18.00872	9.612283
17.88387	17.07045
18.38015	17.54517
18.18813
17.5141
15.63924
18.4299	15.09071
18.41664	0.1780779
17.15276
16.71796
12.28914
14.54955

18.25893	9.358834
18.30475

18.48364	0.5858744
18.405	15.74898
15.76684	16.33569
18.19617

17.93432	14.60107	11.5378
18.18872
17.07024	11.58596
18.09953	14.99562	0.1628822
18.44266	10.92698	15.24975
18.21375	3.247323	9.966769
12.21814	17.70431	15.81956
17.81013
14.66135	17.93617
18.2968
18.3581	11.6379

18.03137
17.47631
18.19536	10.8067
17.21743
18.09412

10.83795
18.37598	9.222813
15.39871
17.79302
18.43186
17.67449	8.410195


17.82305
16.57069
15.76937
17.28484
18.42649

15.75861
18.28045	15.48161
17.62505	14.83105
16.93527	16.28191	0.3724438
18.36058
18.2295	9.109594
18.01265	11.0476
18.28648	15.65247


19.00531

15.80616
15.98732
17.32401
18.46265
18.43483	15.39174	10.96729
8.43653	17.07107	17.60436
18.39492	15.55851
18.45319	9.949482
17.28736
18.44909
15.41946	0.5117437	14.91252
18.30243	12.63829
17.1588	9.793405	18.12551
18.28097
18.10001	15.5699
16.59406
18.41928

16.98725
18.19129	15.45999
18.42604	16.28176
18.2853
16.53475
18.10978	15.59357
16.95204

18.23036	12.5958	8.756838
18.4272
18.48807	17.0431	9.927305
18.29138
14.75361	16.87287	9.125999
18.24872
18.29537	3.747827
10.35797

18.48415	0.4688528	15.6436
17.7336	10.90734	15.21699	3.874182
18.4578	9.560809	15.58463
18.43168	15.51162
15.45238	18.3208
17.10239	15.19188	8.773852
18.04734	14.98748
18.42418	12.19079
18.92145
18.42015
15.12795
0.07950498
18.10479
18.34045	18.36793	8.73007
18.33251	15.45825
18.1845
9.403341	15.14595
15.66939	18.35001	1.549334
17.9293	15.33245
18.26466	9.446116	12.03979
16.87777

11.55542
18.30205
18.48738

18.04936	6.363609
18.19976
16.52821	12.58028	5.062426
17.00667	15.91747	10.95473
18.40878	15.5745
18.18284	15.08578
17.45473	12.20622
18.0187	8.695703	17.9484	3.01585
18.56038	4.69331


17.66206
18.38682
18.08347	0.606845
17.35231
17.79212

15.17893
18.14751
17.218	1.239892
18.29807
18.94007
18.47658
9.459098
18.46253	11.30917	8.692837
17.59631	9.195606	16.0924
18.18299	16.57202	10.25307
17.26506
18.46036
18.43894
18.32289	10.46116
18.4025	11.46559	14.25714
18.23675	10.88245
18.45367	8.878951
17.10284	9.825941
9.317803	17.79038
18.1331	17.25593
17.51468
18.34619	9.371326
18.33673
18.41389	12.60481
18.42305	14.71439
17.98492	9.224646	18.39468
7.496335	19.47303	12.10394
18.42047	15.49614	1.822839
18.49799	15.66483
18.41631
17.69044
17.90154
18.25333
18.49397
16.36099	17.35381
17.32427
16.33266
17.79334	14.9213
18.4047	15.32627
18.30405	16.54335
17.04003





18.23475	15.62302
17.98447	10.00755
11.63205	18.37063
17.96171
18.55682	16.15851
8.600889	16.40689
18.81539	15.67637	4.184495
18.1586	15.39553
18.45106
18.15268
18.40599
15.9584
17.24517
16.89603	10.88425
18.39956
18.25572	7.341977
17.25407	11.7809
18.47753	8.867044
17.06604

14.05916	18.38081


9.493034
17.83545
11.68479

18.33545	11.98717
15.2811
16.96761
18.41386	16.35962	9.657075
16.96496

16.58844
18.47301	9.665966
17.19977	1.694965
18.45233	11.51539
17.97941	9.543444
3.359959	17.4443
16.54461	17.79776	14.80056
18.46213	15.58099
18.63848	16.15221	9.464624
15.62747	18.4703
17.19565	18.11674	11.34236
10.85929	18.2509
7.13042	18.04052
17.80799
18.77901
17.96876	14.01705	3.568246
11.33351	18.4638
18.09159	9.183149
16.30822	18.31187	9.421358	7.318553
7.364035	18.27715	9.715179
19.07133	15.80115
17.72523
17.06992

18.39962
17.25742
9.241453	0.6034027
16.9251	0.7175666
8.313627	0.79288
17.06808
12.69605
18.42106

17.88584
14.62336
18.07968
16.83595	17.90317
0.5340759	16.59319
6.589844
12.02913
18.66904	11.15338
18.26744	17.12404
18.13673	15.04287	6.738119
17.74571	9.847146	17.14782
18.41311	12.76934
11.52876
17.53055
18.06763	14.59149	3.271395
17.68046
16.67953
17.05893	14.7677
17.39385
17.10689	4.025818
18.22906

17.64587	0.4845574
18.37879
15.74711	18.02637	7.059393
18.01684	12.36496	12.6708
18.12571	11.74382
18.29907	15.56899	9.915857
9.149387
17.8012
18.4223	14.85662
18.27431	10.93066
18.25451	10.95929	16.79037
18.16656	11.68559

15.54154	0.4146482

0.1221766
9.783458
16.80524

18.51779
17.28872	10.18053
15.56606	11.77737
16.30389
18.17138
18.30678	9.765109	0.4856365
18.47724	17.34632	9.085397

18.29354	0.4778543	1.170422
18.21513
16.83454
18.13845
18.46328	8.824699
15.52779
16.06923

18.46408	14.43794
18.31421	9.846194
15.06526	18.47276	8.108289
18.19303	8.060901
14.88972
