Iteration	posterior	NumSpeciation	numExtinction	numMassExtinctions 
100	-226.965854726638	8	3	1
200	-219.463126925634	7	1	1
300	-220.189694987377	5	1	2
400	-234.667928040386	9	3	1
500	-216.100793326163	5	2	0
600	-222.002246798268	6	1	3
700	-212.733230106685	3	3	2
800	-213.021421917068	3	3	3
900	-218.314227191711	2	2	3
1000	-215.364782588892	2	4	2
1100	-225.305864495089	4	5	3
1200	-209.473507806951	3	3	3
1300	-214.294017277483	5	4	1
1400	-215.964384296746	5	2	1
1500	-216.96528263116	4	4	2
1600	-213.970662812651	3	2	2
1700	-213.188869181879	3	2	2
1800	-220.452782599578	4	1	2
1900	-220.796458487096	4	1	4
2000	-220.652635157321	4	4	2
2100	-212.613413149905	4	1	1
2200	-218.597785264955	5	4	1
2300	-230.81173056106	9	4	1
2400	-220.098021242661	6	2	1
2500	-218.806334860447	6	2	1
2600	-220.335115114452	5	3	1
2700	-214.681568465343	5	2	0
2800	-219.071940594515	7	3	2
2900	-223.62734004507	5	3	0
3000	-224.731511388238	7	1	1
3100	-219.930196920373	6	1	1
3200	-217.191844006934	4	2	1
3300	-226.810392997396	6	4	0
3400	-227.916312889717	7	2	1
3500	-214.400175418064	3	1	2
3600	-221.528309154828	5	3	3
3700	-216.125664689048	4	2	2
3800	-211.824685728515	3	2	3
3900	-210.696936599808	3	2	4
4000	-209.57217794145	3	4	3
4100	-210.272458923299	3	4	3
4200	-211.92129022632	3	3	3
4300	-221.539989213577	4	1	1
4400	-216.094300407291	3	3	3
4500	-223.560007094474	3	2	2
4600	-217.232842442382	4	2	2
4700	-212.643040785769	5	2	1
4800	-216.129114375029	5	3	1
4900	-216.200173714383	4	3	2
5000	-212.05290858743	4	3	2
5100	-212.812924801279	3	2	3
5200	-212.760508855803	4	2	3
5300	-215.33397100748	4	1	1
5400	-217.010075456329	4	3	2
5500	-219.124586064998	3	3	3
5600	-213.547045374125	4	4	2
5700	-216.341767773832	3	3	3
5800	-218.989637962677	4	2	3
5900	-218.623598035054	4	2	2
6000	-214.738509681457	5	3	1
6100	-216.800820121576	6	1	1
6200	-211.223161225969	4	1	1
6300	-216.241269734603	5	3	3
6400	-219.840073574516	6	4	2
6500	-219.252203481218	4	4	2
6600	-216.228456335774	5	1	0
6700	-216.262766270944	5	2	1
6800	-219.978316686032	6	2	2
6900	-214.386522100151	5	2	1
7000	-216.665569628867	4	2	2
7100	-225.660259569471	5	6	2
7200	-223.607418546562	4	6	2
7300	-213.771565457578	3	1	3
7400	-225.351072937806	6	3	1
7500	-216.859028939879	3	3	2
7600	-228.029798514915	5	4	1
7700	-221.336385858728	5	2	2
7800	-215.435161428692	3	2	0
7900	-229.188808408387	7	4	0
8000	-225.335469690244	6	4	1
8100	-224.349863079792	7	8	2
8200	-216.45459066097	5	4	2
8300	-211.931004503549	5	4	2
8400	-218.312407592457	5	2	3
8500	-215.846871336426	6	3	1
8600	-220.229300928089	7	3	1
8700	-218.428279695879	6	4	1
8800	-215.876817750673	5	5	1
8900	-225.124646734064	7	3	1
9000	-225.728711898919	6	2	2
9100	-226.189151679686	4	1	0
9200	-211.240619964463	3	4	3
9300	-219.838828644352	3	5	3
9400	-222.423139510693	2	4	1
9500	-229.698985636718	7	3	1
9600	-221.025938560477	4	5	1
9700	-219.63250595436	3	1	1
9800	-224.519949569647	6	3	0
9900	-229.12124928374	7	1	1
10000	-219.553258727718	3	1	0
10100	-219.945909394509	4	4	1
10200	-219.473148990457	4	1	3
10300	-212.015413200718	3	2	2
10400	-218.260818903974	3	1	2
10500	-223.708756938733	7	3	2
10600	-218.874349414552	3	2	0
10700	-217.280946994085	2	3	2
10800	-222.253486708034	7	3	2
10900	-218.74019927903	5	1	2
11000	-226.076326793108	5	5	2
11100	-218.047445787102	5	3	0
11200	-234.889542554474	8	3	0
11300	-226.719516276156	6	2	1
11400	-221.140997615216	4	3	2
11500	-219.061866791219	6	2	2
11600	-216.344284667166	5	1	2
11700	-218.852229393627	4	2	2
11800	-225.177565599139	4	8	3
11900	-217.725198883927	3	2	3
12000	-216.515247488209	2	3	3
12100	-216.691000257184	3	1	1
12200	-217.305036661799	4	2	1
12300	-221.385992753341	5	2	1
12400	-232.973200394967	8	3	1
12500	-217.100843199089	5	4	1
12600	-215.458989677158	4	3	1
12700	-220.092012632727	4	3	1
12800	-222.810605232215	5	3	1
12900	-226.540580123499	6	3	0
13000	-221.036316446603	4	1	0
13100	-220.303805566346	4	3	1
13200	-220.928626350483	5	1	1
13300	-219.885795814457	6	2	1
13400	-213.917466914079	4	3	1
13500	-218.991210324267	5	3	1
13600	-217.432717481392	5	5	1
13700	-220.589297526052	5	4	2
13800	-220.296171414474	5	3	1
13900	-218.636926675872	8	3	1
14000	-226.070034327474	8	6	1
14100	-215.194567601332	5	3	1
14200	-210.710890356508	5	2	0
14300	-209.480483126155	4	5	0
14400	-214.639542331318	5	2	1
14500	-221.164326389919	7	2	0
14600	-222.842395312658	6	3	1
14700	-213.071786069852	6	3	1
14800	-226.334440003524	6	2	1
14900	-227.999242063554	8	4	0
15000	-219.115764620619	5	4	1
15100	-218.598704926244	4	3	4
15200	-220.580824481951	5	1	0
15300	-218.484359521799	6	1	1
15400	-229.231572740937	9	2	2
15500	-222.590250120417	6	5	1
15600	-226.652469618776	8	1	1
15700	-221.362240066575	5	4	1
15800	-212.91764865178	4	1	3
15900	-208.34090946332	3	3	3
16000	-211.422587549639	3	4	3
16100	-208.631556063145	4	2	2
16200	-222.334171008432	5	3	1
16300	-215.161919138354	6	3	1
16400	-220.633289747547	6	5	1
16500	-220.266614339966	7	3	2
16600	-217.238737469557	6	1	1
16700	-232.479148968496	7	2	1
16800	-219.117689842747	5	1	1
16900	-218.889257036633	5	2	2
17000	-238.90486067484	7	3	3
17100	-219.186961123163	3	1	1
17200	-212.640218537045	3	3	1
17300	-231.641786129364	4	3	0
17400	-226.224024785836	3	2	2
17500	-214.364926495025	4	3	3
17600	-231.489882766771	7	2	2
17700	-231.551708067103	7	2	2
17800	-226.999941688435	4	1	2
17900	-224.76837567092	4	3	0
18000	-211.567962087229	5	1	1
18100	-219.817143347702	4	5	2
18200	-212.692050178276	4	6	1
18300	-214.861465619835	7	2	1
18400	-215.34277153298	5	3	1
18500	-219.835925431383	7	3	1
18600	-220.140877158934	6	1	1
18700	-217.9064634674	5	2	1
18800	-227.313249597796	6	3	2
18900	-218.026670307524	5	2	1
19000	-222.703150461821	4	6	1
19100	-217.296791002924	4	3	1
19200	-221.721251737174	3	4	3
19300	-218.98249393476	5	2	3
19400	-214.952704523871	4	8	3
19500	-217.813621438662	3	4	1
19600	-215.176264877632	4	4	1
19700	-218.025031231146	6	5	2
19800	-231.593221433545	7	6	1
19900	-221.719371536916	5	3	1
20000	-219.309301430355	7	2	1
20100	-211.564804086561	4	3	2
20200	-214.907851002593	5	1	2
20300	-210.214227197296	4	5	1
20400	-211.487943477837	4	3	2
20500	-219.10032385139	3	5	3
20600	-212.599441182614	3	2	2
20700	-212.552457184509	3	4	3
20800	-219.09464312873	5	2	1
20900	-216.058740719338	3	1	2
21000	-222.436819561285	3	4	2
21100	-230.81637767609	7	1	0
21200	-216.881911087695	5	2	2
21300	-220.692257973543	7	3	1
21400	-215.136937671389	5	1	1
21500	-225.66688674453	6	1	2
21600	-215.622043646389	5	5	1
21700	-217.546440536459	4	1	2
21800	-210.001738416628	3	2	2
21900	-217.486243321467	5	3	2
22000	-212.117484024824	4	2	2
22100	-229.877992212924	6	3	2
22200	-230.47459828164	7	2	2
22300	-220.679060614674	6	1	1
22400	-218.915252691621	5	4	2
22500	-210.963922483359	4	1	2
22600	-216.816505957955	4	7	2
22700	-218.198347373118	5	4	1
22800	-219.316876518493	5	4	1
22900	-224.068886254001	7	4	1
23000	-218.953820826649	6	1	2
23100	-217.199800242341	5	3	2
23200	-218.201477875666	5	3	2
23300	-219.596543065617	4	4	2
23400	-229.78403357528	6	5	2
23500	-229.326006901411	5	5	2
23600	-228.125105801824	4	6	1
23700	-215.726089954611	2	2	2
23800	-221.69310594036	5	4	2
23900	-224.159805392718	4	2	2
24000	-222.082405790858	4	5	0
24100	-222.198045392796	6	2	0
24200	-214.49048584713	4	4	1
24300	-223.149900587293	7	1	1
24400	-216.063332430367	4	5	0
24500	-214.837187028168	2	2	2
24600	-222.644946376024	3	4	1
24700	-229.001699302444	6	4	3
24800	-225.897428802004	5	4	2
24900	-219.583015333823	4	3	1
25000	-225.679173699935	4	2	0
25100	-228.869035112867	5	2	0
25200	-217.292048586176	5	5	2
25300	-226.412639021808	7	2	1
25400	-222.991489016783	4	1	1
25500	-228.08663151036	7	1	2
25600	-227.027065171215	6	2	2
25700	-222.476834636492	4	4	1
25800	-236.406697909234	9	3	1
25900	-215.348110173726	4	3	1
26000	-215.983784454723	3	1	3
26100	-226.042930508279	4	2	1
26200	-216.070891803275	3	4	2
26300	-214.57450615186	2	3	3
26400	-214.702430156848	2	2	2
26500	-228.853720571249	3	5	4
26600	-219.813436175018	2	3	3
26700	-228.006375191767	3	3	3
26800	-227.42874857487	5	3	0
26900	-238.027432126249	8	2	0
27000	-216.389825583303	4	5	2
27100	-223.467960001858	7	2	0
27200	-227.078517081335	7	1	1
27300	-212.84678546371	5	4	1
27400	-218.819497450353	5	2	1
27500	-215.040381056309	5	3	2
27600	-214.470918163222	5	2	2
27700	-215.011734971343	4	4	2
27800	-221.23123290714	7	6	2
27900	-219.511443908816	7	2	1
28000	-222.887935221512	8	2	1
28100	-216.362469431737	6	3	1
28200	-214.737312448448	5	3	1
28300	-210.157013263566	4	4	2
28400	-214.927185044107	5	3	2
28500	-229.450290972138	7	1	4
28600	-215.132024817364	6	3	2
28700	-213.186081481947	6	2	2
28800	-222.738963807949	5	2	1
28900	-221.556293468586	5	4	1
29000	-213.381648075769	4	3	1
29100	-215.271177213674	5	1	0
29200	-212.513230428238	5	2	1
29300	-213.388498787667	5	3	2
29400	-224.784536965695	7	1	1
29500	-226.98022956222	6	5	0
29600	-221.862030752867	5	5	2
29700	-216.409209282958	4	2	2
29800	-221.833607484924	5	4	1
29900	-224.636843464431	6	2	1
30000	-216.195018555965	3	2	1
30100	-225.238946082806	5	3	2
30200	-225.034182451259	4	4	2
30300	-222.825738572715	4	3	1
30400	-221.957168002023	3	4	1
30500	-217.595733739135	4	2	1
30600	-217.594439549522	4	1	2
30700	-225.291849446855	6	1	2
30800	-213.12774991542	3	6	1
30900	-224.839532395723	4	2	2
31000	-225.930653968363	8	2	2
31100	-216.300450284863	6	4	2
31200	-217.127282760562	6	2	0
31300	-217.840254751697	5	4	0
31400	-220.679290290888	5	3	2
31500	-218.124869907755	5	5	0
31600	-218.613738207075	5	6	2
31700	-227.191307293917	7	3	0
31800	-217.013049954593	5	2	2
31900	-217.568988345545	7	3	2
32000	-211.373997553368	5	3	1
32100	-221.060484909718	8	4	1
32200	-214.176107723881	5	4	1
32300	-215.47901980043	3	4	2
32400	-213.155524252184	3	2	3
32500	-223.612410102561	4	5	2
32600	-228.275108095959	6	5	1
32700	-220.705680825965	5	5	1
32800	-224.025958174061	6	3	0
32900	-221.683993037169	6	2	0
33000	-217.985964986456	7	3	1
33100	-229.779823915241	8	4	1
33200	-222.079863399013	6	4	1
33300	-217.040430269181	6	4	1
33400	-219.064690047629	5	1	2
33500	-220.187295083274	5	2	1
33600	-221.281179696096	4	5	1
33700	-221.250430258912	6	2	1
33800	-212.498558055441	4	1	2
33900	-214.934523831414	5	3	1
34000	-215.414019113599	6	2	1
34100	-218.551800486663	5	3	3
34200	-216.099891253983	6	3	2
34300	-223.11832908293	6	4	0
34400	-216.19536087654	7	1	1
34500	-212.673461291252	5	3	1
34600	-211.820791036117	3	3	2
34700	-226.824654981852	8	2	2
34800	-219.355478980946	6	2	1
34900	-222.089511862025	7	1	0
35000	-221.766392051452	6	3	1
35100	-229.180441371539	7	3	1
35200	-220.895199826239	5	3	2
35300	-229.101337152286	4	6	2
35400	-221.513875728124	5	2	1
35500	-214.612804791599	4	1	1
35600	-218.121206851545	5	5	0
35700	-234.499586316438	6	5	0
35800	-229.265728748306	6	4	2
35900	-217.382808919701	2	4	1
36000	-220.476350983557	2	4	2
36100	-220.783865352087	3	2	3
36200	-220.001012445898	3	3	2
36300	-218.002044226823	3	2	3
36400	-217.552959186163	4	4	2
36500	-207.068811762635	3	2	3
36600	-227.450497916454	4	7	5
36700	-209.773459912797	3	2	2
36800	-209.650887981974	3	2	2
36900	-213.696377215674	3	2	3
37000	-210.687787968754	3	2	2
37100	-213.308727081321	5	3	2
37200	-226.771450081571	8	4	1
37300	-237.59415181884	7	6	0
37400	-217.464916664449	5	2	2
37500	-224.336314514388	7	4	2
37600	-220.780767182635	7	1	1
37700	-212.946615369978	5	2	2
37800	-213.217789861632	4	4	1
37900	-227.078442628584	6	2	2
38000	-220.799115138629	6	2	1
38100	-221.69821583312	7	3	1
38200	-223.034646502196	8	3	1
38300	-219.338928516084	6	4	0
38400	-220.794110459486	7	3	0
38500	-215.459682446578	6	3	0
38600	-218.159673531075	4	2	1
38700	-215.279183591537	5	3	1
38800	-212.033564006528	4	4	0
38900	-218.549279690734	5	1	0
39000	-229.756614709121	8	4	0
39100	-219.500215786228	6	2	1
39200	-225.997825931114	8	4	1
39300	-216.068765159854	6	3	1
39400	-220.711052087602	4	6	0
39500	-228.40327719237	7	2	1
39600	-214.332856635016	5	1	2
39700	-225.368995799129	9	2	1
39800	-215.196057904094	4	2	2
39900	-225.83561661507	4	8	2
40000	-208.839744984404	5	4	1
40100	-226.747488200932	7	4	2
40200	-222.370984232508	6	5	1
40300	-214.788470189467	5	2	2
40400	-214.185448572897	6	3	2
40500	-211.431824134749	4	2	3
40600	-217.116594259703	5	1	1
40700	-215.244955928473	4	4	0
40800	-220.414733949136	6	3	0
40900	-222.274452465477	6	3	2
41000	-220.220446307674	4	1	1
41100	-220.009964890976	4	4	2
41200	-223.69975954123	4	3	1
41300	-221.457954990191	6	3	2
41400	-214.608118465076	4	4	2
41500	-211.677372660322	3	2	2
41600	-215.361458258901	3	2	2
41700	-218.193344815356	3	4	3
41800	-216.300815668889	3	3	3
41900	-214.146945018115	4	4	2
42000	-210.630032999167	3	6	3
42100	-212.44375821787	4	1	2
42200	-217.231390641877	6	3	1
42300	-218.246066458609	3	1	2
42400	-209.287449056259	3	3	3
42500	-212.025425194952	4	2	2
42600	-213.418924739492	3	6	2
42700	-241.453460054068	7	6	0
42800	-211.952846919395	4	4	0
42900	-215.900193522118	5	1	1
43000	-212.530761822529	4	6	1
43100	-223.70470995608	6	2	1
43200	-218.614230944547	3	6	4
43300	-211.018673579076	3	1	3
43400	-209.948809189241	3	2	4
43500	-221.23672077625	7	1	2
43600	-223.908297774809	8	2	1
43700	-215.541766043797	6	5	0
43800	-212.821116500891	5	2	1
43900	-226.240968802554	8	2	1
44000	-230.017527453168	6	2	2
44100	-216.124907073553	2	4	3
44200	-218.622542538887	4	2	1
44300	-224.352738216544	6	3	1
44400	-223.091904437043	5	3	1
44500	-219.383430831021	4	1	2
44600	-232.263457957374	8	2	1
44700	-217.193767925186	4	4	2
44800	-214.345358172727	4	2	2
44900	-214.929995330411	5	3	3
45000	-224.776959812844	5	4	1
45100	-214.899911272561	4	3	2
45200	-215.138376561167	3	6	2
45300	-227.980096312424	8	4	2
45400	-227.118594243881	6	2	0
45500	-214.375987599183	4	1	1
45600	-211.725891961837	5	3	1
45700	-217.365041454953	5	3	2
45800	-215.891325670753	5	3	1
45900	-215.608069841731	5	5	1
46000	-211.678606006222	4	3	1
46100	-212.370921652897	3	3	2
46200	-213.677357408066	3	1	3
46300	-217.338728545851	3	5	3
46400	-215.618358441815	4	3	0
46500	-212.495610629854	4	2	0
46600	-217.043667560612	7	3	0
46700	-221.184902156967	8	2	0
46800	-219.16016321098	6	4	1
46900	-223.934088050658	6	4	1
47000	-213.358412631103	5	4	1
47100	-210.286013353503	4	5	1
47200	-216.756250991954	5	4	1
47300	-219.100953176655	5	4	1
47400	-221.352822056409	4	5	2
47500	-219.854662845611	3	6	4
47600	-214.442195655365	3	4	2
47700	-210.759884724503	3	5	2
47800	-211.144422685406	3	2	2
47900	-217.297842115225	5	4	2
48000	-216.962718265379	5	3	2
48100	-223.408235709728	6	3	2
48200	-227.6047593005	5	5	1
48300	-212.615895685723	5	3	1
48400	-218.976171458961	5	1	2
48500	-218.079355096116	4	2	0
48600	-212.706820772267	4	2	1
48700	-213.337217480137	5	1	1
48800	-213.466678731547	5	2	1
48900	-218.137773034543	5	1	1
49000	-219.99879925089	5	5	1
49100	-218.100250022237	5	2	0
49200	-225.623530921431	8	4	2
49300	-221.117764320948	6	2	1
49400	-224.676248534248	9	5	1
49500	-229.184644444883	6	4	0
49600	-219.321964901607	5	4	1
49700	-210.81919300632	3	3	1
49800	-219.022273149316	5	2	1
49900	-222.87789206275	6	2	2
50000	-221.685673989352	6	3	1
50100	-220.096571062824	4	2	3
50200	-218.826818748691	3	6	3
50300	-209.729587022656	4	3	0
50400	-219.992876935688	6	3	0
50500	-219.94178764908	6	1	0
50600	-213.361283831466	5	2	1
50700	-217.373012717838	5	1	1
50800	-216.593380665886	5	1	1
50900	-220.85562705572	6	3	1
51000	-224.392810309604	6	3	1
51100	-213.649734879589	5	3	2
51200	-217.872345058771	5	4	1
51300	-215.018978517496	6	4	0
51400	-218.392421220317	5	4	1
51500	-212.224360958448	3	4	2
51600	-209.996680455795	3	3	2
51700	-215.436331904233	3	5	2
51800	-215.482042621969	3	2	2
51900	-221.000219607581	3	3	3
52000	-214.82434512537	3	4	3
52100	-217.705225468846	3	5	3
52200	-221.885363239171	3	3	3
52300	-215.297323680707	3	6	2
52400	-207.841353749057	3	2	2
52500	-215.427632424218	3	2	2
52600	-213.947986013865	4	2	2
52700	-230.809367721807	4	4	2
52800	-216.340735805121	5	4	1
52900	-219.142174437513	6	3	2
53000	-215.264818543616	6	2	2
53100	-213.191038440987	6	2	2
53200	-217.48061745168	4	3	2
53300	-218.715119910731	5	1	1
53400	-224.115383295686	5	4	1
53500	-219.408459996786	6	2	1
53600	-232.326869099436	9	4	1
53700	-210.162378606422	4	2	1
53800	-213.994648457411	5	2	1
53900	-230.312842943355	5	4	2
54000	-219.577834664831	6	3	1
54100	-213.973949580786	4	1	1
54200	-213.735756602693	4	2	1
54300	-220.138854308026	6	3	0
54400	-213.902445399306	4	1	1
54500	-227.785398361739	7	6	1
54600	-213.90673297129	5	3	1
54700	-214.666163803641	4	2	2
54800	-220.333434926991	3	3	2
54900	-217.293342351396	4	2	1
55000	-217.984090562196	6	1	1
55100	-211.776165961453	4	3	1
55200	-222.991987358432	7	3	1
55300	-219.702397947176	5	1	2
55400	-209.513916828869	5	3	2
55500	-227.336762568226	6	3	1
55600	-225.553677999056	6	2	1
55700	-211.958255047641	3	2	1
55800	-214.16272259023	5	2	1
55900	-220.2471105416	5	3	2
56000	-218.542283336264	4	4	3
56100	-212.532822072061	4	2	2
56200	-218.841416526385	3	2	3
56300	-212.820068042315	3	2	3
56400	-219.391928697611	4	3	3
56500	-212.984735892682	6	5	2
56600	-209.270159120098	4	2	1
56700	-211.163059537538	5	3	1
56800	-217.294795608197	6	3	1
56900	-212.468241636283	4	2	1
57000	-216.313360772979	5	5	1
57100	-223.685811139535	8	4	3
57200	-223.143471105313	6	6	0
57300	-217.182342661001	6	4	1
57400	-236.47495787027	9	4	1
57500	-223.153212341313	5	4	1
57600	-222.6904304918	5	2	1
57700	-216.193696416981	4	2	0
57800	-216.391370946753	5	4	0
57900	-227.753826016256	6	2	3
58000	-216.31630685554	5	1	1
58100	-213.455926591335	5	1	1
58200	-211.237782378474	5	2	0
58300	-209.384777845475	4	3	1
58400	-218.110621758903	6	2	0
58500	-224.628871198883	7	4	1
58600	-212.305848572081	4	3	1
58700	-217.301286826598	5	3	2
58800	-223.090053657664	9	2	1
58900	-206.279522012997	4	5	1
59000	-215.106745448087	4	4	3
59100	-219.457053068282	6	4	1
59200	-223.999210377726	7	1	1
59300	-231.869057288407	5	3	1
59400	-224.870431284594	6	3	2
59500	-218.433595257888	4	5	1
59600	-206.668279572718	4	4	1
59700	-212.817382789106	3	4	4
59800	-217.221182906171	5	3	2
59900	-220.990720903881	5	1	1
60000	-228.501006254158	6	4	2
60100	-222.703620576188	6	1	2
60200	-221.529351480652	6	3	2
60300	-222.323998006107	7	5	1
60400	-220.393001611653	5	3	1
60500	-211.897515781541	4	2	2
60600	-219.738951422065	6	2	1
60700	-213.880810470306	5	6	0
60800	-213.058570959642	4	2	2
60900	-225.656224384633	5	6	1
61000	-215.116523411298	5	2	0
61100	-218.719783153414	6	2	2
61200	-214.692201819323	6	4	1
61300	-229.055649511813	9	5	1
61400	-224.432202150611	6	3	0
61500	-213.049022700016	4	1	0
61600	-213.103584004469	6	3	1
61700	-223.167359924433	6	2	0
61800	-224.05799224899	6	1	2
61900	-211.458110341056	5	3	2
62000	-210.696485975868	3	2	2
62100	-210.027875201785	3	3	3
62200	-216.064094901876	3	4	3
62300	-214.370410205555	2	3	3
62400	-217.148422452798	2	2	2
62500	-220.948370495912	2	4	3
62600	-219.188142247024	4	5	1
62700	-220.629944834983	3	5	2
62800	-229.027821863708	6	4	1
62900	-217.55437171564	4	2	1
63000	-224.539784238114	4	3	2
63100	-225.671485560899	2	4	2
63200	-215.145694348232	2	3	4
63300	-232.152956222967	5	3	1
63400	-221.69372912002	6	3	1
63500	-219.833854066795	3	7	2
63600	-217.946483051094	5	2	2
63700	-226.2362806387	6	2	2
63800	-216.662750181042	4	4	0
63900	-224.72995763703	5	3	1
64000	-215.249213317289	3	4	0
64100	-218.525179166493	4	2	2
64200	-218.295714098915	3	2	2
64300	-219.247637536756	3	4	2
64400	-215.547936729473	3	3	2
64500	-222.116302217387	5	2	1
64600	-231.903697193444	7	2	2
64700	-224.458027787514	6	3	0
64800	-220.099192581624	4	2	0
64900	-210.787612361237	5	4	1
65000	-226.866207941724	7	2	1
65100	-217.678241788042	4	5	1
65200	-215.717241580268	4	3	2
65300	-216.812877808396	4	4	2
65400	-219.055351647398	5	3	0
65500	-213.253541338558	4	1	1
65600	-216.588781147687	5	4	1
65700	-214.445003944078	5	3	1
65800	-223.121502252433	4	2	1
65900	-218.291299833576	3	2	2
66000	-226.347801038369	7	2	2
66100	-221.561774724334	6	1	0
66200	-215.648021222979	4	2	1
66300	-217.083857861983	5	3	2
66400	-222.131322305032	7	1	1
66500	-213.443152506942	3	3	3
66600	-218.104435417317	3	4	3
66700	-213.830444440294	3	2	3
66800	-226.6078479906	5	3	2
66900	-239.186553003386	10	3	3
67000	-230.303391557036	5	7	1
67100	-219.334570607514	3	2	2
67200	-221.892791967889	3	5	2
67300	-215.095793864015	3	1	2
67400	-221.23270527391	3	5	3
67500	-225.396161434951	5	1	2
67600	-218.970859267848	4	3	2
67700	-215.25992447166	6	6	2
67800	-224.917245240969	5	7	2
67900	-212.711407366948	4	3	2
68000	-220.021001165707	6	7	2
68100	-216.770253293974	5	2	1
68200	-227.342657173182	9	5	2
68300	-221.987908584186	6	1	1
68400	-218.940362436918	4	2	0
68500	-219.385442331541	6	2	1
68600	-221.775759398932	7	3	1
68700	-212.558423255656	4	3	3
68800	-218.19961506472	5	1	1
68900	-211.782794123694	4	3	2
69000	-219.131033808791	6	2	1
69100	-218.691671046136	6	6	1
69200	-213.867021737763	4	4	1
69300	-214.700281156727	4	2	0
69400	-223.648286050087	7	3	1
69500	-221.709184198552	4	2	1
69600	-221.537612759774	4	4	1
69700	-221.135887594034	5	2	2
69800	-213.580180760368	2	5	3
69900	-219.166038873381	3	5	2
70000	-220.197146223555	5	5	1
70100	-218.689274338307	2	1	2
70200	-219.464654089741	5	4	2
70300	-223.809247131536	5	4	1
70400	-214.637605143579	6	2	1
70500	-234.144839224515	5	7	1
70600	-218.544838621716	6	4	3
70700	-220.92335036504	5	5	1
70800	-231.438309422421	8	4	2
70900	-225.752971436458	4	2	3
71000	-221.824253991924	3	2	2
71100	-219.794554584112	4	2	2
71200	-224.733581279956	7	2	0
71300	-220.137563880275	4	1	2
71400	-221.339925727135	5	4	0
71500	-228.323976057534	4	2	1
71600	-220.328063839331	6	5	2
71700	-218.014268119163	5	4	2
71800	-208.656526051056	3	2	3
71900	-214.175359001576	3	5	3
72000	-208.109401227076	3	1	3
72100	-207.432408531478	3	3	3
72200	-215.437638714119	4	1	4
72300	-214.079235430692	4	4	3
72400	-212.167932688269	5	3	1
72500	-211.988064514301	3	3	4
72600	-219.841899282765	3	4	2
72700	-210.548599052787	3	3	2
72800	-217.856813124547	5	3	3
72900	-219.881167116502	6	3	3
73000	-216.830442067479	4	2	4
73100	-217.153421930653	5	3	1
73200	-221.694720540226	6	3	2
73300	-216.76235559324	3	5	0
73400	-224.568957147148	5	5	2
73500	-222.298981636094	4	1	1
73600	-228.96915897786	4	3	2
73700	-214.08010644453	3	5	2
73800	-217.39058640261	5	3	2
73900	-214.498158667049	4	2	1
74000	-209.01119664225	3	3	2
74100	-215.81513308879	3	4	4
74200	-217.092073567795	2	5	3
74300	-214.877241841546	2	3	2
74400	-225.69064677581	5	5	0
74500	-221.208725231323	4	2	1
74600	-216.680896846967	4	2	1
74700	-216.306847247745	5	1	1
74800	-222.488690301405	7	2	1
74900	-217.650679444615	4	5	1
75000	-232.423649792293	7	3	0
75100	-215.729519758956	5	1	2
75200	-221.852579898269	7	2	2
75300	-232.253094465672	9	3	2
75400	-217.018487140413	6	2	1
75500	-216.748565902073	6	3	0
75600	-219.310942669587	4	6	0
75700	-220.222544555458	6	1	1
75800	-221.714040270584	6	4	2
75900	-222.282358556661	5	6	2
76000	-214.812720983791	3	4	2
76100	-213.286290613338	3	3	2
76200	-216.4335326485	6	5	1
76300	-225.175640608372	6	2	2
76400	-219.767061242053	5	6	0
76500	-214.810246155446	6	4	1
76600	-223.228488906027	5	3	0
76700	-221.823671136511	4	4	2
76800	-222.668724016398	6	4	1
76900	-226.668935145627	4	3	1
77000	-215.572422795352	6	3	1
77100	-217.32306889925	4	4	2
77200	-215.803842478208	3	2	2
77300	-215.41731855323	2	4	3
77400	-227.41261589902	6	2	1
77500	-212.512307283833	3	4	1
77600	-227.515513766413	8	3	1
77700	-223.18239092268	6	2	1
77800	-223.654707203676	5	3	2
77900	-226.225194458399	5	2	2
78000	-216.859926758056	3	3	1
78100	-228.971634734171	4	3	1
78200	-217.35787238759	4	3	4
78300	-217.551841634854	6	1	2
78400	-223.673289409651	5	6	4
78500	-232.664562316158	7	4	3
78600	-212.418742085846	3	2	3
78700	-205.711920592008	3	3	2
78800	-213.572715012457	3	3	2
78900	-223.590609169538	5	5	0
79000	-226.105963178839	7	6	1
79100	-217.700864547485	5	3	1
79200	-219.950120430083	6	4	1
79300	-221.84282410495	4	1	2
79400	-221.455130637381	7	1	1
79500	-223.259594356374	7	2	1
79600	-222.922701257897	6	5	0
79700	-231.670907638453	8	2	0
79800	-222.665427889484	4	5	0
79900	-223.069119202424	8	1	1
80000	-221.607400772624	6	5	1
80100	-218.008673797034	4	1	1
80200	-231.767750406844	8	4	2
80300	-221.60538548158	5	6	2
80400	-213.140268844333	4	2	2
80500	-215.062479425665	4	2	1
80600	-218.162082511715	5	2	1
80700	-224.422514447615	6	2	1
80800	-230.370464068633	9	4	1
80900	-227.591917638731	6	2	0
81000	-208.780332297974	5	4	1
81100	-212.622386429801	6	3	1
81200	-224.899505720728	7	1	1
81300	-228.429632882316	4	7	1
81400	-233.114527975633	2	6	1
81500	-219.11256025584	3	2	1
81600	-213.898161586949	4	1	2
81700	-215.738786332513	4	1	0
81800	-222.075822623613	6	3	2
81900	-224.043555311403	6	4	1
82000	-223.014371142052	5	3	1
82100	-226.434009022749	5	5	1
82200	-208.965645565262	4	3	2
82300	-216.870441006375	4	1	2
82400	-220.485622789714	6	5	0
82500	-222.487725243073	4	2	0
82600	-217.140044065717	4	3	3
82700	-235.629356331406	4	4	0
82800	-218.897231966441	6	3	2
82900	-227.566657328784	3	2	2
83000	-217.690218266528	4	1	1
83100	-215.377315980284	4	3	0
83200	-225.344150559623	6	3	1
83300	-229.149781561765	8	1	2
83400	-214.008614613342	4	4	1
83500	-215.359221381256	2	2	2
83600	-224.400887291697	4	2	1
83700	-220.67042765804	6	2	1
83800	-219.871181527912	4	3	1
83900	-231.476063338558	8	3	2
84000	-221.262693937128	4	2	2
84100	-216.441204890099	3	2	2
84200	-215.488117671285	4	3	3
84300	-215.834824528632	5	3	1
84400	-214.969095095897	4	3	3
84500	-220.734444173758	5	5	2
84600	-218.161911493982	6	6	2
84700	-209.217907765175	4	3	2
84800	-221.699683176474	7	6	2
84900	-214.445363065954	5	3	2
85000	-213.415959149319	4	3	2
85100	-218.208085973203	5	5	3
85200	-224.839356975343	8	2	1
85300	-217.182048279533	5	2	1
85400	-218.371077307952	6	3	0
85500	-216.511472363214	6	2	1
85600	-224.941691407099	5	3	3
85700	-221.362841583613	6	3	2
85800	-214.186503489589	4	2	2
85900	-225.829095146661	9	4	0
86000	-216.985770569198	7	2	2
86100	-210.628524006114	5	2	1
86200	-215.071071787853	4	2	0
86300	-221.516890797665	6	2	0
86400	-226.584737873514	5	4	3
86500	-221.817083533957	4	5	1
86600	-214.586631851191	3	2	1
86700	-216.354163440959	2	3	1
86800	-217.243053405326	2	4	3
86900	-221.052895986757	4	1	2
87000	-221.739596395912	5	2	2
87100	-221.849524821445	4	4	1
87200	-215.232936444858	3	1	2
87300	-223.960496902139	4	3	0
87400	-224.873496435885	3	3	1
87500	-229.654677917667	7	1	1
87600	-223.962009674927	5	2	2
87700	-232.155608339946	7	2	2
87800	-218.314078974433	6	1	2
87900	-223.641474435118	7	3	1
88000	-213.75545419429	4	5	2
88100	-223.884207119256	5	3	1
88200	-214.214695742116	4	3	3
88300	-215.961277227844	4	1	2
88400	-220.601709875284	4	2	3
88500	-223.280504498072	3	5	2
88600	-225.863442861265	3	6	2
88700	-224.340308031161	4	2	1
88800	-219.610477439724	4	4	0
88900	-220.668918871462	8	3	2
89000	-213.928295372535	5	6	1
89100	-216.905055862053	5	2	2
89200	-212.809907080846	4	2	0
89300	-226.203623102396	7	4	0
89400	-222.530775762153	7	3	1
89500	-212.934525610792	5	2	1
89600	-211.558581307251	5	2	1
89700	-223.776314570656	7	2	1
89800	-219.859582748968	7	3	1
89900	-222.27174050512	6	3	2
90000	-213.460406083384	4	2	3
90100	-218.393615206432	7	3	1
90200	-215.515122614493	5	5	1
90300	-217.335287380492	3	3	2
90400	-214.301434977838	5	1	2
90500	-215.701914684709	4	2	2
90600	-210.190098473867	3	3	2
90700	-215.14873788004	5	4	1
90800	-222.801836387843	7	1	1
90900	-213.575384373973	4	2	2
91000	-222.578151658331	5	5	1
91100	-209.925015342716	4	4	1
91200	-212.983208228067	4	3	2
91300	-226.854282711038	8	2	2
91400	-215.93889193784	5	5	2
91500	-219.697933297966	6	3	2
91600	-216.977091995772	5	2	2
91700	-220.729795049741	7	3	1
91800	-217.45629385256	5	2	1
91900	-227.84561503652	8	2	1
92000	-217.722909579123	4	1	2
92100	-228.663273875227	3	4	2
92200	-221.798148363359	5	2	1
92300	-221.352013167032	5	1	1
92400	-226.466075038637	4	5	1
92500	-228.5251110499	5	2	1
92600	-230.502527277565	5	2	0
92700	-223.92350289287	5	2	2
92800	-222.537017326459	5	2	1
92900	-224.003141613464	4	3	0
93000	-219.427749855609	5	3	2
93100	-217.749118989769	3	1	2
93200	-228.062973427711	5	2	2
93300	-220.007667289793	4	4	1
93400	-216.585779004204	3	1	0
93500	-220.459009726712	3	1	3
93600	-222.937499691889	5	3	1
93700	-228.645133328561	5	4	2
93800	-220.678752070636	3	1	3
93900	-213.115381339592	2	4	3
94000	-218.232444187818	4	3	3
94100	-225.856525118889	3	2	3
94200	-215.258991984688	3	5	1
94300	-227.732327769051	5	4	2
94400	-218.457402856959	7	3	1
94500	-222.6506557876	7	3	2
94600	-220.262725107326	8	2	0
94700	-218.035705650074	6	4	1
94800	-220.123529421317	6	2	1
94900	-230.674317184723	10	3	2
95000	-211.618762986641	5	1	1
95100	-222.198427967179	7	2	1
95200	-221.194185831089	6	4	0
95300	-217.055814074667	4	2	1
95400	-231.477093823705	7	1	2
95500	-224.946153410553	4	4	1
95600	-219.213129549192	5	1	1
95700	-218.604099952237	7	6	1
95800	-219.453173977157	6	5	2
95900	-217.998679961917	5	2	0
96000	-219.154078728806	5	4	0
96100	-225.41323166361	7	2	1
96200	-219.083724099854	3	4	1
96300	-223.576455351775	6	1	1
96400	-230.020754729653	6	7	1
96500	-222.914312372142	6	4	1
96600	-218.796763784432	3	4	0
96700	-214.849780771594	6	5	1
96800	-214.719138888553	6	1	2
96900	-218.880226438997	5	2	2
97000	-220.8748671474	5	3	3
97100	-215.685083634153	6	3	1
97200	-215.384509194271	3	3	2
97300	-224.201687266919	5	5	2
97400	-213.669188032127	5	4	2
97500	-214.414637918433	6	1	0
97600	-221.028860048456	5	6	0
97700	-214.603364186578	4	4	1
97800	-221.258840304286	5	2	0
97900	-217.658382039101	5	7	1
98000	-222.439748656817	6	2	1
98100	-216.21645494161	5	4	1
98200	-231.691434039701	8	6	1
98300	-212.715955668167	4	1	3
98400	-230.981374724331	7	4	3
98500	-214.416758912659	6	1	2
98600	-213.467393200001	4	2	2
98700	-222.210369236231	7	2	1
98800	-210.437888615125	4	1	1
98900	-220.218906357507	3	2	3
99000	-217.302360098201	5	2	2
99100	-221.964390844178	5	3	3
99200	-221.888432386538	6	2	1
99300	-213.909144753006	4	2	2
99400	-209.967147363105	5	2	1
99500	-217.175178794664	6	3	1
99600	-221.331715503652	5	7	0
99700	-212.898493861384	5	4	1
99800	-223.898276880628	6	3	2
99900	-213.134613782115	3	3	2
1e+05	-211.26220843829	4	4	1
100100	-218.123156456177	6	2	1
100200	-216.703109972993	5	4	2
100300	-214.66399609073	4	2	1
100400	-220.575121083403	6	3	0
100500	-219.121927865981	4	5	3
100600	-222.290584014641	6	2	1
100700	-214.350240187549	4	4	3
100800	-216.836110493363	3	2	1
100900	-217.359434828542	4	1	3
101000	-219.50253738256	5	1	1
101100	-221.335982038939	6	2	2
101200	-230.882335522879	9	4	1
101300	-221.153590367992	7	4	0
101400	-218.301094767385	5	2	3
101500	-214.399574349211	3	2	4
101600	-213.360044078864	4	2	3
101700	-212.166020958089	3	5	2
101800	-217.775617017985	4	4	2
101900	-212.620879039656	3	3	3
102000	-218.121109632132	5	3	2
102100	-209.858413736305	3	3	2
102200	-234.139468481662	7	4	1
102300	-211.255859781017	4	4	1
102400	-218.642922734289	4	4	1
102500	-222.740986986592	4	4	1
102600	-216.422179087807	3	2	1
102700	-221.816367543484	5	1	3
102800	-219.547548613557	3	3	2
102900	-225.335350700152	4	3	1
103000	-224.094737455525	4	2	2
103100	-219.249398758702	2	3	3
103200	-217.291673908741	2	3	2
103300	-218.140870176468	2	4	3
103400	-220.437861995772	4	3	1
103500	-219.226107395306	4	1	0
103600	-228.386510496289	4	4	1
103700	-220.404094055095	4	1	1
103800	-224.819733305514	7	2	1
103900	-221.65730342596	5	3	0
104000	-220.794859028473	4	5	2
104100	-217.754670159242	4	1	1
104200	-228.014930321472	4	3	3
104300	-226.483144559669	4	2	3
104400	-216.354849783552	4	1	2
104500	-216.72245242026	4	6	2
104600	-219.529903002525	2	3	2
104700	-221.029163401588	2	2	4
104800	-228.006580704211	5	1	2
104900	-216.770948362106	4	1	0
105000	-219.011295800479	6	1	0
105100	-215.435652162487	5	5	1
105200	-222.752046736963	7	1	1
105300	-224.669346342672	4	2	2
105400	-221.180780886997	4	3	1
105500	-216.233035879665	4	1	1
105600	-225.577888871222	8	4	0
105700	-217.881526491049	6	1	1
105800	-226.436947213477	7	4	1
105900	-222.974497666232	5	3	2
106000	-219.094333463222	6	4	1
106100	-217.792091062157	6	2	1
106200	-224.924422308867	8	1	1
106300	-217.882340808222	4	3	1
106400	-220.453772648929	2	3	3
106500	-224.291221147537	5	1	3
106600	-223.575128442293	3	2	3
106700	-220.174500066505	4	5	1
106800	-221.012520162449	4	5	1
106900	-224.008448846013	5	1	1
107000	-224.073041909106	3	2	2
107100	-219.28059701093	3	4	3
107200	-224.982450134347	4	2	2
107300	-214.794723612889	2	3	2
107400	-218.351655499336	3	3	2
107500	-222.631518010796	2	6	2
107600	-218.866230063322	5	2	2
107700	-225.677329417212	6	1	1
107800	-220.772883247087	5	4	2
107900	-217.3267941096	4	2	1
108000	-216.07294972422	4	2	2
108100	-208.45560239343	3	1	2
108200	-219.778997709954	3	4	3
108300	-226.621042904954	3	3	3
108400	-214.826969405998	3	2	3
108500	-214.721816445853	3	2	2
108600	-220.076374494814	6	1	1
108700	-217.702842431812	6	3	1
108800	-223.211788991869	7	1	1
108900	-223.792520217346	6	3	1
109000	-219.013572886324	3	2	1
109100	-222.822121385801	3	7	2
109200	-226.083920328321	7	1	1
109300	-216.281789913567	6	2	1
109400	-218.606604419336	7	2	2
109500	-214.444647711225	4	4	2
109600	-212.856138063287	4	2	2
109700	-221.09931917439	4	3	1
109800	-232.26391789108	7	3	0
109900	-216.538356156805	5	2	0
110000	-221.67181971671	5	3	0
110100	-217.619435238523	6	3	0
110200	-213.687678386799	4	3	0
110300	-219.923896355836	4	6	2
110400	-214.968812011355	3	4	2
110500	-216.875195328374	3	2	2
110600	-219.53452507849	3	3	1
110700	-222.487854831112	5	4	2
110800	-221.480692232762	3	5	2
110900	-227.407400148711	3	6	3
111000	-225.731676819599	7	1	2
111100	-217.584255579779	6	2	1
111200	-217.407534181587	7	1	1
111300	-218.859139280221	6	2	1
111400	-218.396042409183	5	4	1
111500	-221.782456544961	6	4	1
111600	-211.669200894424	5	2	2
111700	-212.295655460528	4	2	1
111800	-214.881702231726	4	2	2
111900	-214.954137225099	5	1	2
112000	-214.664470128593	5	5	2
112100	-222.850017760375	7	3	1
112200	-217.131026429816	5	4	0
112300	-217.302127139932	6	2	2
112400	-215.77998662107	4	3	0
112500	-212.65199787434	4	6	0
112600	-222.3348041568	5	4	1
112700	-213.26910336927	6	2	1
112800	-219.463402086714	5	3	1
112900	-215.220352675947	4	2	0
113000	-218.610998030603	4	5	2
113100	-219.538405725409	6	2	1
113200	-212.79456736109	4	4	1
113300	-211.732341108161	3	1	3
113400	-210.842290072895	4	2	1
113500	-221.052964262684	5	3	0
113600	-210.879617412126	4	3	1
113700	-216.72477330742	6	1	2
113800	-215.101545161275	5	4	2
113900	-222.993882285906	6	2	2
114000	-216.7678114987	5	3	2
114100	-231.614994213054	8	2	2
114200	-221.29628293445	3	3	3
114300	-215.578159761868	3	4	2
114400	-225.075837263689	4	6	3
114500	-213.468252583024	3	5	2
114600	-222.406725634221	3	3	3
114700	-215.463960975854	2	4	2
114800	-225.069785745498	4	3	2
114900	-220.359271868578	4	2	1
115000	-223.46864314247	6	2	1
115100	-221.438935983088	5	3	3
115200	-219.415086221918	3	2	2
115300	-228.056058914137	5	4	2
115400	-214.355406088602	3	2	4
115500	-225.188511483661	2	7	3
115600	-218.517179923817	5	4	2
115700	-216.025091964581	6	4	1
115800	-214.478016218794	5	2	1
115900	-215.532109819352	5	2	0
116000	-214.916051652461	5	4	1
116100	-217.766682496204	5	2	1
116200	-229.419373914584	6	6	2
116300	-220.445441080325	6	2	2
116400	-220.917043268635	6	4	2
116500	-218.843719986283	4	5	1
116600	-219.13045412781	4	2	1
116700	-209.614482933287	4	2	1
116800	-215.817785606142	4	5	0
116900	-217.236362110857	4	3	1
117000	-217.154982452852	6	3	1
117100	-221.488875301821	6	2	1
117200	-217.140395291948	4	2	2
117300	-226.294389371529	4	4	2
117400	-230.085472462886	8	1	1
117500	-227.117024651948	5	1	1
117600	-228.631274598672	7	2	2
117700	-219.512054922795	4	2	2
117800	-225.745810975776	3	4	3
117900	-215.223083972711	3	3	3
118000	-217.988484151737	2	1	2
118100	-226.036223356806	5	5	1
118200	-218.133692045247	6	5	1
118300	-220.987410352235	5	1	3
118400	-215.100759234848	4	5	1
118500	-229.454773522433	8	5	1
118600	-220.970101931705	4	2	2
118700	-228.289017873097	6	4	1
118800	-222.068159296011	5	4	2
118900	-223.419951639031	6	7	1
119000	-230.41342397216	7	2	0
119100	-225.870017504292	4	3	2
119200	-221.745698096141	6	4	1
119300	-217.759842134722	4	1	3
119400	-217.843061158996	4	2	3
119500	-215.379296740078	4	4	2
119600	-219.441459353248	3	7	3
119700	-220.0256114229	6	3	1
119800	-219.816643304855	7	3	1
119900	-208.75473909047	3	4	2
120000	-214.316757181509	3	5	2
120100	-217.493473562743	4	3	3
120200	-212.082944017695	4	5	2
120300	-214.679465349181	5	3	0
120400	-218.77033119674	4	2	2
120500	-220.703349799889	4	4	0
120600	-223.757610909308	4	5	1
120700	-227.615811705786	7	6	1
120800	-212.802870612788	5	3	1
120900	-209.203150485342	4	3	0
121000	-214.554859064979	5	4	1
121100	-217.523744028292	4	2	2
121200	-215.645969645887	5	2	2
121300	-216.89773671407	5	2	1
121400	-223.205979167355	7	2	1
121500	-219.63616578843	6	3	3
121600	-219.494760739921	3	6	3
121700	-214.98320836525	5	3	0
121800	-221.066689084882	4	1	3
121900	-224.617835464828	5	7	1
122000	-222.842318275773	5	2	1
122100	-221.753337989405	5	1	1
122200	-214.018660958912	4	2	2
122300	-212.979093274525	4	1	1
122400	-221.407983824313	7	3	1
122500	-223.42248436966	6	2	0
122600	-219.31099205758	4	4	2
122700	-212.222701299604	3	2	2
122800	-219.125814318083	3	5	3
122900	-220.076280195283	6	1	2
123000	-222.847591069518	4	2	1
