SpeciationRateChanges
24.27449	17.2829	21.70352	10.01185	17.11421	6.085548	15.22703
21.70009	18.35879	23.96547	8.672577	8.686276	3.442047
21.90495	13.33941	24.05578	23.11255
16.6516	24.15162	21.38561	9.559999	15.64699	12.73057	13.7012	4.836173
18.16624	24.00163	3.017378	22.1123
24.00163	22.14562	6.090499	13.11792	11.10611
24.02088	21.95124
22.37144	21.68293
22.10813
22.27583
2.071516	21.57832	24.1705
24.02504	22.08449
23.9506	22.56569	13.23364	12.90642
23.94088	4.995208	22.07115	3.31852
24.01693	2.724806	22.04045
23.98401	21.91813
23.93848	22.05589
24.24127	22.25335	24.11696
24.04061	21.80238	12.89359
23.99982	21.50597	20.99634
23.95253	22.07489	15.57589
23.95253	21.86725	18.26364	6.608235
23.95508	15.19343	21.82084	25.03226	15.17508	21.49613	9.572234	22.09475
23.9264	14.18008	22.28021	3.654697	2.92597
24.24617	15.90764	21.70764	4.621608	0.8517108
23.28737	18.89213	21.08974	2.26316
21.37862	18.4787	24.14949	10.40177
15.61251	24.07625	21.68566	13.88577	10.51135	23.60518
18.68166	21.69683	2.135975	0.0222216
17.58032	22.22912	24.3819	14.25318	4.920358	20.99535
18.68331	23.89046	16.525	22.01432	4.031015
19.01467	21.71518	1.429275
18.08811	24.09925	7.054889	16.94296	21.72612
19.00309	21.31318	22.53469	9.546619	7.810113	2.953507
15.25179	21.69687
22.30876	11.50857	8.316621	4.6978
21.71692	10.52771	5.213206
21.88845	23.99942
21.64886	23.99917
23.99917	21.62922
23.99917	22.07785
22.2514	24.0565
22.30316	12.49832	8.499894
21.72596	3.835181
21.44419	2.149066
24.00807	22.24932	9.758944
23.94803	16.30849	21.76371	10.67517
24.16925	11.65004	21.90469	5.461376
24.05736	2.597169	21.68515
23.97204	22.35982	20.72303
23.97204	22.08128
23.96883	21.96594	21.17327
23.97576	12.75107	22.30941
23.9832	21.06083	9.226169
23.95299	22.44488
23.95474	21.78401	23.90913
23.96191	22.47101
23.95462	22.61651	14.83798
23.96978	15.23378	22.37587
18.73608	21.82015	24.07376	16.45636
18.5012	24.0133	21.05905	12.81963	6.437059
14.46428	23.98062	21.76068
13.13207	23.98062	21.11048	23.19782
14.8208	23.96832	21.17294	1.610496	0.6064289
20.12197	23.96832	20.76298
18.14424	23.95765	8.134134	21.69464
18.25219	24.26726	21.83553	12.21774
18.35427	24.03336	21.38126	10.5899	8.90535
16.99887	23.97011	21.61474	16.96756
9.864611	24.06325	22.37842
23.98351	22.2499	3.707552	20.04758
23.9806	17.25294	22.35517
24.15624	22.19939
24.00311	10.25789	22.6462	9.70224	2.348112
13.92836	22.21166
22.26174	14.81767	2.406432	6.275235
12.5963	21.06684	6.364933	5.181611
22.2022	18.42068
22.35688	19.03475	4.251093	23.72649	0.4821102	15.8781
21.59559	17.67538	23.95063	2.177693	8.630086
22.17584	17.11658	23.95576	23.06403	13.81655	5.797072
22.16309	23.98729	14.78805	20.65479
23.98729	13.2783	23.38975	21.683
23.97681	13.90559	21.4899	7.947724
24.00745	18.04118	22.19745	12.22763	1.410861
23.97234	18.16733	21.99003	9.040614	13.67102	5.153154
23.9984	17.31959	22.16992	4.200613	10.96416
23.9984	21.89137	5.641107	16.47147
24.20132	21.78027	14.73599	9.350462	12.13659	4.335218
23.01968	17.59237	21.69398	11.27254	15.10732
18.24607	21.95402	13.76247
22.09159	23.92953
22.44071	22.4925
22.26392
22.23221	18.01451	9.634329	9.39127	0.5583686	22.25076
22.07043	18.82192	12.7198
22.17114	19.4872
21.68326	18.40357	6.735603	24.84652	4.697743
21.68326	18.07127	1.772623	10.31555	7.804825	14.64133
22.24247	17.62659
22.34371	13.31281	4.531409
22.0584	10.21266	21.20576
21.69704	9.524282
22.09049	12.46049
22.01855	15.6151	7.617837	6.856737	10.77621	2.77746
22.33252	18.23764
23.95898
23.94073	21.44067	12.50422	22.93998	23.21231	10.72501
23.94073	21.71199	1.541258	22.03399
22.0575	9.40886	22.69236	5.746429
22.07004	18.51606	2.010368	10.9334
22.29212	17.6344	9.220613	24.96373	0.9273422	6.604995	2.826514
22.3115	16.89638	11.49294	4.506944	6.029581
10.41461	22.23543	7.555021
7.398162	24.24785	21.38573	2.312159	4.712856
10.45668	23.92217	22.05865	23.314
9.546452	22.33623	6.107065
21.54519	9.299659	22.94666
21.68793	22.34547
22.26487
22.42285	14.3023
9.331572	22.23552	4.30242
22.44407	18.5123	15.68618	16.58858
22.1963	16.36853	8.09225	6.46905	6.391773	7.649663	6.501217
22.25949	15.70448	6.511969	3.676608
22.38549	15.87415	3.422397
22.25253	14.87434	24.54599
22.17207	17.46017	8.989647	2.806317
21.7149	18.14415	2.042204	11.88931	1.295512
21.18452	18.21949	16.8089
21.79526	18.62651	9.104429
21.69532	14.97696	11.36802	8.31815
22.2534	12.63579	10.41601	7.650172	21.24033
10.94322	24.11619	22.34708
15.36052	23.94898	21.57072	3.507726
24.01605	21.71346	20.04472	14.07897
23.97134	22.36058	12.27612	5.468441
24.00085	21.41501	13.39781	21.37734
23.94776	18.0528	23.89463	23.36222	21.69874	23.70339	8.250463
23.94776	18.34336	22.00152	8.305139	22.23514	18.146	16.78446
23.95277	22.25313	1.98515	17.9936
23.94047	22.10097	18.44548	18.19711
23.94047	21.06842	18.44548
23.94047	18.48402	21.57848	0.7535745
23.96438	18.3646	22.23933	5.33064	15.18773	11.06652
24.00612	17.25047	21.9485	5.381513	16.88794
24.03785	15.77546	21.6894	2.77579	8.334627
24.09489	17.96994	21.68388	3.03925	16.96149
23.9878	18.5855	22.05645	1.795355	2.675934	2.070423	10.37672
23.98422	14.76646	22.12108	5.283891
23.98422	12.66987	21.65604
24.17681	17.78082	21.37232	1.456859
18.75626	23.97225	2.726124	21.91369	16.84678
18.5232	23.97225	21.30333	14.11614	5.707465	17.10354	3.691526	6.675376
14.83257	23.97225	22.25902	1.888408	7.057343
18.41414	23.97225	20.76341	6.784305	4.941528	0.5606869	8.871517
13.52914	24.00914	21.71599	13.15846
24.03794	21.64112	23.59813
24.15343	21.68312
24.06268	22.21
23.95685	20.81168	7.8359
24.45066	13.23957	21.31259	23.57602
23.94451	22.01537	15.56658	0.7962912	1.641022
23.93918	22.56434	18.41337	23.83622	21.2157
23.93918	21.17326	18.26491	23.65102	23.7109	22.74048
24.09295	22.0752	17.98089	10.49743	2.934113
22.11681	11.31751	23.52708	11.23922	10.00246	0.9422857
18.4502	21.68539	15.80575	0.9579605
17.33224	22.33573	21.75289	13.05084
15.55292	22.10266	9.908825	7.421112	24.79918	21.89403
11.39181	22.08271
22.10007	19.11707
22.29304	18.10908	9.558884
22.44863	7.546693
8.660366	23.93891	21.17665
5.070723	22.08396	11.14125	9.852375	0.1130645	6.218903
22.54246	17.96843	13.63739	6.56068	12.47558	6.559953
22.6092	18.66989	13.33341
22.06735	18.44166	20.87598
18.28115	23.99166	21.77028	2.87522
18.04639	23.99358	21.11594
18.01712	23.99358	21.69098
16.6644	23.99358	21.68673	2.041131	2.054421	7.304333
18.72276	24.00125	21.96569	4.873262
18.57401	24.00125	21.06053	9.016397	9.564901	13.41481
18.37404	23.92284	22.39057	16.81041	14.72166
24.05394	16.80919	20.9508	12.95365
23.98882	16.82862	22.49625	0.4035863	13.84925
24.11456	21.69101	9.933503	5.716001
24.25595	22.30869	11.47129
24.24701	20.815	18.23977
24.3424	22.17586
23.99258	21.37722	1.719233	11.59309
24.02573	21.29912	24.02459
23.94869	21.86579
23.94869	16.05193	22.02819
23.94869	15.24046	21.62054	14.11291	11.66824
24.07047	18.42572	13.60464	15.05867	22.02875	9.182777
23.90235	13.84903	22.00219	9.404201
24.02577	21.0974	16.4516	6.489507	4.524909	8.727275
24.02577	10.33034	21.07948
23.94588	22.3322	10.67906	1.28507
24.0471	15.08634	21.70442
24.0164	4.417917	21.15187
24.0164	20.65754
24.33724	22.20786
24.31228	21.7027
21.74752	13.90475	1.355562	8.978198
22.28448	14.4005
16.6648	21.00065
18.36671	22.42826	8.296418	3.21219	16.57381	12.04259
17.379	22.23927	24.04424	3.018598
16.51318	21.76845	24.079	13.34451	3.979587	1.90225
16.80957	21.19734	24.08453	14.74702
18.7458	21.34614	23.97131	10.26462	16.45189
18.52308	22.07657	23.97131	3.087647
13.06436	21.57201	24.00499
24.00499	22.22556
24.00499	21.66629	13.40133	9.408758
24.08519	1.826669	22.30264
24.21436	9.539114	21.73295	5.097865	23.14693
21.88963	19.60662	11.47635	3.729233	20.84945	23.82281
22.02345	24.02685	12.01954	22.26098	21.18541
24.02685	9.328783	21.44459	8.025088
23.98015	0.2821038	21.88161
24.01127	11.03273	21.94007
24.01127	15.22633	21.13906	7.037713
24.01127	18.26943	21.21793	16.37284
23.96316	13.91612	21.68882	1.64984	21.89435	4.172556
24.20958	22.12382	12.34779	3.197033	9.765416
24.07341	14.97675	21.91189	10.17186
24.14823	22.84814	0.4195243	1.75863
23.90175	21.01889	15.227
22.21163	19.0025	14.02108	12.14167	11.24515
22.23919	16.24578	16.24137	4.956986
22.79332	15.72347	13.10853
22.14091
22.46648	4.451282	21.08802	2.479782
22.5242	11.92325	20.58633
18.27509	22.09163	0.6674936
18.36194	22.27709	12.82704	4.887564	13.26147
22.2061	16.73618	10.01799
23.86147	18.45668	22.09434	10.54429	4.389014	15.8804
17.95137	22.09434	21.06928
22.35783
21.77065	15.57107
17.66737	22.18281	11.73284	0.9424065	15.22005
17.91252	21.66948	17.84027	12.38177
18.3739	21.66273	2.555686
17.65965	22.34216	5.047052
17.08775	0.2946628	21.4082	14.80733
19.41358	3.412479	21.77708	24.12534
18.9446	21.03151	24.1314	25.02148	18.60047	22.59909
18.60774	22.07524	3.714361
11.18096	22.2428	4.336632	2.205564	4.640458	9.497075
22.36321	10.37302	7.368271	8.472877	3.136271
22.04886	18.17669	5.36845
22.69066	18.4342	20.78603	12.91099	21.48576	24.77901	5.462517	4.327224
22.14241	16.53019	15.93248
22.28585	21.71052
22.34481	21.73112	9.55725
21.74813	0.3275833
21.6972
22.34809
23.42447	21.55596
22.24033
23.16512	2.989085
23.88585	21.8252	16.24718	4.386202
24.18628	22.40935	19.12023	5.977547	2.698272	6.469635	1.052776
24.02099	18.16816	22.00495
24.16477	18.56825	21.73784	0.545584	2.066756	10.68708
19.0144	22.4054	23.96871	5.19496	12.95823	16.72013
18.4787	22.62803	24.03104	16.06363
23.89312	22.39712	11.7557	21.06573
23.97094	22.08173	9.331924	7.798149
23.97094	22.35813	11.26056	9.763082
23.97081	22.45534	2.547687
24.02893	22.21912	4.909278	21.08234	10.78278	0.7131915
24.02893	21.78428	12.2322	16.08404	6.308525	23.32253
23.9482	22.23556	19.49798	10.70304	25.00142	17.79823	7.990236
23.9482	18.17136	20.86634	12.78572	15.91591
23.9482	19.09944	21.80734	7.817905
23.9482	21.38286	14.54178
23.96127	21.77472	18.41836	6.164548
23.96127	23.03187	19.9242	3.291214	21.44344	0.1375441
23.96127	22.0868	18.52134	12.44053	20.92676
23.96127	20.90382	12.06814	23.56185	22.59229
24.12932	21.63993	11.0592	0.3594627
24.03469	21.0878	18.11048	9.660618
23.95	21.36961	15.32338
23.95	18.40768	21.89342	14.17282
23.95685	19.50544	21.11937	18.68586
23.95685	14.08866	22.9853	22.09594
24.10774	12.91235	5.344928	21.42583	11.75609	11.29279
24.07632	14.25977	21.69738	7.047025	11.45961
24.0867	22.04385	4.945177	2.447374
24.0867	21.71877	17.92784
24.0867	18.24822	21.50183	18.57435
16.57392	22.37896	8.581519	8.745462	2.420264
22.33798	10.1033
22.29865	17.94148	7.699803	11.709
22.2306	18.0406	21.7842
21.73269	0.5368319	19.94615
21.65439	18.55547
21.74426	17.97518	7.414049
21.73627	16.82059	12.73396
22.27043	18.88936	22.1684	16.31806	8.932513
18.53241	21.69385
21.7604	24.34396	18.7219
21.73534	24.10534	12.50364	14.55463	7.08285	6.626227	21.07933
23.95422	15.09517	20.99213	14.91957	8.748161
23.95103	17.86635	21.96883	4.567193	4.422837
23.95103	15.80766	22.54284	6.048603
11.67528	22.56363	21.94858	8.23683
23.98802	20.98721	18.92462	6.45733
24.01255	21.92565	18.36919	21.73059
23.96211	18.96941	21.37501	9.60287	5.927887	5.1286
23.96211	15.7675	23.64151	20.79056
23.96211	21.31434	16.0825	5.311119	9.418929	9.873283
23.96211	21.73349	18.61271	6.167685
23.94816	21.84256	16.35452	3.83771	11.67943	10.56976	13.10416
23.94816	18.63512	21.7115	10.8352
23.96382	21.81919
23.97108	22.18054
24.24191	21.40175	13.52392
22.16279	18.40942	22.10088	16.87832	4.77835
22.10995	18.04917	24.10505	21.79435
18.25448	24.1621	22.28185	0.2625278	13.90093
17.83133	24.08345	22.65226	16.22536	11.59472
18.47075	24.02643	21.0187	6.707749	11.08183	2.321308
19.06297	23.92078	21.32682	4.298414	16.11568	0.2106316	3.060804
23.98686	21.67129	14.3879	11.50819	11.77445
23.98686	18.18912	7.346216	21.67933	23.69012
23.99931	18.9204	20.82844	4.803765
23.99931	10.33659	23.82242	21.15381
24.10043	10.92505	21.6997
24.01966	21.0546	5.95106	18.74587	6.745396
23.99566	22.38505	18.6308
24.07292	15.6697	2.708822	21.52836
23.98695	14.66803	21.36712	0.7310899	4.999865
23.98695	11.90125	21.41596	8.173809
23.95211	22.19877	5.693043	8.913332	18.09909
23.95397	21.82419	18.08538	15.4789	4.026033
23.95397	22.22304	18.07851	21.6607	5.502381	14.84031
23.95397	20.84466	17.32153	6.498765
23.95397	21.38975
23.98942	22.89018	22.04332	22.87998	13.8182	18.63924	17.82286
23.98942	17.20081	22.03332	15.35233	9.25681
24.02703	18.19816	21.09568	3.638837	3.890588	1.289172
24.19647	17.84523	22.07619	10.01503	10.01877
18.0417	22.28153	13.57046	14.15626	14.10811	7.248824
18.4687	22.06666	14.21072	5.785145
18.3302	22.85318	21.61689
18.45776	22.58615	21.01568	11.95634
17.64527	23.96107	20.99384
24.03672	21.09105	16.83714	6.230783
23.07457	22.33943	19.05268	15.92181	15.05644
16.40936	22.379	7.257871	14.0955	15.96236
22.04558
21.62972
22.0549	0.2016971
22.08193	0.7476753
22.23068	23.93875
21.65358	24.14923	2.414839
23.97913	21.70949
24.19553	21.63656	23.356
24.123	22.16549
23.95563	21.77007
24.00117	21.35872
24.03645	21.69332
23.98645	21.96269	12.69826	9.971871
23.98645	21.71047	18.46511	11.77994	23.35787	7.493015	13.49409
24.18574	21.80217	19.11064	9.941469	10.53922	12.00054
24.0542	21.63429	18.47822	1.749121
24.0542	18.32847	21.3449	14.8011	17.17633	4.767435
23.94781	18.36392	21.26669	5.737471	17.29964	16.29282
23.94781	16.79774	21.3974	16.27745
23.94052	19.59192	20.87837
24.19289	15.08459	21.50547	6.885886	7.108088
23.92885	19.07012	21.73056	3.077107	20.65871
23.94751	18.45302	21.21122	2.860809	7.829556	7.855042
23.94751	18.47043	21.64099	14.20735	12.35606	17.50421	4.322515
23.94751	17.37243	2.894698	21.68895	22.33756
23.96049	18.32678	21.7128	12.75732	4.739075	6.539507
23.96049	18.34452	21.54615	2.638015	18.23664
18.13242	22.27103	23.92655
18.16637	23.92655	10.07078	22.15451
18.27316	23.9551	22.25528
16.5438	23.99655	21.60455	11.41083
18.20106	24.08248	2.089015	7.584432	21.82076	15.9177	9.321638
17.77509	24.0486	22.08485	11.21353	2.200879
18.20453	24.11435	22.22974	10.79393	17.00545	8.407202	18.11687
18.48244	23.95072	21.34223	18.05255	0.9477559
24.02869	21.98623	18.26388
24.01158	14.78709	7.297969	20.88285	13.91156	7.678475
24.01158	17.32927	22.06748	11.53496
23.96395	17.09098	22.23215	14.12448	11.55596	7.074743	21.42961	10.91819
23.96395	21.99487	11.61409
24.08338	7.697899	22.20206
24.01054	21.70079	15.72734	4.243868
24.01161	12.99322	21.74265	11.16235	1.665875	10.25125
23.99852	9.348584	23.55447	22.39989	8.110395
23.9842	8.043883	21.98261	1.904899
23.93915	21.76083	11.19295	23.93813	4.473246
23.93915	3.342517	21.4884
23.93915	21.65201	16.92211	3.731316
24.08413	21.15001	18.42017
24.08413	22.08537	18.55881	5.070493	5.37616
24.26215	21.84926	17.9692	4.038432	16.60918
20.97641	18.38112	0.6826443
14.96136	22.00341	14.78926
21.83448	15.05269	5.971237
12.78849	21.744	24.00257	3.063547	9.032829
14.00492	21.8087	24.00257
22.05479	23.94626
21.76606	23.99648
23.96171	21.08618
23.94594	22.03511
23.94594	22.16565	23.29813
24.03581	22.22821
23.98074	21.71387	10.9725
23.98074	22.04995	14.52613	2.970381	23.77669
23.95005	21.72929
24.10567	21.4079
23.94872	21.30267	21.32226
24.11476	22.36239
24.12261	21.86912	18.47567	6.349539	17.42914	12.09568
23.94376	21.59086	17.35755
23.94376	21.53962	18.27827	9.456821
23.94702	21.51226	13.85968
23.94702	15.66856	21.87531	13.51256	3.198307
23.99057	21.68355
23.94858	21.68391
23.94786	22.00523
23.94792	21.57343	17.40662	4.578471	23.51982	7.047799
23.95841	21.77277	18.97016	6.511731	15.00618	8.782816	2.312532
24.03491	22.05922	17.62173	5.09042	23.58947
24.03491	21.70422	18.47017	6.167018
24.01946	21.16022	18.30523	17.28524	2.254395	0.3698224	15.09445
23.85366	18.47176	5.166712	22.13922	11.42336
22.27959
22.0167	18.45454	15.10263
23.86186	18.26901	21.72422	8.22189	1.813206
22.01678	12.55724	6.488114	4.930756
21.71667	18.22636	15.1207
22.31603	14.54019	16.08723	23.91553	12.68962	10.38641	1.016485
22.3543	24.44483	3.994133
23.99363	6.516656	21.33439
24.01229	7.818658	21.69705	23.1358
24.01229	21.70878	5.151107	23.1711
24.15958	22.28662	14.03978
23.96193	22.53861
16.14532	3.542371	22.60966	13.40326	11.262	21.4306	12.52651
17.96789	22.2528	15.3742	7.543515	16.57251
14.88148	20.85812	23.99779
12.71387	21.72864	23.94075	23.86225
21.76525	23.96895	0.3209956	11.12577
21.22463	23.96154	14.71979	23.4574
22.08786	23.99054	15.73238	13.43398
22.11713	24.1908	16.90405
21.98889	23.94398
21.25603	24.07629
22.25253	23.99196
21.69976	23.97842	18.32803
21.34672	24.00543	18.44402
22.30239	24.00543	18.25742	0.08338716	1.074385	20.792
22.06998	24.00543	17.71257	5.31093	1.336953	5.490681	2.831386
21.48493	23.98659	15.59144	5.324273	10.73364
23.94807	12.93458	21.12031	6.677741	22.00833
23.94807	17.21243	21.6617	14.9169
23.94807	17.58735	22.02591
24.0485	16.7691	22.08548	9.187589
24.03797	21.91979	12.72602	0.1242372
24.02079	22.0889	23.76246
23.94395	21.88508
23.97666	22.08567
24.00839	21.71641
23.99341	21.73672
24.01231	21.6977	8.460022	7.045259
23.97702	18.32574	21.68868	23.91663
24.09692	12.55132	22.07958	15.15091	9.579501
23.95239	10.21239	23.77316	22.89159
23.96276	21.10211	12.96855	2.233619
23.97284	22.06703	12.82841	23.35292
23.97284	19.12589	21.9164
23.97284	18.38407	22.0695
23.97284	16.42753	21.75948	12.71141
23.97284	16.8337	4.715192	21.42547
23.85368	17.43748	21.85812	14.40391
24.00241	11.9243	22.0418	6.929872
23.94716	21.33182	17.48839	9.517264
23.94716	23.59993	19.19165	13.25333	22.07451	18.27894	16.90875
23.94716	17.94554	21.97004	14.4422	17.06975
23.96794	18.08152	21.87433	2.335282	4.926968	1.466408	4.956427	15.38779
24.26219	18.31074	22.23648	3.692326	15.86617
17.23125	21.69388	14.65824	8.854923
17.1216	21.6915
13.20529	23.97518	20.76144	3.830186
12.54387	23.97378	21.6892	9.616764	5.46705
14.73515	23.97378	21.6892	3.814137	11.14352
23.97053	21.09315	23.68573
23.94987	22.54623
24.02252	20.81906	18.46975
23.95867	22.72447	18.44073	11.91855	21.74349
24.01747	18.2409	21.72976	2.396734	21.47458
24.35439	16.37695	22.23222	10.1003
24.12052	18.45631	21.88456	5.258839
23.94918	17.36263	21.57323	2.036767
24.09231	18.52819	22.49299	12.93619	20.7681
24.02322	12.8274	22.30139	4.105461	7.697703
24.0149	21.68729	8.669377	6.545163
24.04735	17.97092	21.77674	8.085113
24.04735	18.31757	21.81945	6.775175	15.19957
24.07142	18.23531	20.6625	2.688959
24.17444	21.69252
24.00128	21.93974
24.00982	22.3715
24.00982	22.2618
24.1543	21.06802
23.95559	20.90709
24.01018	22.2382
24.01308	20.56502
23.98346	21.46038
23.97517	21.79432
23.97517	21.82953
23.97348	22.19298	23.46869
23.91649	20.8101	5.718513
24.08273	22.04863	19.01534	13.57725
24.05052	21.09147	18.50661	6.636791	11.05588
24.02281	21.09618	12.11241	8.913235	5.500476
24.02281	21.76074	10.88157	1.666771	9.132103
23.91033	21.87527	11.49601
24.07628	21.65847	5.283556	22.35053
24.29427	22.15042	23.34997	2.814744
22.40814	16.62902	8.795912	20.8233	7.451007
22.05377	18.15202	23.97638	13.10499	4.744957	9.657332	2.746778	21.16129
22.07145	23.98304	14.59072
24.02946	17.70938	21.10353	21.87046
14.45695	22.23629	6.368965	12.51949
17.34913	22.24152	0.5104151	21.42954	14.98242
14.95381	23.92326	21.06298
18.36157	23.95615	21.04146
18.42826	23.95277	20.57885	4.754559	4.431983
23.95277	19.58249	21.53991
24.07502	18.58294	15.65879	8.04068	22.08421	2.811514
24.03858	18.98248	21.50295	3.321913
23.93923	19.4814	21.74232
23.93923	21.95009
23.96372	16.85412	22.05807
23.96372	16.84389	22.28402	10.28461	0.7530923
24.00865	15.76531	20.81871
23.9635	17.8555	22.0688	15.6644	21.73504	9.093013
23.9635	22.07692	13.22018	9.401106
23.97565	22.23366	3.718963	21.34536
23.97565	21.43601	14.84915	21.62684	8.207622
22.32827	12.22808	1.85764	9.168182	8.019046
22.09246	17.93795
14.52152	24.04631	22.04466	3.576368
19.7375	24.04631	21.74153	23.14236
24.01107	0.2050552	20.83976
24.04339	9.94317	22.07561
23.99268	22.31119
23.96006	20.98071
23.95816	21.22728	2.310988
23.94026	22.06715	16.8891	8.946001	1.416966
23.94026	15.78561	22.01432
23.94026	18.27347	21.64356	4.864771
24.06229	11.45072	21.72726	5.552872	4.866239
24.00098	15.7889	21.6196
24.00098	17.5106	21.72185	12.4587
24.04895	18.33255	9.551971	21.07587	16.55234	3.433885	3.54963
24.04895	18.28956	21.87429	17.40087	0.2983657
24.18577	18.07373	22.25305	24.94776	2.53105
22.20051	16.2122	18.46488	14.85128	4.058573	0.9780333	12.57904	0.4865471
22.34467	19.68126	13.79443	18.94541
17.66301	22.18784	23.69377	21.87456
18.28274	21.71217	21.84678
21.74264	23.9681	17.00999	21.39577
21.58229	23.9681	15.76802	1.681872	12.4502
21.75519	23.98206	16.69421	0.9884587
21.64303	23.98206	14.38562	12.29447
24.04007	18.4063	22.07584	5.032785
24.04007	18.81015	21.148
23.95811	18.84677	21.6613	1.670253	7.331522
23.95811	18.83126	8.177539	21.83704	1.80476	11.34797
24.14117	17.82952	22.07879
24.05247	16.88994	21.73027	10.5646
24.05247	18.35508	20.80917	22.92693	11.16445	0.7739641	21.71446	7.2911
23.9674	18.31239	22.06
23.9674	22.25283	9.339042
24.05449	22.3542	4.769554	19.43415	8.269411
24.05449	18.51251	2.523662	21.39462	3.46367	3.247431
18.20852	22.16573	10.69399	8.793902
13.45333	24.22961	21.74352	2.670501	1.677018
24.07745	21.31444	9.051013
23.9709	22.07179	17.62212
24.04188	21.71558
24.06454	22.5776	23.56587	4.675156
24.06922	12.46438	22.62386	5.169477
24.34159	12.46403	22.11662	7.430614	2.153933
8.944393	20.8976	24.06571	5.339451	1.119112
23.96179	8.438898	21.00212	22.5424	7.861277
24.03631	21.37436	17.46754	2.920847	2.48156	3.760787
24.00656	18.44083	21.93695	22.999
23.93965	18.93121	22.16914
23.93965	14.91862	20.80779	12.04322	3.938634
23.93965	18.84126	21.74399	3.265835
23.98655	15.9571	21.74399
23.98865	14.99812	20.58966	8.756156
23.96905	18.43935	7.846166	22.16955
23.99412	18.47382	12.07632	20.91937	11.08363
23.99412	17.90562	21.7164	12.31413	13.7052
23.99232	17.46086	21.88102	0.762131	22.71316	11.89834	5.118477	23.58068
23.99232	17.23557	22.2305	15.24508	16.77854
23.94468	18.27835	22.35342
23.94468	16.83291	21.7451	1.878531	22.47522
23.94468	18.2259	6.212638	22.02269	0.9982095
23.94249	17.13651	22.37142	22.02007	7.712649
23.94249	11.5173	23.75646	22.08514
23.94249	20.82517
23.94822	21.68401
23.94822	22.26732
21.79413
21.70548
21.62597
22.34279	13.03886	21.18453
17.885	21.43467
22.59917	17.84455	19.92518	21.36489	16.02943
22.25724	17.93461	23.51378
21.48857	18.36691	5.958947
21.51369
22.09793
21.89126	18.5524	0.8675665	5.197609
16.48302	21.8215	3.032587	11.84883	24.18856
22.14853	24.0405
21.69333	16.24226	7.469848	14.5764
19.02481	20.86167	23.4771	22.14144	9.385039
18.34275	22.14144	0.7824798
17.27268	22.25815	16.11034	21.27459
18.35846	21.36413
9.755056	21.1637	8.847097
15.74993	22.15558
22.26944	1.703987
22.35013	0.6668043
22.0297	1.89029	13.59162	0.001140353
21.3787	18.51282	25	0.6047158	1.416485	10.92055
22.35116	18.30568	20.7414	5.36036	21.27997
24.57828	18.91926	22.35316
23.96145	16.70236	21.13094	15.70443
23.98556	15.81607	21.33068	9.97621	0.3029573	1.2592
24.04309	11.8585	20.98215
24.04309	9.416617	22.19758
24.04309	20.87123	17.732
23.97363	20.91935	17.69643	8.68882
23.97363	17.96052	22.19763
23.94452	18.25871	21.69736	6.030487
23.93994	18.32325	21.15713	0.750584
22.99676	19.36536	21.1484
9.82935	21.77697
10.15415	22.33907	8.517443	24.29327	4.537762	8.051775
22.05416	23.83867	18.46016	8.449835	10.26414
24.10104	21.36578	14.84107
23.9724	21.10037	10.33993	9.433106
24.09895	21.72619	12.61433	5.110706	11.71234	3.441895
23.93908	21.68685
23.93908	22.31729
24.03309	21.64999
24.31909	21.79851	19.59339	7.214258
21.23617	15.44815	24.20895	0.9208154	14.65882	6.220794	5.023987	10.63678	11.59851
22.57283	8.425383	16.15886	8.630363
21.8057	13.71924
24.13673	21.62845
23.92012	22.05027
22.04489	8.787916
24.23859	11.99911	21.67531	1.344332
22.43653	3.888198	24.1143
23.94725	23.51787	3.752721	21.82588	2.760579
23.94725	7.353144	22.09245	0.4963819
23.94725	19.18934	21.58481
23.92449	18.66531	21.18535	6.676179	17.17394
24.06857	14.46267	21.16587	23.98056
23.96533	17.57056	22.27367	5.401891	23.47332	23.64593	12.20392	5.796967
24.13755	19.28839	21.31072	18.12958	12.42815
24.07008	16.60043	21.02037
23.93729	16.61905	21.1855	13.29983	7.304339
24.04039	22.38117	16.31039	15.51757	10.78374	14.9284
24.08894	22.10346	19.60999
24.0894	21.86741	18.42422	17.70553
23.93897	20.99315	18.98397
15.51581	21.70303	4.6324	3.490672	5.201192
16.86142	23.88765	21.09282	13.82989	6.256382
18.35595	24.06094	21.09056
18.45961	23.95667	21.89321
18.63862	24.1297	21.16469	6.675873	16.79627	20.79942
21.34575	19.58018	0.8212634
21.9207	18.36367	9.157694
18.11689	21.47858	23.23348	7.387552
22.26308
22.38509	9.703306
21.78205	24.14763	11.03016	5.288833
22.70959
22.09227	16.36395	8.709537	12.17506
22.42678	18.0139	7.02644	22.47708
23.95017	17.77835	10.44629	21.73615	11.44084
23.9628	14.86642	22.44715	7.038944
23.9628	15.61699	21.78977	14.18326	4.033731
23.9628	19.60225	22.30256	10.60644
24.09324	16.85387	16.36238	20.83351	16.56579	13.75069	2.108084
22.43474	11.8012	21.05558
21.83102	7.953451
22.26343	12.15171	10.14381
22.08489	18.29788	21.23606	13.11315	20.95591	2.721331
22.42263	8.170297	6.736059
22.08004	17.65139	6.295521	5.119359
21.21265	10.5436	3.810626
24.107	17.05973	21.68978	7.951112	16.94412
24.31334	22.23725	24.04687	5.819738
24.37624	21.69938
23.94202	21.62735
23.94202	22.09019
23.94202	22.20853
23.94202	21.60201	23.75997
23.94202	22.08727	22.75359
24.06509	21.36113	13.5839	0.3984265
24.00454	21.69653
24.03611	21.82708
23.94948	21.68265
23.94948	21.59973	3.191535	1.241173
24.0623	0.7170176	23.73941	22.07775	22.31265
24.03669	1.617965	22.0316
24.07519	22.4148	17.13438	6.187281
24.07519	21.66333	13.95588	4.753772	23.00643
21.68671	18.21058
22.33607	15.10925	5.662607	3.231184
18.52209	21.88167	9.005434
3.964338	22.62926	2.453242
21.18891	23.98384
21.81997	23.9397	8.871089	2.5575
23.97974	14.18106	21.36529
23.94467	21.40593
23.94467	22.11624
22.3167
22.59703
22.28749	17.80631	5.873303	21.30706
21.80125	18.08426	11.02554
14.70856	22.20421	11.30319
15.50265	22.3481	0.9382471	21.09748
19.02844	23.99285	21.49547	16.37604	20.33	14.66692
16.13779	23.95525	21.00223
17.84501	23.95525	21.88342	12.56957	5.148086	7.234363
15.66601	23.95544	5.225365	22.13328
18.45421	23.96493	23.59856	12.05446	3.691207	22.69933
17.26719	23.96493	22.30732	2.06905	1.027164	13.34048	2.316767	10.27764
19.24138	23.94567	20.80349	6.475413	15.68262
18.39034	23.94567	22.26436	9.01563	23.6471
18.11667	23.94567	22.2505
14.21551	24.20952	3.228795	22.73882	3.393191
7.381991	23.98229	22.6668	4.13508	5.908085
23.98229	22.23501	16.78556	13.55389
24.05054	22.87307
24.09876	22.07371
24.09876	17.53355	22.34213	21.2649	7.252174
16.70456	22.08395	8.45429	1.73402	14.93125
18.33544	24.18447	22.17889	7.862273
14.74119	23.94834	21.65979	6.638585	12.26343
17.16606	23.68139	22.38437	21.53709
16.27449	21.90702	24.28045
18.4555	21.80167	23.96714	14.64973	10.89842
16.68185	21.88977	21.11649
18.38841	24.06815	21.80651	10.29078	1.001473
24.10195	22.41227	22.78677
22.62593	22.25513
22.01907
21.37424	14.74076	6.455879	13.63953	5.973237
21.30598	18.32139
18.45571	22.6695	21.69111	9.074339	8.845335	16.93112	12.87884
18.16483	24.23728	21.69111	14.07011	20.90139
24.60712	22.6084	9.577658	5.284884
24.26171	8.404352	21.99159	6.355351
22.07164	14.26869
22.56403	7.597695	17.23361
23.98906	21.7351	1.315817
24.0573	14.90522	21.36184	6.74864	13.55327
24.0872	4.003329	21.80234	21.18192
24.0872	5.239922	21.09664	1.783043	0.3175514	0.5486074
24.02273	20.90905
23.96624	22.25756
23.98062	21.70237
23.94536	18.4823	21.65623	22.79361
24.10393	15.4826	22.28134	13.57213	1.244817	10.73691
24.00886	16.85804	22.0108	16.83507
24.07024	21.33141	15.41538	21.11016	9.188924
24.10182	21.08493	18.97885
24.10182	22.05914	16.81078	1.844402	11.93992	23.11638
22.61079	15.02692	21.73157	23.86802	18.81644	13.02156
22.09197	24.24991	17.59754	2.725058	1.594722
21.41942	24.06021	18.43695	9.195387	21.74548	11.37852	3.288002
24.06021	17.1859	22.54652
23.93699	18.48501	21.0726	4.844356	2.793411	3.09025	23.76167
23.93699	17.63068	21.30998	5.114389	21.30783
24.18846	18.68217	20.55999
24.12628	22.16995	16.02362	8.229483	8.561347	0.6259915	10.16629
23.95875	21.99442	0.0561675	13.55092
24.00991	21.28116	12.47293
24.02012	19.57218	21.31809
23.94929	8.739727	21.18591	3.740053
24.12203	21.23069	14.60775	11.75365	12.53889
24.09573	21.30909	18.76837	16.72826	11.48234	14.74535	3.003175	1.462426
24.03635	19.29166	21.39758	11.06799	15.07956
23.99584	16.39476	22.22632	2.229519
23.99584	17.72943	21.71845	15.48451	14.30439
23.99584	18.45978	21.37198	14.64028	1.539663	10.46329
17.48568	22.68548	20.97833
22.39595
21.70699	11.75876
9.319932	23.96196	21.8588
23.9638	21.88861	17.6736
23.96244	22.31332	17.95785	21.05196	15.30032
23.96019	21.67148	12.64218	1.766244	23.56318
23.9489	12.40303	21.91147	2.881525
23.9489	5.005983	20.03036	4.205573
23.9489	20.99983	6.954017
24.01128	21.9609	22.70724
24.10603	21.71224	18.98774	2.723679	9.668783
22.06431	18.08576	4.612762
22.33388	18.41766	5.219494
21.65626	16.35177	4.654288
22.2712	17.30599	2.028364	21.60635	14.6368
22.01489	15.92184
22.19999	16.06027	3.956698
22.14497	18.4357	2.023128
22.20677	15.2465	7.66357	13.77519	0.9401075
22.52246	15.95908	22.06363	7.698554	20.98444	7.098561	5.170557
24.13409	18.02866	21.7114
22.16524
22.02479	17.15069	10.61581
22.25292	18.39242	16.09134	24.45818	10.42217
17.20322	22.14594	12.76331
18.99106	22.1982	4.197156	5.794982	6.243638	21.11646	13.95942
21.68539	6.686764	20.6978
22.11135	12.68465
23.83325	21.76744	8.915072
21.18633	13.27589	24.05228	23.97885
24.04492	21.68955	0.5822113
24.0399	22.13697	4.232569	1.444525
23.9643	21.33537	9.946664	22.61107	3.677691
23.97085	5.004797	21.37821
23.97085	9.500851	21.08838	5.411708	5.101486	2.133768
23.97085	10.86492	22.3077	2.00055
23.97085	12.56116	21.441
23.97085	13.48982	22.23517	13.25818
24.14423	22.10028	11.40393	5.906722	8.397143	21.7154	10.7864
24.1835	15.74523	21.33027	0.4502888
23.95472	22.05146	6.396681	18.36504	19.82972
23.97198	19.02373	21.78707	6.389567	22.0036
18.04242	22.07799	23.98231	12.76035
21.69536	24.16107	11.87954	3.077205	9.174782
21.47108	24.10903	14.73654
23.95202	22.45065	17.88164	3.079856	2.351371	8.08482	5.592469	12.89711
23.95202	15.75098	21.60625	11.89298	7.804661	2.061822
23.95202	16.22645	21.71107	9.014041
24.02953	17.94097	21.74705
24.19116	18.52186	22.11342	0.8459085	0.8754399
15.1322	21.87984	3.60109	12.48573
22.31603	18.11369	12.00092
22.38921	15.15398
22.23234
22.06821
22.07902	9.460926	4.669014
6.500722	21.88715	2.263595	5.059798
17.15571	22.27327	1.056397
14.62199	22.28301
18.22624	22.15434	19.79871
11.48511	22.92374
21.08352	18.07599	1.741747	14.0395	9.07971	21.62364
22.00529	13.81153	7.370142	7.829339
21.73802	14.64847	13.07068	10.75468	6.080238	6.020701
22.04063	14.98066	23.93143	4.128965	8.90903
19.80128	23.94727	22.55399	22.20378	17.65289	15.29027
23.94727	10.1658	21.17654
23.94727	6.37618	21.74744	1.136506
23.94727	22.20399	21.68333
23.96349	22.09608	22.96391
24.12866	21.08178	23.78203
23.05309	21.60509
21.75718	21.19606
22.14781	12.52714	3.348711
22.16531	19.10422	10.09731
23.95018	15.73595	22.27567	22.71406	3.56324	7.442213	9.423501
23.95018	18.39267	21.39242	10.09623
23.99599	18.28346	21.68276	21.28864
24.09744	18.35303	21.66018
24.09312	19.56473	21.79447	1.269619	18.2773	23.15286
23.97607	18.37274	21.91846	14.44117	13.50921	11.72726
24.01772	18.10087	21.73673	12.21135
23.95987	15.69786	21.65864	2.669601
23.95987	14.46816	21.71051	6.472517	7.714793	6.094918
23.95987	22.52777	18.55943	4.938321	21.72416	13.90977
23.95987	16.83015	21.7239	15.61672	16.41915
23.95987	14.73391	21.52413
23.9452	18.0013	5.45608	8.626734	20.99283	15.29465
23.9452	18.47158	21.64361	2.51188
23.9452	21.29867
23.9452	21.78013	5.648669	2.085354
24.04918	22.12577	3.510001
24.0263	21.60127
24.02375	17.66927	21.33316	10.30693
23.97254	17.64353	2.287584	23.4359	21.4713	6.837437
24.00951	21.55224	11.0651
24.00951	21.72497	14.84585	5.329647
23.97545	22.11698	18.49997
23.9532	20.84806	17.00662
23.9632	22.04219	20.12655	13.75725	10.54378	21.76306	11.07867
23.97644	21.38176	15.49063	14.32046
24.05306	13.95965	21.48848	8.773336	0.8954624
24.02302	21.0662	12.04707	11.13587
24.10071	16.94836	22.18667	20.79237	13.77159	23.55508
23.96111	21.65863	16.8401	5.600682
23.96111	22.65811	18.27524	19.50167	12.43748	22.30057	9.563379
24.27961	22.06768	20.47698
21.67824	16.96358
22.47894	18.59419	21.09405	12.96868
21.77632	18.87041	12.51403	16.4078
20.67408	18.2299	22.8697
18.43885	22.20157	9.894588	14.69131
17.97566	22.64567	22.25591	2.362035
12.53366	22.23995	10.43924	5.761358
22.50382	17.32119	21.68788	22.48844
18.45079	22.0345	6.027982
15.4279	22.06886	4.108408	8.813437
18.09982	22.2378
22.33937	9.580581	4.556329	7.441854
22.10253	13.78111	15.71655
21.79338	18.48767
22.34675	2.444097
22.0408	11.58021	6.211463	7.818868
22.03426	16.57547	0.2461666	2.29995
22.10333	10.69641
22.06449
22.14961	23.99527	17.92057
20.71719	24.01961
23.97223	21.71659
24.10629	16.49529	22.33058	22.04677
24.09194	18.32734	21.07653	6.17331	17.17551	9.953515
24.01162	14.69092	21.88095	1.078851	4.44334	9.688832
24.01162	18.1138	4.487059	16.95907	21.73999	0.7113468	8.798683
23.94324	16.11557	22.29856	14.19152	15.27399
23.94324	18.48082	22.45077	0.897099	21.08638
23.94324	17.21477	15.85735	21.08514	8.232955	16.90879	10.48534	9.277556	10.32284
23.94324	18.49138	2.301093	21.71188
24.02507	15.48945	21.94989	20.79465	23.98638	23.48398
24.02507	18.44106	20.89274	3.636939	11.48527
23.99321	17.49927	21.17893
22.44063	1.823091	4.01045	3.265227	0.7563996	3.839245
24.13258	16.77319	1.75131
23.90521	14.68158	21.71502	21.66116
24.08976	18.25193	21.44154	2.243858	12.74682	3.506733
23.99342	17.39796	21.71441	2.900863	15.51499
23.71488	21.17828	18.06405	2.874018
24.15936	22.09358	17.97717	6.419206
24.10893	22.14532	17.9813	12.08741	17.35686	9.594922
18.35536	21.90423
17.75287	22.06153	6.884074	8.455681	15.28823
12.74803	22.05598	7.603047	6.166109	0.1520969
17.27865	22.21082	20.90629	3.803432	3.194048
18.0161	22.37279
18.97954	24.08524	21.41704	11.30553	1.147905
23.94954	8.826204	21.7048	8.239216	5.058961
24.14827	9.395867	21.87702	2.59184
24.08664	10.08481	22.24732	7.28548
24.02703	12.63193	22.36514	20.94466	22.91433
23.8979	21.32179
24.35327	9.06159	21.10808	22.92945
24.03866	21.40099	17.19037	0.2854664
24.03866	18.44424	21.3722	22.28406	1.653797
24.03866	18.03249	21.73649	5.401093
23.92396	18.07664	20.91771
23.98877	18.14413	2.756154	21.36607
23.98877	18.41698	21.01343	0.3751587
24.02025	17.28646	21.33014	6.657091	9.306366
24.02025	17.6722	22.09739	14.24605
24.02025	10.8747	21.13628	9.612543	21.31311	7.274	8.535147
23.97945	21.8694	21.0515
23.94654	20.90744	21.88079	9.425924	8.828448	9.385555
23.94676	22.08793	6.963605	23.23037	0.8360297
23.96797	22.07179	1.394143
23.95063	21.95349	12.91713	1.562268	11.51967	7.743753
23.95063	12.35587	21.84195
23.95063	21.45398
24.03421	7.742218	22.29812	3.179513
24.12784	21.62504	24.48771	22.7658
23.99142	22.41294	23.66641	10.14338	5.630744
23.95222	10.11032	21.85358
23.95222	18.92355	22.09252	0.8538521
23.95222	17.75423	22.08056	1.267703	10.36832
23.95222	19.01088	3.842283	20.80322
23.95222	18.34924	20.80354	6.816597
24.25432	12.35406	21.77117	7.69922	12.00062
24.13349	22.11502
24.08777	21.71629	10.80946
24.02462	12.49812	21.75459	12.04153	8.074968
24.02462	11.97197	21.089	8.109618
24.00285	15.40348	21.4299
24.06097	21.69078	8.322015	19.13802	16.64716
24.06097	21.62443	9.445027
24.0388	22.18615	8.312677	2.213532	19.32479
24.04218	21.18941	8.63644
24.0131	21.91981
23.9678	20.68013	22.62515
23.99638	15.4988	4.746558	20.6368
24.00544	22.3601	1.369188	11.88222	15.66752
23.96755	18.16771	21.69737	5.220569	16.01289	12.43165	1.030686	21.17096
23.96755	18.57658	21.81501	1.089075	22.45581	21.33424
23.96277	12.16475	22.0497	2.847125
23.96277	20.84435
24.19019	20.84091	24.14523
24.04757	21.69637
24.01758	22.00257	24.01279
24.14939	21.4236
23.95277	21.16379	8.244703	5.884329
23.98366	21.77817
24.01263	18.05596	3.247234	22.02186	0.9010978	17.94425
23.92667	18.76137	21.71538
21.76605	18.21216	13.78716
18.42497	21.73882	5.584628
13.75972	21.64329
22.15967	9.453535	22.13606	0.9820074
21.31642	8.421361
22.08581	8.787993	3.196975
22.11803	11.92217	5.363484
21.4311
22.17259
21.36469
21.3686	19.15759	23.10699
18.37165	21.12357	22.14787
18.0886	21.36191	6.225924
16.6051	22.24839	9.880182
18.20367	22.261	15.62812	2.22136	14.87362	12.32373
18.31192	22.06971	2.355554	24.93482
18.66185	22.07886	11.05345
22.33538	15.44083	6.017748
21.89875	6.703525	3.181573
7.176908	24.11456	21.59927
6.3425	21.98384	23.90092
23.70419	8.115902	21.72306
22.13558
22.03293
22.10115	15.75669	2.50302	0.7427612
23.98931	18.93808	21.26652
23.97373	18.55401	22.23264	5.552448	23.03867
23.97373	18.83559	17.93813	21.54135
24.19254	14.70624	22.15701	12.31834	14.5496	9.481288
22.16671	16.69429	11.19845
21.73383	16.31306	3.640497
24.00574	21.81536	13.90451
23.97471	22.03214	17.82669	9.701247	6.744757	0.7960923	23.69205
23.97471	18.12317	21.07499	12.33993	5.309234
24.01136	18.00348	21.42266	22.2393	13.74013	11.08929
23.96244	16.82656	22.09524	6.495477
23.93967	17.02485	21.80491	6.007079	8.701859
23.93967	17.63886	21.69031	12.26296	23.33082
23.93967	18.07668	20.6665	16.80001	3.201704	6.285001	23.27501
21.73309	18.37129	10.62027
22.16591
24.1308	23.5106	22.3541	20.76776
22.37764	1.197046
22.42209	12.31378	6.356486
10.73299	21.80205	22.32711
16.85048	22.44821	5.67834	5.399695
21.41307	0.5530986
22.09292	3.058059
22.37452	17.02735	20.07061
22.07081
22.26001	19.05803
22.33056
22.58446	11.37886	22.23089	9.61064
21.76034	15.05943	9.605055	6.03501	7.179799
22.29144	16.17727	21.54612	13.73849
21.84654	14.71791	4.31799
22.25606	17.57486	0.3823333
21.37275	23.95425
24.07478	21.74422
24.17002	22.22807
23.94709	21.1087
23.95681	21.09036
23.87989	20.64933	16.91758	16.82021	16.38789
23.96994	22.13646	18.60511	15.13846	16.94299
24.00922	21.35951	16.47751	9.768513	0.6832583	15.93571
24.3298	17.11891	22.2624	13.1718	13.73616
16.87168	22.063
15.28863	21.36449
13.95062	22.39601	24.22312	12.42249	22.09194	11.20154
18.39679	24.01037	22.20493	11.80202	10.57984
11.1296	23.95444	21.73374	7.992977	4.560884	6.975225
7.078381	23.95444	22.20592
5.514234	24.03783	21.73199
10.84052	24.03783	20.98825
24.21118	22.0353	18.25608	8.947415	4.993248	20.61993
24.2301	21.69173	17.2596	2.933804
24.2301	21.70869	19.58141	9.87499
23.95636	22.22174	18.41697	6.070677	7.527544
23.97812	21.90843	18.38145
23.97812	21.70037	12.42859
23.97224	22.72685
24.24172	22.10687
22.26193	6.817855
21.31017	9.241338	2.251522	23.59686
22.33754	14.95647
21.72618	9.694882
9.612671	23.87018	21.76166	23.05258	4.188972	3.758446
11.55049	23.94422	22.13914	22.90022	1.592765
23.94422	8.987675	21.70004	3.201544	9.272278	15.88468
23.94422	20.99429	18.05301	21.14565	22.43937
23.94422	20.92344	18.31597	10.30609
23.94422	20.84188	15.70978	4.561661	2.256614
23.93978	18.16163	15.87172	21.79029
23.93978	16.56088	21.76516
23.93978	14.44054	21.59448
17.97035	24.05303	22.03001	20.50603
19.52951	23.95797	20.63319	13.33745
23.95797	21.09366	16.71363	7.168399	23.38448	8.209403
23.95797	21.71949	18.45954	10.17265
24.15129	21.79428	19.53833	3.215189	23.25632
24.19017	20.83355	17.4365
23.94965	20.99812	18.23338
21.95222	18.9063	22.60819	8.420117
22.10077	23.99553	18.9963	14.39799	17.26048
21.3464	23.99316	18.29924	10.96001
21.81744	23.99316	17.15834
24.00132	14.08009	22.3516
24.00132	18.42236	21.30912	23.53058	7.981042
24.00132	17.61244	22.12142
23.94807	22.49826
23.94807	14.93585	22.01161
23.94599	20.9599	18.16251	4.492533
23.94599	22.0364	17.19533
23.94599	22.11586	20.17053	13.52403	6.941914
23.94599	20.81032	18.02524	8.595106
23.94418	21.09968	18.74428	5.863527	9.745238
23.94418	22.12745	16.20192	20.78755
23.94418	19.60941	21.48736	16.55554	6.777605	14.8126	6.472681
23.94418	20.86909
23.95556	8.346558
23.92319	4.274738	20.83036
24.08972	21.60808
22.56794	22.55397
22.61111
21.74052	2.351023	8.082
22.23496	11.69927	2.453638
22.25613	15.50598	5.676015	12.01258	1.48731
21.72829	9.85051	4.013325	7.103047
22.16355	9.173439
22.28366	5.94526	3.441767	3.419964
23.98395	20.81785
21.43318
22.37692	23.94636	23.36973	9.741677
22.2434	23.94636	23.21282	13.07267	11.2668
22.04741	23.94636	18.24577	10.07288
20.969	23.97192	18.19636	10.35406
22.40687	23.93335	14.65024	4.029823
24.22535	15.51873	21.77652	3.061408
24.01237	18.3438	21.50259	4.564738	7.731463
24.01237	19.30255	21.67278	7.559582	18.92643
24.00753	18.64155	21.62956	18.30222	8.744424
23.98085	17.58345	22.05461
24.1407	18.19026	22.1438
24.03926	17.41777	21.82689
23.96103	18.52738	21.11076
24.05559	14.34772	20.84258
23.99968	19.03267	21.38721	0.08722609	13.18287
24.12539	22.43313	17.17015	22.29211	16.47063
22.58667	21.71589	16.77169
18.91324	22.42256	17.49265
18.39532	22.22162	7.59212	20.99498	7.897069	6.467736	5.606763
22.19715	17.60073	1.677306	2.506609
23.88333	17.94408	8.084639	22.41043	13.25724	13.76601
23.72288	21.50372	7.710769
8.736261	21.94561
23.92599	22.04016
21.71708
22.25232	18.4975	18.31734	3.178364
24.00429	15.84873	21.69239	22.5723	13.67584
23.94744	21.93634	8.114253	1.782398
24.04256	20.8389	14.9451
24.05951	17.71035	21.69932	2.542857	13.64772	3.463268	13.73813
14.64519	22.3472	21.94515
14.92771	22.27905	23.92736	3.947815	22.33496
18.03024	24.09241	5.206431	21.92106
24.08397	23.03243	18.46145	22.14535	3.481038
24.11178	17.3526	21.48575	5.158903	2.371373	9.993056
18.30823	22.05919	6.657286
17.29894	23.90955	21.63095	12.70975	2.825636
24.03214	1.628917	22.27257
23.96858	21.75601	9.37772
24.00754	22.07004	7.563837
24.0436	21.19772
24.0436	21.96266	17.07755	12.84035	3.422038
24.00402	18.44172	22.46879	18.17831	21.79089	0.3653524
23.95331	21.12711
23.95528	21.18353
23.98513	21.81938	23.8245
23.98513	21.18597	10.82522
23.95257	18.29912	21.91105	8.000886
24.40168	19.56318	20.83484
18.44066	22.31682	13.61828
18.21555	22.42262	13.79962
16.90402	22.42036	24.10464	16.68606	15.9326	9.07655
18.41688	24.01306	20.81692	16.22342
18.14938	23.96621	22.23474
16.60112	23.96503	20.92891	10.31562
23.97598	22.46027	21.83669
23.96361	18.26849	21.7262	14.50835
24.20817	11.4184	21.75008	4.905127
24.20817	15.16549	22.33659	22.45055	7.186075	1.522637
24.20817	22.12931	17.28296	11.00896	12.94185
24.02004	21.55457
23.9881	22.06781	18.33254	2.203479
22.15046	18.3373	11.59711
22.34815	16.99191	21.64252	16.07165
21.86969	15.29991	5.633118	12.83848
22.01176	18.92782	18.86913	8.369496
22.08584	15.6595	24.2873
21.87477	17.01123	24.03505
21.81047	18.09746	24.04437	13.85116	5.039925	3.598619
18.90629	24.04815	9.203036	6.587319	22.11662
18.35009	22.31534	8.174737
15.245	22.07131
22.64663	21.08678
24.25344	15.63678	21.6915	0.2486333	7.765272
24.1082	9.139166	22.39146
