SpeciationRates
0.1978055	0.06286777	0.4035909	0.1628873	0.2708994	0.1395237	0.1531923	0.2474209
0.1157329	0.1399658	0.3685434	0.01874098	0.2345907	0.1779927	0.1931567
0.137277	0.1285221	0.3745501	0.01236534	0.1988866
0.2734223	0.3423156	0.009726177	0.1401634	0.2598705	0.2206962	0.4457305	0.1719711	0.08600877
0.218666	0.4594644	0.01864707	0.09716754	0.1168538
0.3432636	0.001498506	0.1601455	0.1619035	0.2643978	0.2981764
0.2894587	0.004539447	0.1718986
0.3749513	0.08727686	0.1832143
0.4080311	0.1288449
0.378619	0.1157939
0.1714107	0.390561	0.1761612	0.02005409
0.3958812	0.006404652	0.1274222
0.133663	0.01196121	0.1423453	0.3051215	0.1150344
0.2117108	0.02384792	0.2655123	0.1740379	0.1450796
0.2450288	0.06137105	0.3116047	0.1618851
0.3708193	0.01189214	0.1352879
0.3224684	0.06260782	0.1672541
0.3914835	0.009900588	0.1728409	0.1435099
0.3266624	0.04002339	0.1854986	0.4532359
0.3420619	0.01699333	0.2263566	0.3002338
0.1470272	0.04245201	0.148243	0.4167908
0.1979427	0.02763824	0.2815797	0.3368266	0.1719189
0.23959	0.008820567	0.3352203	0.1856309	0.2061843	0.09397991	0.1324486	0.1447167	0.1703437
0.1679614	0.02149658	0.367347	0.141147	0.2143136	0.2418611
0.2472475	0.02045949	0.3855446	0.1272808	0.2149981	0.1948681
0.2778573	0.09263711	0.3841634	0.1842922	0.2241812
0.1579597	0.1593023	0.3538852	0.02209957	0.04179173
0.2781593	0.4175817	0.02466389	0.09406216	0.1383036	0.1354741	0.1936599
0.1907302	0.4198157	0.09410937	0.08255692	0.1533285
0.1576851	0.4108447	0.09555457	0.03094515	0.1103174	0.2039414	0.3278404
0.1851967	0.3440814	0.04928458	0.2438154	0.1241285	0.2114103
0.09769617	0.324248	0.1245501	0.2261054
0.2097071	0.4255693	0.04747989	0.02709794	0.1605115	0.1667115
0.1629706	0.4482177	0.1387481	0.06788027	0.1443671	0.09625807	0.2791527
0.3030059	0.3623225	0.09840732
0.1875783	0.07774149	0.3896876	0.2501073	0.2346851
0.2420627	0.1302502	0.3595126	0.1340304
0.4005854	0.1384465	0.05216816
0.4366328	0.1978889	0.006879473
0.3955185	0.001317615	0.1535949
0.3881086	0.00247262	0.1339123
0.3313216	0.1692345	0.006038583
0.2501192	0.0893324	0.2453645	0.1453289
0.2550916	0.1084959	0.3294823
0.331995	0.1557781	0.3631831
0.2026	0.04592658	0.1111722	0.3129372
0.2453052	0.004899083	0.4022328	0.171228	0.2171452
0.1656661	0.006295579	0.3292154	0.1350872	0.06279689
0.2240793	0.01500491	0.3180182	0.136908
0.3557322	0.004608362	0.1703303	0.2571651
0.3403481	0.0007059647	0.1521098
0.2949411	0.003758236	0.1608543	0.2661984
0.210528	0.002377818	0.2963793	0.1859126
0.3600407	0.003320361	0.1876853	0.4107157
0.3208506	0.00158543	0.1894101
0.3174722	0.004293549	0.1373379	0.2245963
0.3639351	0.02271924	0.1440075
0.2779228	0.002799279	0.2064397	0.3066185
0.2383902	0.0295974	0.3471612	0.1894568
0.2202406	0.332595	0.1760734	0.00150208	0.2029024
0.2675044	0.3996242	0.0003927137	0.1382632	0.1806013	0.1908419
0.1729566	0.3772468	0.003347601	0.1855538
0.1846163	0.3726389	0.0004261577	0.1877523	0.1734723
0.0987451	0.3688632	0.01268238	0.258342	0.1380734	0.2056325
0.2853589	0.4063604	0.01453175	0.188136
0.2237554	0.4346435	0.002483445	0.09737476	0.1292495
0.1940246	0.3896097	0.01860809	0.1079141	0.1467094
0.1969636	0.3602255	0.03640251	0.1654172	0.1867118	0.159546
0.2109741	0.4410152	0.01307962	0.1359209	0.1755186
0.1782383	0.3350621	0.02721059	0.1338791
0.123774	0.03581283	0.08300395	0.2971036	0.3161974
0.204544	0.02282194	0.3593521	0.1454658
0.4048409	0.004757635	0.1576704
0.1649675	0.008556978	0.3435904	0.2111256	0.1974724	0.2153402
0.2458623	0.346466	0.1308072
0.2072949	0.06127812	0.4230756	0.1307946	0.1368782
0.1686512	0.383374	0.1006874	0.1675354	0.2277092
0.1273178	0.1077571	0.3478352
0.09287081	0.1144226	0.3521016	0.1213272	0.05382096	0.1206638	0.1029668
0.06729962	0.1351686	0.3877141	0.008522052	0.09767345	0.1324126
0.2179242	0.2001015	0.3492789	0.001875545	0.1658124	0.20212	0.2190956
0.2176583	0.1840379	0.01453638	0.332713	0.3025691
0.2527812	0.03961357	0.3545951	0.2157977	0.1299235
0.3102551	0.003870392	0.4441621	0.1857154	0.2738626
0.3644729	0.000729802	0.3756871	0.1849301	0.1958863	0.1757987
0.2219468	0.0003428224	0.3544445	0.1063909	0.2265483	0.14208	0.1342457
0.1568605	0.02033752	0.3600768	0.1600672	0.2445384	0.238337
0.2066824	0.02464864	0.1455993	0.2115476	0.3285496
0.1581704	0.03245362	0.200432	0.426885	0.1995316	0.1006073	0.1579508
0.1582094	0.08467971	0.3994685	0.1133659	0.2673787	0.1490658
0.2175326	0.3145746	0.07511792	0.102416
0.3192706	0.1625349	0.02192006
0.3477826	0.07044938	0.09088747
0.3336573	0.1034699
0.1900663	0.133726	0.3345034	0.1062248	0.2500348	0.1789473	0.1050463
0.1970181	0.06132064	0.2789517	0.1170579
0.1631401	0.08627086	0.3909017
0.05976396	0.08420828	0.3149649	0.08696101	0.1524606	0.1880055
0.2559779	0.1160026	0.3993629	0.2446834	0.1595935	0.1655137	0.2382884
0.05836528	0.08498734	0.3327221
0.2438574	0.06574638	0.3392503	0.1417795
0.2224608	0.07450138	0.3985927	0.2892073
0.219444	0.1042183	0.4209524
0.2263097	0.06803673	0.3097702
0.2862618	0.1074363	0.3561052	0.3224711	0.1865326	0.1789268	0.2321258
0.1131621	0.03885892	0.35525
0.2523483	0.02605539
0.2237118	0.001202073	0.2513374	0.3191932	0.09512328	0.2111088	0.3866844
0.167919	0.01865982	0.2195335	0.3815739	0.1120065
0.3013005	0.1340414	0.4236339	0.1272731	0.1071747
0.1849141	0.09236134	0.3529261	0.07493981	0.05882279
0.1334076	0.07377807	0.2816032	0.09021384	0.07312319	0.1586711	0.1556911	0.1007025
0.2767563	0.1379062	0.3444645	0.09896487	0.2036932	0.2585365
0.3218326	0.3272499	0.08934178	0.3002389
0.2423508	0.3597103	0.009530361	0.1143158	0.2425886	0.1315522
0.1199499	0.3714293	0.02099372	0.1212743	0.2202236
0.2691271	0.3475528	0.1253404	0.07400349
0.254461	0.139565	0.4229385	0.05802346
0.3466776	0.1974773	0.05495502
0.3797266	0.06038797
0.1875614	0.08149959	0.3658232
0.2154307	0.3106898	0.07413184	0.1982889
0.1695648	0.06038103	0.3525517	0.2379175	0.07399192
0.1630143	0.09684228	0.314072	0.2097608	0.1937108	0.28728	0.1946722	0.2220934
0.1522439	0.08189627	0.313892	0.1000678	0.2367392
0.1845221	0.0783527	0.357094	0.1664877
0.2165389	0.08402507	0.3222637	0.1463955
0.2537625	0.07885158	0.3591448	0.1788582	0.07682957
0.1541177	0.09829247	0.3892586	0.1201729	0.02803293	0.3699836
0.1083113	0.114209	0.4078487	0.06635651
0.1368196	0.1267062	0.4186536	0.1736601
0.2083795	0.1104158	0.3500072	0.1711863	0.1249338
0.1501305	0.08602265	0.3439832	0.1816478	0.1237104	0.2316096
0.1350589	0.3369267	0.01915745	0.1250259
0.1368822	0.434905	0.04268775	0.2088985	0.1893204
0.2045886	0.03401777	0.1426212	0.380985	0.3185278
0.2397888	0.01466813	0.1552617	0.3517147	0.2319725
0.2948251	0.002290594	0.1344313	0.3543919	0.1915989
0.1815173	0.02050943	0.3543919	0.1540079	0.2298137	0.1397462	0.1670546	0.2067511
0.2652396	0.03462197	0.3565333	0.2426459	0.1118928	0.1207413	0.1571162	0.2516598
0.1833487	0.00415743	0.1405828	0.1739077	0.376606
0.06239058	0.002399888	0.1199054	0.385598	0.1794516
0.1031311	0.01570581	0.1910989	0.385598
0.2746631	0.02892652	0.3862431	0.200673	0.2510483
0.2062101	0.0286943	0.3096667	0.1710539	0.1823008	0.1222224	0.07650664
0.2865	0.004103484	0.376332	0.2456972	0.1904067	0.2127655
0.1964822	0.02492555	0.420538	0.1201295	0.08784829	0.1990768
0.1964822	0.02413979	0.3459031	0.1566504	0.08570483	0.0751328
0.2497021	0.03981907	0.4615785	0.1101841	0.2654148	0.1689287	0.1672769	0.1333951
0.248658	0.004254502	0.3299513	0.2172363	0.06471672
0.2495529	0.0201433	0.3370868	0.1057312
0.2276522	0.01885924	0.3992872	0.2192694	0.1069237
0.1887412	0.334008	0.001973985	0.1422627	0.1141746	0.2083054
0.1290994	0.3342801	0.001280259	0.1507202	0.1643331	0.2501307	0.2064579	0.2750004	0.2045795
0.2714928	0.3186967	0.01960823	0.1262176	0.2494715	0.0899391
0.2623403	0.4276552	0.00355017	0.2051564	0.02375728	0.1740074	0.1779684	0.1346954
0.2004361	0.3161166	0.03267627	0.1349181	0.2152045
0.45494	0.009166415	0.1202389	0.2802068
0.3797298	0.006370969	0.140909
0.3748604	0.003281536	0.113027
0.1258235	0.006548228	0.1464893	0.3795774
0.15286	0.0009032957	0.3182316	0.1695217	0.1801958
0.2285838	0.006874902	0.1796992	0.4056556	0.2847343	0.1843526
0.1296902	0.006155078	0.178732	0.4565146	0.2587822	0.1781277
0.2633764	0.01286984	0.1977087	0.3993082	0.2535184	0.2804831	0.2075975
0.228977	0.01482006	0.1141452	0.3465122	0.08382547	0.1609133
0.1255158	0.1789657	0.3785993	0.1279298	0.1094514	0.1941376	0.1304261
0.09321439	0.3883678	0.1124316	0.1231721	0.1901408
0.1872205	0.3707045	0.1151836	0.1845673	0.1856165
0.2202819	0.4355097	0.06891315	0.2886328	0.1355549	0.2287566	0.2090179
0.09516077	0.3836614	0.07240452
0.1952697	0.1065222	0.3660966
0.0699168	0.07289374	0.414861	0.225158
0.2502246	0.09340432	0.4609732
0.213389	0.3791597	0.04552228	0.1957608
0.1206333	0.218183	0.08709316	0.2842391	0.1962432	0.2548401	0.2099785
0.1851611	0.09087664	0.3443456	0.1640846	0.1421888	0.2692282	0.07392586
0.2772315	0.09017497	0.320208	0.09182748
0.04674279	0.09156519	0.43114	0.2790195
0.2594584	0.3791073	0.0043765	0.1732098	0.2087375
0.2763918	0.3381125	0.01266725	0.2279157
0.1221058	0.3810906	0.009692772	0.1881119
0.1980844	0.3810906	0.005412561	0.1249835	0.295777	0.2268932	0.1361078
0.2228441	0.3669444	0.003149142	0.2246527	0.1518612
0.1253523	0.3435224	0.00516858	0.1927973	0.2090161	0.3046971	0.1227984
0.2542718	0.297812	0.01411574	0.1632187	0.190562	0.1098014
0.2077383	0.00331986	0.3940371	0.1337867	0.2598213
0.06887204	0.01474036	0.3213881	0.1253138	0.215726	0.07393657
0.246962	0.02315206	0.1891453	0.4272854	0.1171588
0.1461873	0.07022432	0.09503696	0.3368052
0.2318822	0.02286091	0.1702603	0.2850525
0.3024798	0.02818456	0.1352385
0.1812205	0.004241059	0.2015671	0.3766383	0.3199438
0.3409525	0.006397093	0.2118012	0.1795151
0.2538331	0.01230831	0.1424113
0.2349611	0.002573197	0.3271583	0.2076427
0.2193325	0.004284849	0.4164383	0.1931709	0.1766738	0.1190109
0.2088437	0.001020503	0.4119592	0.004776478	0.177855	0.1136721	0.1209306
0.1580863	0.02805769	0.3276022	0.1779452	0.1078971
0.2845287	0.005445948	0.2269637	0.2958967	0.1378911	0.1347004	0.1694766
0.2505271	0.000760484	0.3999229	0.1953171
0.2825265	0.006547589	0.1687225	0.3354564	0.2076385
0.1958602	0.01784471	0.3713607	0.1562756
0.1771733	0.01406966	0.3453947	0.1514451
0.4173013	0.001766223	0.2057345
0.341174	0.004825497	0.1095382
0.3510433	0.02734787	0.1520937
0.1218456	0.1328425	0.3151483	0.193832	0.1663058
0.2452565	0.1240533	0.3252497
0.2241856	0.3625736	0.1500738
0.1756208	0.3724084	0.06687649	0.2562103	0.1478312	0.1654986	0.1089534
0.2969842	0.300494	0.1057187	0.00642109	0.2400259
0.2538896	0.3692017	0.1780058	0.02704491	0.169446	0.1641874	0.2822131
0.1613573	0.3307392	0.1747689	0.003978595	0.08363769
0.3432613	0.4208543	0.2262462	0.003908473	0.3147716	0.2673041
0.2500377	0.368691	0.170195	0.006783186	0.1922683
0.2944919	0.3654407	0.1051535	0.006366741
0.3062549	0.009165947	0.1386577
0.3122002	0.03066851	0.1231286	0.3804586	0.2599669
0.218649	0.01818151	0.3517204	0.1011419
0.2325964	0.03526403	0.3484698	0.1280768	0.1094594	0.2565841
0.3443156	0.1094633	0.3833126	0.2939304	0.286953	0.2280857	0.1121477
0.1529343	0.1111371	0.01362953	0.4162047	0.1578849	0.2695856
0.174404	0.01160105	0.4600035	0.1611103	0.2544081
0.1952833	0.007011387	0.3250338	0.1687575
0.2514888	0.00248465	0.34635	0.1421557
0.1813618	0.03756071	0.4294503	0.2227526	0.1454969
0.2257514	0.02417957	0.2628207	0.1705328	0.1506147
0.2894239	0.03660457	0.379145	0.1779509	0.184463	0.1713105	0.2136604
0.2325912	0.03987971	0.1365337	0.3361027	0.2775737	0.2648203
0.2240193	0.01744963	0.3968912	0.1353997	0.3297218
0.1820954	0.02465718	0.1763445	0.259922	0.3124714
0.1683095	0.04340322	0.2010622	0.4088608
0.2410853	0.1437183	0.3766515	0.2432879	0.1987773	0.1194305
0.2229708	0.09109298	0.341675	0.1920587	0.138589
0.1753623	0.1253675	0.3416299	0.100848
0.3262116	0.1118623
0.2587973	0.08208116	0.3060027	0.1856939	0.2464654
0.2344047	0.07558126	0.3253754	0.286567
0.2586726	0.4183462	0.1570214	0.07384302
0.2481247	0.3556553	0.09909712	0.06469012	0.132051	0.0977463
0.1442876	0.07516303	0.3745096	0.1811435
0.2462496	0.03739293	0.3774291	0.1170358	0.1437095	0.1996154	0.07700185
0.0979571	0.3819718	0.07763197	0.2437423
0.2941205	0.08295794
0.2196624	0.1047154	0.3624639
0.1855891	0.3374694	0.116873	0.1931378	0.285544	0.1024517
0.3225215	0.3463368	0.08116131	0.1643996	0.1632657
0.173916	0.4040689	0.1434525	0.1680788
0.3218864	0.322936	0.1039103	0.04121182
0.1950575	0.3667469	0.09078962	0.1509208	0.2025958
0.1228882	0.3977968	0.2826062	0.1457722	0.05047007
0.2389299	0.3437671	0.1856977	0.02709375	0.1586625	0.2160869	0.2211576
0.3070262	0.3785085	0.1156639	0.1830461
0.1759845	0.4293686	0.09378578	0.1527625	0.2486829	0.246175	0.3356174
0.2132796	0.1261649	0.3763773	0.08381913	0.07582132	0.150679
0.2180505	0.124841	0.3758481	0.1742174
0.3522195	0.112906	0.4073221	0.1517622	0.1485937	0.2160781	0.1282956	0.14579	0.2352256
0.1954729	0.09531189	0.3136583	0.2151347
0.3962092	0.115777	0.2754777
0.1979487	0.1175393	0.249181	0.3077767
0.1040861	0.09547947	0.3455614
0.3330313	0.08873453
0.3106492	0.06739537
0.5280082	0.07168021	0.1743034
0.3797686	0.0654974
0.2873816	0.128671	0.2809959
0.1808927	0.02488224	0.1332288	0.3158503	0.1166712
0.1499908	0.01889399	0.07517509	0.4253175	0.07075287	0.1617821	0.179169	0.2857115
0.1625584	0.07339032	0.3419661	0.1526176
0.1650121	0.07520234	0.3446955	0.1320434	0.1947979	0.06730265	0.1385745
0.2931364	0.3985494	0.1672053	0.07230722	0.1011756	0.2228136	0.2079782
0.1649201	0.3402962	0.1287161	0.01686039	0.1476871
0.1881802	0.03581829	0.1743468	0.3041061	0.2353744
0.2635863	0.001218408	0.1681764	0.3212889	0.07894529
0.1709272	0.00101174	0.1976337	0.3766125	0.15344
0.2174081	0.0328634	0.1967517	0.2748283
0.1134478	0.001303901	0.1219097	0.3158892	0.1964942	0.4016565	0.1522155
0.1927983	0.004587969	0.1236654	0.1731265	0.318392	0.06810901	0.2235909
0.1615833	0.001368731	0.1127555	0.3763339	0.2895088	0.209032	0.2280233	0.1107834
0.2168124	0.01675435	0.3763339	0.2087107	0.1094486	0.09175094
0.2558471	0.007475929	0.3805556	0.1814	0.2590794
0.2901431	0.001876095	0.154695	0.4236583
0.2179926	0.01604668	0.1661152	0.3132251	0.1483043
0.2778112	0.01812745	0.1403848	0.3132251	0.2946369	0.1740747	0.2358777
0.2937699	0.001310518	0.1741281	0.3835521	0.2109371	0.2210119
0.280984	0.02107169	0.17276	0.3764302	0.2155241	0.1412341
0.3040817	0.02703338	0.1903504	0.3013065	0.2181231
0.1607367	0.02129577	0.1526865	0.3938932	0.2151231
0.2081811	0.02096931	0.1740072	0.3443526
0.08535295	0.006245642	0.3646867	0.1995656	0.1643427
0.1713282	0.005884123	0.3692355	0.2205374	0.3153283
0.304818	0.03942372	0.4253487	0.1835083	0.1324323
0.1680992	0.03656741	0.3830535	0.06455509	0.1756257	0.2691181	0.1118128
0.2739798	0.04049146	0.3343193	0.1774932	0.1277997	0.3190632
0.196843	0.04638149	0.08864468	0.3281205	0.2686006
0.3239241	0.02793269	0.1453871	0.3861167
0.2777751	0.02519698	0.3155685	0.1603932	0.3772972
0.1648873	0.3748676	0.07954706	0.1747845	0.1773262	0.1121386
0.2078329	0.09041648	0.2725563
0.1806785	0.06850639	0.4281748	0.1209098	0.1670177
0.1906411	0.1465802	0.4218582	0.2305493
0.2361192	0.09483827	0.2431303	0.2922743
0.243855	0.1017539	0.366265
0.1249961	0.1246696	0.3661867	0.2520924
0.2065078	0.1176831	0.4248986	0.2684079
0.1841713	0.09528936	0.3921238	0.3227205	0.2507641	0.1962326
0.1942267	0.3462343	0.08960706
0.2292782	0.1575033	0.0369513	0.2800405
0.320626	0.1666204	0.006098074	0.2570399	0.467278	0.1970967	0.2047276	0.2735985
0.257678	0.02766462	0.3668058	0.1919556	0.3075923	0.213911
0.1871521	0.01126404	0.3780368	0.139761	0.05042646	0.2399539
0.2117109	0.01344096	0.3123638	0.1740124	0.07400485
0.2133121	0.3756883	0.07543482	0.1794707	0.1114029
0.1758105	0.02663056	0.178192	0.4885689	0.1481582
0.2057169	0.02119653	0.1739041	0.4213396	0.3002228
0.2936182	0.01261432	0.4129845	0.2045151	0.116662	0.3528582	0.1948989
0.2311343	0.01848426	0.3338082	0.2621525	0.1278326
0.2307944	0.008189036	0.1507328	0.4149589	0.1617346	0.2512519	0.2320458
0.1460691	0.008595837	0.1874261	0.4149589	0.2377697
0.1385293	3.676276e-05	0.1846296	0.38898	0.1524123	0.2094312	0.09469474	0.2026961
0.1777696	0.0001350358	0.4041734	0.1423597	0.2493941
0.3296936	0.0004948851	0.1778268
0.3793135	0.01240164	0.128343
0.2693681	0.08013154	0.1574895	0.4607999
0.2980445	0.06550321	0.3388854	0.2458848	0.04719611	0.2094948
0.2171946	0.09353554	0.3952378	0.07181242	0.2007933
0.06293932	0.4189566	0.01844008	0.1497687	0.1395618	0.2041589
0.1670012	0.3297915	0.00462503	0.1561484	0.18187	0.1349856
0.165621	0.4411482	0.01600675	0.1759882	0.2015112	0.134369	0.2143483
0.3251713	0.3858474	0.02227256	0.1643674	0.23908	0.1676319	0.3329402	0.1090066
0.2181319	0.05157572	0.1644562	0.3504612	0.1666596	0.2042365
0.2133031	0.02839341	0.3893923	0.2086369	0.1443924	0.190872
0.2847711	0.00681808	0.4505322	0.136833	0.2447997
0.1482198	0.02546976	0.3389466	0.1708626	0.1662567
0.05820861	0.005062076	0.4703079	0.1717201
0.1941731	0.007216627	0.1665411	0.2586687	0.3348743	0.1897108
0.2067088	0.007369027	0.1294267	0.3603161
0.3060734	0.00283444	0.3810514	0.1126275	0.1633955
0.2219024	0.0004139493	0.3935494	0.1682428	0.1710434	0.1511729
0.3357114	0.0178683	0.4284038	0.1984716	0.3038326
0.2450971	0.00185386	0.1621896	0.1121235	0.2231979	0.3996798
0.1735728	0.002006655	0.1701546	0.4421179	0.1226121	0.2610442
0.2026907	0.004867338	0.1703737	0.3645835	0.2193291	0.2245005	0.1673936
0.2613924	0.03383367	0.1703737	0.4742363	0.1108926
0.3353356	0.007162922	0.168144
0.3023516	0.008159487	0.2129903	0.06579458	0.2416187	0.257434	0.2988872	0.1264079
0.3343979	0.005039249	0.3389307	0.2068447	0.1612848	0.1737184
0.224922	0.04877531	0.3485296	0.1455733	0.1256852	0.1017792	0.2035276
0.214501	0.02271683	0.3478483	0.182009	0.2618174	0.1718307
0.3184785	0.3590301	0.06107478	0.1135086	0.03407724	0.220843	0.2105021
0.2212132	0.3869674	0.09220734	0.04546138	0.2312325
0.2795303	0.3248897	0.1197771	0.2304598
0.11131	0.3685498	0.08996897	0.2579386	0.05772299
0.1602625	0.4082609	0.04209726	0.1888944
0.246795	0.03149105	0.1525918	0.3292598	0.0690496
0.166543	0.08764613	0.1670969	0.3618252	0.1305963	0.3112813
0.2462629	0.3720523	0.09482946	0.2038463	0.2624995	0.2610081
0.2790481	0.09434249
0.3545563	0.09093523
0.2048637	0.1077417	0.4136347
0.3361008	0.07914899	0.3137875
0.3070752	0.1196147	0.01251372
0.2583758	0.1662239	0.01274738	0.3443858
0.4246877	0.01248413	0.1646945
0.4408682	0.008898409	0.1438136	0.234722
0.3317363	0.01625059	0.1394113
0.3621758	0.003768488	0.1357879
0.4182723	0.001388732	0.1675654
0.3173945	0.002427538	0.1392982
0.2732506	0.001730214	0.1502368	0.2664835	0.1984115
0.2571271	0.06849084	0.1510125	0.4006025	0.2454694	0.2341211	0.04182022	0.2665903
0.1380645	0.05258849	0.1457666	0.4879466	0.2095406	0.2112872	0.1951874
0.1121461	0.008219544	0.1172402	0.4022884	0.2259085
0.2660296	0.004946889	0.4865929	0.1719932	0.1087384	0.1108084	0.1677638
0.2298619	0.002124827	0.3432645	0.2077076	0.0727826	0.221256	0.2269428
0.2516673	0.00359149	0.4408145	0.2125008	0.1203557
0.2122776	0.003516964	0.3890342	0.1912681
0.2483124	0.02184376	0.3678932	0.1546944	0.1405987	0.271506
0.3275266	0.02294282	0.3930801	0.1578869	0.2226427	0.2399778
0.2735238	0.01484872	0.3522435	0.2089023	0.1281852	0.1039871	0.1834368
0.1880821	0.001885774	0.3814935	0.1728677	0.248543	0.07348113	0.07528037	0.2681139
0.3113534	0.03035657	0.3852928	0.06728434	0.1365616	0.1505098
0.1099589	0.007105108	0.3854434	0.1235026	0.05704202	0.1591161	0.04324379
0.3375189	0.000129053	0.3854434	0.159045	0.07468145	0.1818458
0.1753371	0.3719229	0.2106544	0.07850346
0.271255	0.3787015	0.0466205	0.04865743	0.1376895
0.07878403	0.3532023	0.02941666	0.1307569
0.08763626	0.3708307	0.01818472	0.1700829	0.1046437
0.3083932	0.3708307	0.01543292	0.1722549	0.1515681	0.2321096	0.2367983	0.1776088
0.170076	0.3122023	0.001608835	0.1814503	0.1804905	0.1709831
0.2378631	0.3148501	0.002044704	0.1368653	0.1145988	0.182858	0.2573492	0.2451736
0.1583808	0.3708697	0.04112687	0.1762549	0.09386996	0.1773234
0.1331816	0.02383503	0.1435383	0.3418935
0.1365832	0.03943536	0.3364101	0.1704405	0.2383951	0.03121653	0.2107716
0.2181075	0.009433199	0.3662187	0.1828321	0.1846687
0.1617934	0.003699213	0.3809516	0.1676694	0.1454115	0.2664874	0.11976	0.2414422	0.159786
0.2062602	0.01248297	0.1787721	0.3089612
0.2877184	0.04084729	0.3760114	0.1302177
0.2213393	0.005018101	0.1377233	0.3747896	0.2186316
0.07971369	0.01328079	0.3005374	0.1583197	0.233305	0.2146842	0.1819216
0.2176961	0.008203157	0.3735487	0.3131649	0.1203773	0.1836785
0.299756	0.03055001	0.3528969	0.1293363	0.2398875
0.2416326	0.04049363	0.1780741	0.3977705	0.2816066	0.1546902
0.2299019	0.003158919	0.3037934	0.1845022
0.2807244	0.05021081	0.2073858	0.3922787	0.1339992
0.1369943	0.02053601	0.186959	0.452001
0.3622497	0.02053002	0.1220225	0.3700004	0.1924531	0.1079138
0.158022	0.0461229	0.1872013	0.416257	0.2999167	0.2137672
0.1718833	0.1342983	0.3740976	0.1909259
0.166168	0.3937626	0.1286874	0.205732
0.3141129	0.1124198	0.3338789	0.1851457
0.2169356	0.3918637	0.1461087	0.003886735	0.1541014	0.2496385
0.2172031	0.3207537	0.157055	0.005231084
0.3364996	0.1580695	0.005692881
0.411103	0.1199221	0.001683952
0.5153821	0.02885584	0.1919932
0.2806729	0.01586618	0.1640332
0.3953372	0.004553694	0.109998	0.2049058
0.3874659	0.00922122	0.1320232
0.2866667	0.002710535	0.1492178	0.3008034
0.2694993	0.03702393	0.123596	0.3716829	0.1202374	0.2085306
0.2969414	0.03398843	0.1835168
0.3714995	0.01396668	0.16347
0.3435667	0.03383096	0.1700736	0.1653949
0.2914273	0.02294795	0.09787114
0.2791053	0.04462582	0.1482852	0.294833	0.269945	0.09195804	0.2494814
0.08310366	0.005732785	0.1513195	0.3907948
0.2332518	0.005822967	0.2253422	0.3321751	0.1072301
0.1146912	0.002089368	0.1716833	0.4113532
0.1440927	0.01204403	0.4391119	0.1365037	0.07078554	0.1914484
0.3392448	0.009441554	0.1227507
0.3474636	0.05681438	0.1439959
0.4236554	0.02199601	0.1328337
0.1790283	0.007277429	0.1229894	0.3566251	0.2570283	0.1781419	0.1503915
0.2162884	0.002360412	0.2339609	0.4404272	0.2099774	0.2003871	0.2414672	0.09083402
0.204472	0.01865457	0.1435349	0.3133262	0.07334402	0.2606681
0.2023459	0.02573448	0.1565684	0.3883605	0.1415957
0.151338	0.04470443	0.1832752	0.3995806	0.161236	0.2074934	0.3105289	0.1662031
0.3137217	0.08690994	0.3869916	0.182692	0.1604008	0.2221762
0.2998867	0.118575
0.1948824	0.08518354	0.4021822	0.2133636
0.1589899	0.1252135	0.398292	0.22084	0.1807125	0.2289756
0.1839349	0.1323429	0.3098362	0.1640597	0.2429061
0.3070125	0.1089793	0.4058981	0.2109707
0.1328491	0.1451081	0.3163358	0.3205958	0.1456267	0.2044037	0.2581108	0.1953181
0.163138	0.1178815	0.02509447	0.3256517
0.2133413	0.01891929	0.3542065	0.1726
0.2674531	0.01626854	0.399141	0.1717852	0.1975528
0.2198065	0.01857478	0.1459436	0.3221777	0.2202473
0.3020304	0.00844853	0.1150907	0.3555783
0.3571287	0.02081744	0.1565737
0.2034835	0.3786567	0.163327	0.09455116	0.1886488	0.1502594	0.1863056	0.1730309
0.1335623	0.3996205	0.1343973	0.255837	0.1078921	0.1788724
0.1314161	0.3903968	0.1370403	0.008670703
0.1032414	0.3961056	0.1422095	0.00863761	0.3347275
0.09351116	0.2126316	0.01191718	0.2296296	0.3515643
0.2257052	0.2144875	0.01150146	0.4333081	0.2040827
0.2141678	0.1477887	0.01770123	0.3623477	0.2177141
0.2464459	0.1290694	0.01336814	0.3137298
0.3265457	0.1235358	0.003514249
0.3545011	0.1827092	0.01191544
0.4024365	0.1262407	0.03587898
0.1713005	0.1659092	0.01935479	0.5093607
0.09019578	0.2037548	0.02879385	0.3815712
0.1353459	0.1481866	0.03131474	0.3681373	0.1680498	0.07290139	0.2603864
0.08119835	0.1539184	0.005772373	0.3366464	0.1279065	0.227341	0.08368908	0.1715734
0.1366967	0.1932341	0.02988835	0.4219856	0.1795324	0.2122889
0.2422541	0.02006255	0.3329759	0.3158622	0.2514009	0.09096025
0.1741146	0.004952685	0.4220458	0.1724596	0.1201944
0.2017305	0.003072882	0.3822884	0.185993
0.1619706	0.04457452	0.3697454	0.1915409	0.2245566
0.2120049	0.0004913101	0.1539099	0.4088882	0.2296245
0.2942846	0.01496807	0.1036125	0.1592145
0.4495659	0.01713942	0.2173398
0.4038873	0.008200741	0.1606238
0.3378459	0.03791689	0.1845208
0.3469676	0.02308758	0.1760565
0.2619177	0.0077976	0.1693812	0.4105932	0.1214635
0.2100541	0.05417573	0.3511763	0.1323308	0.2606328
0.2458022	0.02576758	0.4252729	0.1338899	0.3444728	0.2832816
0.193818	0.003118097	0.3321438	0.2238514	0.06003283
0.2293943	0.005707111	0.203778	0.4065311	0.09318742
0.1438568	0.06181345	0.1609886	0.4464631	0.2125916
0.1339873	0.03759148	0.42102	0.15461
0.1234236	0.02199494	0.4521455	0.1866837
0.2241294	0.01840893	0.3932412	0.1181193	0.2389358
0.306342	0.0001978631	0.367828	0.2260315	0.2167468
0.152519	0.02273703	0.3659182	0.1614071	0.2498542
0.2087859	0.03111153	0.3659182	0.1497548	0.1443105
0.08474125	0.02450754	0.2009322	0.3891537	0.158222
0.257584	0.01998347	0.1913668	0.414589	0.2236656	0.1116756	0.2792261	0.2685104
0.222836	0.02809443	0.4323453	0.2162789	0.2034545	0.2153486
0.1869855	0.0132239	0.3450066	0.1708648	0.1566231	0.1087804	0.1320367	0.2175384	0.1833027
0.3364697	0.03877184	0.3296516	0.1830576	0.04154363	0.1016112
0.2794179	0.3727568	0.09005684	0.1223436	0.1444398
0.1320877	0.3578919	0.1135013
0.212469	0.3949691	0.02573879	0.2201156	0.2052006
0.3103116	0.3849877	0.0460682	0.145592	0.2500256	0.1186385
0.2541375	0.4075362	0.008913611	0.1730791	0.1094241	0.09396332
0.406027	0.03829603	0.2050055	0.2752001
0.3431353	0.004723031	0.1653241
0.05938096	0.004198431	0.1509723	0.4285641
0.1906523	0.01972738	0.148915	0.4437274	0.06091094	0.1434135
0.2322652	0.01052032	0.357852	0.1750145	0.1321854	0.3360351
0.1499038	0.01145249	0.3918752	0.09327264	0.172592
0.1513345	0.008916774	0.3665954	0.2101999	0.09398816
0.1504353	0.04597411	0.3643119	0.1867742	0.1848868
0.2007912	0.05324436	0.3531175	0.09491857	0.1816882	0.2870963
0.2524238	0.02740097	0.3938244	0.1450667	0.1451807	0.1568448
0.1931565	0.02375462	0.210529	0.3574487	0.134372
0.2052351	0.03818509	0.3137272	0.1595157	0.102376
0.1655975	0.0241098	0.3648435	0.1621158	0.06292779	0.1320008
0.2511206	0.004826418	0.4486706	0.21742	0.191325
0.3351999	0.01230862	0.1671157
0.3509829	0.01151478	0.2033665
0.3410336	0.004898532	0.1160874
0.3850572	0.02120869	0.1492906
0.4870482	0.01201992	0.1618804
0.3815693	0.002549257	0.1858252
0.3541125	0.0248604	0.158576
0.3490431	0.02084427	0.1484966
0.327396	0.018036	0.1616671
0.3325447	0.004285364	0.179037
0.386758	0.01974229	0.1339511
0.3323209	0.02137695	0.149332	0.2929343
0.2345846	0.02248066	0.237481	0.3501805
0.1326441	0.006377791	0.1998006	0.4387414	0.183648
0.1627883	0.02535913	0.1531691	0.3656668	0.2045242	0.2238888
0.2513142	0.01590194	0.1953135	0.371848	0.2312373	0.14433
0.1919071	0.01066888	0.1889578	0.4235944	0.2024669	0.2270458
0.2224519	0.0937972	0.1580404	0.3315328
0.2211425	0.01095358	0.1551115	0.3043882	0.1484423
0.3320513	0.01484189	0.1200759	0.1305153	0.2793796
0.2152088	0.1269137	0.4439907	0.1705659	0.2186468	0.1315555
0.160692	0.1478045	0.3871721	0.03762888	0.08460372	0.1766339	0.20998	0.2242532	0.321181
0.1999408	0.1259903	0.01598827	0.3239572
0.1628961	0.01267439	0.430144	0.3177358	0.1611198
0.3629885	0.4067071	0.0910529	0.1887593	0.2125755
0.283151	0.389345	0.07610979	0.1730292	0.3096614	0.1738773
0.1577713	0.3576415	0.03875558	0.1670442
0.08108105	0.369242	0.005005898	0.1771639
0.2572186	0.3715139	0.02569843	0.2554465	0.09748107	0.1958932
0.1337549	0.004120261	0.3631099	0.2116771
0.2026295	0.01911929	0.4194934	0.2127105	0.1877447	0.1224508	0.199744
0.2748495	0.006816382	0.3612027	0.1938557	0.2046852
0.3186808	0.01953486	0.4236608	0.1421059
0.3227305	0.02012608	0.1816941
0.1156173	0.02669414	0.289142	0.17632
0.2056498	0.05209468	0.3601845	0.1336848	0.2524257	0.1865944
0.1352062	0.0103414	0.4633805	0.1898027
0.2510891	0.01675595	0.3871338	0.1838741	0.1852585	0.1332597	0.1882714
0.2466745	0.005992484	0.2242688	0.2651648	0.2965856
0.1913523	0.002718172	0.1560624	0.3291872	0.2611368
0.1510194	0.07612993	0.245386	0.3093047	0.1899015	0.2216208
0.2382377	0.1260844	0.3093617	0.1742872	0.2364269	0.2681004
0.189636	0.1145528	0.3205285
0.203966	0.2744949	0.004368544	0.1498459	0.1920502
0.2840156	0.2810333	0.00199522	0.08636485	0.1644019
0.2729369	0.004246994	0.4535734	0.1738704
0.2412827	0.001334529	0.334962	0.1654111
0.370762	0.01606742	0.163286
0.4662585	0.03537454	0.2056417
0.3269698	0.01924835	0.1827562	0.3302207
0.2316077	0.006761763	0.1189674	0.3870026	0.2038005	0.3115594
0.1684224	0.02118485	0.335466	0.1303385
0.2085113	0.002191921	0.3081942	0.1795454	0.1926239
0.1635536	0.05323175	0.3158021	0.1434335	0.1356286	0.2434713
0.2152003	0.0009294037	0.3891135	0.1871771
0.1989493	0.001196525	0.3542335	0.1687332	0.2288296
0.3121568	0.0001416764	0.4623519	0.242979	0.2076483	0.1922785	0.1060197	0.2388659
0.1056175	0.009772258	0.3880797	0.1211918	0.0425963	0.1363518
0.1855117	0.04418615	0.3742395	0.09465198	0.1434134	0.1839208
0.1715939	0.07814859	0.3056462	0.4032058	0.1896951	0.2772062	0.2874141	0.1264772	0.2589789
0.1247012	0.1180058	0.3360371	0.1724703	0.2269852
0.220199	0.3355805	0.1127845	0.07162277	0.2656928
0.07918129	0.3248549	0.1596406	0.1157327
0.1257829	0.2113146	0.01239704	0.3454742	0.3439022
0.2336551	0.1394661	0.002500221	0.3873384	0.2688223	0.2434654
0.202682	0.1648698	0.05774944	0.4479947	0.2218247
0.1937872	0.1554848	0.0004931444	0.3895359	0.2358323
0.1080273	0.0001281818	0.3813119	0.1579923	0.06186938
0.19951	0.000160551	0.3936982	0.1591726
0.1747411	7.357961e-05	0.466456	0.191241	0.2039151	0.07009116
0.248376	5.528043e-05	0.3383079	0.1018381	0.1903486	0.392405	0.1641416
0.2103033	0.0003944976	0.3159096	0.1899351
0.2562842	0.002374295	0.4189047	0.1720578	0.2156786
0.266404	0.004987985	0.4488311	0.3203959	0.1522636	0.2148066	0.173088	0.09825154	0.1622666
0.1761503	0.0034164	0.3704079	0.1649147
0.2461368	0.00630118	0.1672138	0.4103623
0.1225898	0.01611753	0.101954	0.2180884	0.3166912	0.2445949
0.2395481	0.02236612	0.4421765	0.06334088	0.189456	0.1433389	0.1326245
0.2053649	0.2838069	0.1557848	0.06429079	0.1229907
0.2001667	0.3414369	0.04630103	0.1757278	0.2210362	0.1799966
0.2067481	0.006208479	0.1360613	0.374063
0.1585567	0.005689752	0.1312954	0.3174683
0.4526601	0.01239735	0.1632265
0.3661631	0.01604716	0.103097	0.2068959	0.3179914
0.2169107	0.02643829	0.3545389	0.1813588	0.06638356
0.2321336	0.02094045	0.3987538	0.1410336	0.1904491	0.1863973
0.2798916	0.3522488	0.1886566	0.02452361	0.05668924	0.1640664
0.2418894	0.0125036	0.3763124	0.2519424	0.1579143	0.1148394
0.3081143	0.03740567	0.1939266	0.3778885	0.1939667	0.2301685	0.1486563
0.2202537	0.0429883	0.3498984	0.1343033	0.1670339
0.1757125	0.01521087	0.3852909	0.1287104
0.1013865	0.03590688	0.3391239	0.1967034	0.05597588	0.1162145
0.1741453	0.00619442	0.3767747	0.1530362	0.09181383
0.2791467	0.02003179	0.3569071	0.1572385
0.2197748	0.001343002	0.3569071	0.2879633	0.2039589
0.199799	0.00473898	0.394771	0.06215726	0.1211743
0.2133235	0.003787152	0.3841158	0.05250216	0.1579211	0.1828871
0.2281913	0.0005578197	0.3776501	0.1475204	0.1586437	0.2215091
0.2048764	0.005627189	0.3229724	0.2110689	0.2554942	0.129679	0.2599047	0.1544	0.2768745
0.1021854	0.008696976	0.3552746	0.1796991	0.21062	0.30756
0.1245661	0.002745503	0.3832412	0.1498963
0.2579836	0.0005762064	0.375967	0.1327319	0.1866662	0.13503
0.2331583	0.01458331	0.452921	0.1752149	0.182691	0.2852201
0.1962881	0.02751626	0.3398014	0.1294676	0.06239977	0.1744941
0.2691138	0.01142392	0.3854329	0.1577986	0.07067616
0.3594703	0.04384298	0.1540304
0.3250603	0.003824131	0.134789
0.4199805	0.04280226	0.1904359
0.4353013	0.09228736
0.3295721	0.07832037
0.4260284	0.1475293
0.1541838	0.06236466	0.4047215	0.2629564
0.2708916	0.3588087	0.1030641
0.138931	0.09188072	0.2286243	0.3705698	0.1736842	0.2374386
0.1757009	0.1321782	0.3705698	0.06303567
0.2270295	0.1171272	0.2840721	0.1004885
0.3078801	0.09181272
0.4211106	0.09821119
0.2408278	0.1555178	0.4215304	0.2601954	0.2877407
0.2300416	0.3619204	0.1296172	0.1818276	0.272252	0.1221947
0.3087849	0.1233239	0.08506537
0.3024725	0.1150052	0.4354373	0.2307535	0.2017013
0.317478	0.4796048	0.2555511	0.1000887	0.1026947	0.1742151
0.1475591	0.380378	0.0860817	0.09712463
0.1127806	0.3833557	0.09457521	0.1958866	0.279336
0.08909885	0.4037576	0.1345476
0.2437685	0.385169	0.1482069	0.2291245
0.2316386	0.3358722	0.09844693
0.3184155	0.09379963	0.3414472
0.2277305	0.08275064	0.2902607
0.2102991	0.1390237	0.1832744	0.3552253	0.286279
0.09271729	0.1547469	0.3036681	0.2282225	0.2199071	0.3011575	0.2895885
0.140715	0.0699034	0.4620595	0.1995322	0.09495584	0.3557037
0.128536	0.04142686	0.3682918	0.1034432
0.152678	0.004022819	0.4649158	0.2125415	0.2009336
0.1601075	0.006639239	0.3878594	0.1464507	0.09228162	0.3837625	0.2292496
0.1615256	0.03669209	0.357473	0.2354579
0.1989343	0.01724849	0.3481025	0.143881
0.3219015	0.01909015	0.1235754	0.4162057
0.1572397	0.01225534	0.1982066	0.4042792	0.1262283
0.2221857	0.01192688	0.3739338	0.1442266
0.3012595	0.001863015	0.4195304	0.1394007	0.09237907
0.2322001	0.00160885	0.3738906	0.1659768	0.08465643
0.2776373	0.09210293	0.3317163	0.1836996
0.2436089	0.4239651	0.1493681
0.3182105	0.3304509	0.1058129	0.1338137	0.02170919	0.2270422	0.2874331
0.1810513	0.1642695	0.09055932	0.3921449	0.1595839	0.06042379
0.1238631	0.01719814	0.2031074	0.3867022
0.1854252	0.001189223	0.1263321	0.3867022	0.3719605
0.1719913	0.03588768	0.1516633	0.3361439	0.08056412	0.1628218	0.2548975
0.3726818	0.05158163	0.2161988
0.4179546	0.03518509	0.1410722
0.361471	0.00476185	0.1636316
0.3893243	0.03702123	0.1115973	0.3220548	0.2639056
0.17341	0.1561234	0.3646521	0.1248568	0.2125069	0.1828458	0.1239357	0.2661807	0.255891	0.2599928
0.3097833	0.09482359	0.2460979	0.2739883	0.1122237
0.3248677	0.09925603	0.3624509
0.4236864	0.06927741	0.2093253
0.3403032	0.03254732	0.1752969
0.3252789	0.1001124	0.4145983
0.1312789	0.1278904	0.4085822	0.1467937	0.1947405
0.08183634	0.1285426	0.3717063	0.02610788
0.204811	0.003002319	0.2798647	0.3678315	0.1223443	0.08901273
0.3243275	0.03971664	0.3168791	0.1639073	0.2932542
0.2839738	0.01047484	0.3158387	0.1890796
0.2340078	0.00720105	0.3814411	0.1592795	0.07486662	0.1068283
0.2069971	0.006530047	0.3480112	0.2485427	0.1505227
0.2250013	0.008981308	0.4085533	0.09144455	0.1450244	0.09535202	0.1343155	0.1671696	0.2113864
0.2578614	0.02302603	0.3607565	0.1638467	0.2388541	0.05561322
0.1165767	0.001323019	0.3947627	0.2228777
0.1491159	0.01861777	0.357343	0.1449947	0.1845193	0.1724852
0.2133373	0.03577136	0.1641637	0.2818454	0.1683661	0.1751465	0.1913162
0.3645826	0.007609194	0.1226996	0.3500241
0.2126629	0.06805996	0.1107786	0.3936976	0.08717346
0.1633873	0.01565813	0.2161783	0.4179081
0.2506835	0.4088643	0.09234744	0.2426101	0.201146	0.1443878
0.2374535	0.3624667	0.03822838	0.1676699	0.1496933	0.2285342
0.07848308	0.4341302	0.008454379	0.2045523
0.1201374	0.3339717	0.01606925	0.1489229
0.1571593	0.3830032	0.003238201	0.2054285	0.1240432	0.2192113	0.2324249
0.2054897	0.09469218	0.3647696	0.2235747
0.3203606	0.07449052	0.35933	0.1985305
0.2209626	0.3719447	0.1491205	0.09043754	0.1506182
0.4041306	0.0747098
0.2811053	0.06300364	0.287933
0.1358078	0.120003	0.02964281	0.3636912	0.03466244
0.3276113	0.06358532
0.3229532	0.07980256	0.3092054	0.1943526	0.1971463
0.3194418	0.148257	0.3077431	0.1178468	0.07306399
0.241198	0.03940503	0.3682408	0.1191909	0.1942364	0.2138825
0.1837996	0.02743292	0.4227563	0.1636611	0.2631847
0.2790232	0.002534929	0.4076328	0.113417	0.1645544	0.2241551
0.2821661	0.007707819	0.4242115	0.1886279	0.226742
0.2716977	0.1258353	0.3748397	0.1852657	0.1490089	0.05037361	0.1523594	0.2378918
0.2770203	0.118992	0.300697	0.2269461
0.3580356	0.1105559	0.3374579
0.3008724	0.1165053	0.3477805	0.2699067
0.1692048	0.07825544	0.4690755	0.2529945	0.1214472	0.1701427	0.123551
0.2053479	0.100363	0.3947436	0.1924889
0.2534942	0.07060492	0.3510302	0.0567315	0.1918532
0.1672685	0.1192485	0.4013151	0.1960935
0.2271907	0.01475981	0.4206241	0.1523802	0.2881347	0.1043452
0.2855896	0.06348828	0.1657425	0.08192284	0.3062099
0.4012226	0.01748468	0.1325294
0.3777537	0.002091433	0.1737881
0.3497624	0.005510854	0.1270869
0.3567042	0.01846015	0.1644291
0.4022022	0.01678906	0.1487165	0.112184
0.3543026	0.01000095	0.1238307	0.1849056
0.196796	0.003917255	0.1695532	0.3771593	0.1320563
0.3994744	0.003976759	0.1166617
0.413344	0.006715179	0.1137689
0.3981414	0.01017639	0.1669556
0.166879	0.03098694	0.1299607	0.3776159	0.2948536
0.1966267	3.925472e-05	0.3750562	0.1750608	0.1570761	0.1393682
0.267302	0.0003802566	0.3694983	0.1255234
0.1616601	0.02030243	0.1484551	0.306904	0.08876235
0.2712281	0.006745176	0.1377067	0.3537557	0.3083289	0.1912583
0.1286275	0.1588163	0.39688
0.2439498	0.09266334	0.3604133	0.2377669	0.288052
0.2135307	0.3698244	0.1596855	0.2305147
0.2423935	0.2899077	0.132441	0.04990423
0.3081023	0.150675	0.009414038
0.290943	0.1619999	0.03738486	0.3126955	0.1694715
0.15502	0.001081328	0.3930338	0.2078076
0.3676471	0.00626082	0.1603411
0.3986898	0.01979908	0.1699421
0.3928336	0.1184045
0.3257958	0.08218755
0.1741527	0.1037354	0.3797266	0.08677913	0.2265807
0.1389571	0.1333489	0.3989969	0.2580368
0.115377	0.3798285	0.1045362	0.2196321
0.2782548	0.424938	0.08180541	0.1498571	0.205059
0.1418188	0.4052216	0.007444029	0.2113092	0.1454241	0.366424	0.1563075
0.1726732	0.468288	0.001229665	0.2012774
0.2647285	0.468288	0.02567343	0.1215183	0.1352058	0.1085452	0.1645534
0.3630952	0.3642325	0.02322885	0.1216448	0.1534275
0.2167696	0.3555477	0.01462023	0.1287298	0.195723	0.2316773	0.1064035
0.1398215	0.3461563	0.04466458	0.1816195	0.1764073	0.2233255	0.1883604	0.1651333	0.3012005
0.2286358	0.4104794	0.03171665	0.1923168	0.1746478	0.2662345
0.1255236	0.3629449	0.01919735	0.120832	0.1638836	0.2208437
0.04432525	0.2915658	0.007855817	0.176557
0.2254817	0.300431	0.008798534	0.1992953	0.1555329	0.1499916
0.2871665	0.3526276	0.01842538	0.1854784	0.2419358	0.05368518
0.3247909	0.02444738	0.157287	0.3777906	0.2959391
0.3026982	0.01533136	0.1226429
0.3462989	0.0006305876	0.1634676
0.1939229	0.03255417	0.3550449	0.1309348	0.307479	0.172748
0.3047898	0.3905655	0.1068843	0.2688899	0.1475396	0.1846044
0.1051926	0.3599898	0.01297836	0.1570683	0.0496304
0.2012607	0.3715357	0.02152033	0.1766172	0.1195687	0.1563384
0.1302858	0.3703382	0.03541682	0.1373611	0.2111228
0.2341747	0.342423	0.1581389	0.08390848
0.2414822	0.3343329	0.1260103	0.01274594	0.2170779	0.1389875
0.1148718	0.3883646	0.1166124	0.1684933
0.2280776	0.3686581	0.004520417	0.1330843	0.2021624	0.1590324
0.3251914	0.00669137	0.1346648	0.1300651
0.31846	0.08514944	0.1487492
0.3886497	0.1045384
0.1212808	0.1265233	0.3151731	0.1908725	0.2114299	0.223114
0.1507191	0.125624	0.3547668
0.1525746	0.408968	0.06292246	0.1633759	0.2462273	0.1842383	0.2508881	0.2809144
0.2621784	0.3130524	0.06557814	0.1445897	0.2073064	0.3003254
0.3612476	0.0107492	0.101554	0.3740426	0.1730275
0.2044028	0.08492741	0.2913605	0.1202104	0.07910581
0.1908055	0.07745908	0.3376715
0.3212318	0.0947619	0.2560642	0.2629123
0.2311644	0.001774409	0.160492	0.3706042
0.2990685	0.01322009	0.3948372	0.1132211	0.2588902	0.1403213
0.1993172	0.03305873	0.4851992	0.1881432	0.2925393
0.140664	0.0609094	0.4370667	0.1347623	0.2580379	0.2467054	0.290224
0.370896	0.007503309	0.2038328
0.327096	5.885445e-05	0.1401071
0.3889286	0.000714357	0.1471591
0.1284718	0.03096948	0.3911693	0.1329748	0.1134865
0.105553	0.02360354	0.3811683	0.1340666	0.1002225	0.2218216	0.1598286
0.1949888	0.02685631	0.3747659	0.1665685	0.09590489
0.1144577	0.009340304	0.1731857	0.3542524	0.05815077	0.2066756
0.2495534	0.02022274	0.1332329	0.3664959
0.1581321	0.001861116	0.08189753	0.3922183	0.1690516	0.182041	0.1817952
0.1369165	0.1175382	0.3347348	0.1680565	0.04328105	0.3337268	0.1980958
0.2677098	0.1389078	0.02872751	0.3470781	0.1448099	0.1400968
0.1947405	0.3506702	0.04569656	0.3317922	0.111882	0.1820859	0.1519479	0.1132051
0.1383575	0.02616248	0.401146	0.1694125
0.1570632	0.04115814	0.3871292	0.1663305	0.1772594	0.1313198	0.2313243	0.1710341
0.2054267	0.005049959	0.4085754	0.2071246	0.1490815	0.27427
0.2230322	0.05340342	0.3509562	0.2082976
0.1866033	0.01536599	0.2203788	0.3617787	0.2127511	0.2011426	0.3355523	0.1887268
0.2539318	0.002912242	0.1726313	0.2914335	0.2933855
0.2527803	0.006483413	0.2395455	0.3758328
0.2485809	0.02861217	0.3542381	0.1925662
0.1943681	0.02177183	0.2799845	0.1864108	0.1997684
0.2198865	0.007451208	0.2025496	0.4262237	0.2024965	0.250394
0.2256911	0.001146014	0.1723392	0.3657407	0.2440303	0.16077	0.1915126	0.1171986	0.1166755
0.2541623	0.005129613	0.325361	0.2438588	0.0734752	0.2134634
0.1924465	0.01432512	0.351475	0.1402477	0.09294774
0.1988718	0.003481213	0.3446227	0.1845119	0.1430026	0.1431654
0.2144917	0.07571027	0.5224321	0.1600811	0.1362101	0.2229016	0.2526321
0.2065518	0.4703011	0.1247438	0.1916653
0.301809	0.1132369
0.09751119	0.1425445	0.3304714
0.2884394	0.3259831	0.01070649	0.1968096
0.07410303	0.007646402	0.1398024	0.4077225
0.168963	0.05016056	0.1677637	0.3959539	0.2507686	0.1930969
0.08201312	0.04354134	0.1140546	0.2996963	0.1473839	0.3456061
0.1336442	0.01748479	0.2867961	0.2262747	0.2480864
0.09549285	0.0006211834	0.2447187	0.2364223	0.1359364
0.2056905	0.009256378	0.1767597	0.3821862
0.2696115	0.04208515	0.1832814	0.1478436
0.2095604	0.008311185	0.1387664	0.3582033	0.1409373	0.1333241
0.2111398	0.09542295	0.4242258	0.1254748
0.3043396	0.09407514	0.3552111	0.08949945
0.2328978	0.1256688	0.3253986	0.2956311
0.1845231	0.1004001	0.3594392	0.1672964	0.2525795	0.1237681
0.1245335	0.09378402	0.420581
0.2722224	0.1075435	0.3639389	0.2046862
0.2731604	0.1181102	0.3499522	0.08681187
0.2352086	0.09653554	0.3008676	0.1195511	0.06713535	0.2015393
0.2741881	0.1065453	0.393135	0.1395507	0.2958265	0.2765097	0.1738787	0.3063718
0.1354261	0.06475936	0.3530435	0.1188474
0.2652216	0.0889785
0.2811421	0.1290421	0.4019467	0.05191301
0.1593933	0.1137784	0.3869609	0.1115615	0.05873843	0.1995351
0.2348668	0.3081858	0.1017263	0.1434353
0.1901016	0.4600862	0.1260338	0.2290612	0.1503854	0.3148496	0.1723641	0.1150706
0.2360298	0.09177897	0.365755	0.3131363
0.262899	0.09806756	0.3819467
0.3232903	0.07477766	0.1162003	0.36688
0.1809865	0.1815564	0.36688	0.05137319	0.1416634
0.09181369	0.02143911	0.1852338	0.3753202
0.1904934	0.004339214	0.1464564	0.3357603	0.210378
0.2763817	0.007528203	0.196353	0.4567347	0.1298538	0.1187345
0.2267939	0.007537451	0.3630943	0.1875578
0.2856819	0.05975883	0.4207158	0.1500067	0.1669278	0.1964072	0.2190043
0.2196393	0.04207792	0.3390571	0.2076637	0.2122362
0.2945836	0.01043497	0.3997919	0.1642298
0.3423264	0.003807456	0.3310129	0.1026251	0.2398502
0.2401045	0.00892617	0.1275871	0.3116055	0.177733	0.09997879	0.1510733	0.1339585
0.1955733	0.00920686	0.3494935	0.1354952	0.1484781
0.2009775	0.001381399	0.2431968	0.09909961	0.2940415	0.3567554
0.2635986	0.01007521	0.3088229	0.1302715	0.1608446	0.1649553
0.2683871	0.3285122	0.1419997	0.06516246	0.05617064
0.2330768	0.167337	0.004494709	0.3256985	0.3183787	0.2363345
0.2730599	0.1793373	0.009080055	0.4193519
0.1278852	0.001782779	0.1584837	0.3655394	0.1774832	0.1899572	0.09942442	0.1166415	0.07572151
0.2051475	0.0005851371	0.3956112	0.1835604	0.1953955	0.2386386	0.1558435
0.1645446	0.02206681	0.3956112	0.177384	0.2370247
0.1165929	0.01944948	0.3582834	0.1508145
0.2317209	0.05582133	0.3179792	0.1627171	0.177066	0.1071475
0.1949293	0.3934633	0.06757074	0.1864596	0.2815942
0.0969713	0.06591061	0.2789576	0.2663575
0.1452346	0.07216716	0.3354082
0.2687651	0.09553011
0.3967862	0.1006382
0.2076055	0.1052899	0.3493642	0.221509
0.1866018	0.3527931	0.06876751	0.1263559	0.1083763
0.2006615	0.307996	0.1167593	0.1670233
0.1961241	0.3774685	0.08940774
0.06435857	0.3186676	0.1117013	0.2743779
0.07528205	0.2915373	0.04962692
0.1358263	0.1043498	0.4024506	0.2117233	0.1284144	0.1715232	0.1238869
0.2661612	0.1324704	0.3164907	0.1764323	0.2073026
0.2933929	0.1246065	0.3137561	0.233552	0.3856711	0.189871	0.04770312
0.2431476	0.1568841	0.3861434	0.01186638	0.1784256	0.1726391
0.1690831	0.3478694	0.00550886	0.2080914	0.2201631	0.3162886	0.199675
0.2657417	0.008031246	0.3767689	0.2214275
0.3993223	0.01636449	0.3767689	0.1435621	0.142889
0.3891446	0.01168665	0.2104599	0.1486339
0.4006877	0.003012873	0.1329903	0.1966395
0.4662416	0.002841531	0.190394	0.2729083
0.2980237	0.1200593	0.1743728
0.3943891	0.0913674	0.2494496
0.2118125	0.09053176	0.4281654	0.1826692
0.112641	0.1059824	0.3893545	0.09661169
0.2858025	0.01458858	0.3773191	0.1317905	0.1171928	0.2088283	0.1097392	0.1659686
0.2003261	0.007401084	0.4152285	0.1657796	0.183055
0.2416325	0.002094351	0.3915419	0.1750183	0.1742755
0.1066353	0.004174927	0.4064037	0.1496433
0.03671484	0.01412267	0.4071986	0.1535318	0.07692872	0.2746346	0.1791589
0.210626	0.0282319	0.4071986	0.1538091	0.2419313	0.2008843	0.1535719
0.13255	0.002532057	0.4365041	0.1557479	0.2358388
0.1082995	0.03125352	0.3730788	0.1473798	0.1258173
0.1795196	0.0264531	0.4120069	0.1829329	0.1324655	0.1168396	0.009400513
0.1238091	0.02224293	0.1622525	0.3300246	0.2006366	0.1801629	0.3177752
0.2683497	0.02073148	0.4563786	0.185603	0.1198231	0.1122511
0.3008259	0.01036073	0.3006836	0.1730497
0.1951354	0.02118508	0.4923123	0.2555569	0.2240486	0.1729035	0.1744955
0.2661027	0.005210091	0.4659983	0.1566483	0.2444794
0.3365922	0.008805183	0.1616622
0.253668	0.006007902	0.1711199	0.3427731	0.1612544
0.1365399	0.01626763	0.1247616	0.343898
0.2883028	0.0006193231	0.2122792
0.1596059	0.005669678	0.3245868	0.183738	0.2195578
0.3005658	0.04292539	0.3664632	0.108157	0.2409809	0.2077378	0.2480278
0.1914579	0.02167426	0.1852347	0.3434919
0.1490807	0.0401944	0.2204517	0.4003537	0.1456214
0.1820451	0.00972291	0.1811882	0.363535
0.1786463	0.0149385	0.2223464	0.4306171
0.3102294	0.01441568	0.1026896	0.3300544	0.2941204	0.233697	0.1863539	0.3309281
0.2111185	0.002903269	0.1744912	0.3264663	0.2054236
0.256817	0.04554322	0.4015429	0.1798298	0.1239167	0.1509979
0.1467394	0.01348256	0.2092243	0.3358927	0.2167257
0.1586372	0.006342825	0.3381075	0.135802	0.1926948	0.2032222	0.1405125
0.1071654	0.02168818	0.194098	0.3128462	0.2001004
0.2290599	0.01488383	0.1277188	0.3534678	0.333274	0.05908363	0.1542485	0.2916879
0.3908372	0.01292511	0.1124579	0.3066852
0.1903867	0.09231385	0.4390232
0.1636926	0.120457	0.4010951	0.232097	0.1794617
0.2064935	0.1038679	0.3568431	0.1845437	0.2249774
0.1416814	0.1744894	0.3819999	0.08451719
0.2905195	0.3557241	0.087929	0.1497256	0.2959595
0.1682677	0.4744555	0.1232024	0.1846605	0.1374208
0.2296325	0.3869573	0.07838332	0.1505721	0.3843452
0.1515521	0.06651668	0.3903648	0.236117	0.2089166
0.2075517	0.4023337	0.1320536	0.1145851
0.2004117	0.4226247	0.1039649	0.2548508	0.2132151
0.2230023	0.3575797	0.1076171
0.2791757	0.1035847	0.3622028	0.1975095	0.1926751
0.2044242	0.07959849	0.3411495	0.3539645
0.1203087	0.1047089	0.3754306
0.2083523	0.1233277	0.3452281
0.221956	0.1209359	0.3905851	0.1119947	0.1088059
0.1060387	0.09460077	0.2755506	0.1704411	0.1874614
0.3240223	0.0740041	0.3196145
0.34846	0.10259
0.328056	0.1421644	0.03556546	0.3152203
0.4514829	0.2160164	0.002697312
0.3345082	3.221877e-05	0.2075017
0.3312421	0.0004761596	0.3818483	0.09193109	0.2100418
0.22327	0.00294196	0.4188569	0.1295769	0.06903261	0.2543535	0.2789807
0.2282661	0.0003778742	0.4188569	0.1667298	0.2826272	0.2364177	0.3110415
0.2720385	0.008212819	0.3485912	0.07999114	0.1652302	0.1551902	0.1453761	0.1039725
0.1950083	0.03588968	0.3466528	0.1131258	0.006172056	0.1960834
0.1937862	0.006531296	0.3338272	0.1714631	0.1827946	0.3084482
0.2629165	0.00472371	0.3244059	0.200083	0.1376623	0.1795814	0.2325493	0.2932864	0.257354	0.2817255
0.1834351	0.007832266	0.4557768	0.1764917	0.135682
0.1022417	0.001945277	0.4025576	0.1331789	0.2442466	0.06490516	0.1519461
0.146198	0.0435406	0.4313781	0.1642729	0.09184349	0.105879
0.1811262	0.007645375	0.2747969	0.1502567
0.1866764	0.1396942	0.3370325	0.2946902	0.07455626	0.1449958	0.1537952
0.1928598	0.0254302	0.2606835	0.2086848
0.1839515	0.04883754	0.3373031	0.1277022	0.3645474
0.2602013	0.02550148	0.4000197	0.1537693	0.1714729	0.1305434	0.167855
0.3497988	0.007152716	0.423424	0.1722741	0.191689	0.2302519
0.1976135	0.04220604	0.1711846	0.3755611	0.08722762
0.08131508	0.04128565	0.1784406	0.3830688	0.06677911
0.1862901	0.0277955	0.1383605	0.3967462	0.3239678	0.1710758	0.1444826
0.1968579	0.4588805	0.07916772
0.2062137	0.3287075	0.1094127	0.1574779	0.1842298	0.1246545
0.2825881	0.3267809	0.1036943	0.1455322	0.1359433	0.2177832
0.2424629	0.4624997	0.08874281	0.2384253	0.1320119	0.2035292
0.07061877	0.3035062	0.05529345
0.1648388	0.3347342	0.005275425	0.1675572	0.1378269	0.1723924
0.2112166	0.02205017	0.3361677	0.1710276	0.2241847	0.1756344
0.2189544	0.01016343	0.3226089	0.1808866	0.1257176
0.202754	0.02617344	0.3226089	0.1148668	0.2524862
0.1556365	0.02250113	0.3921864	0.1214342	0.2673677	0.1983712
0.2928135	0.0472485	0.1884237
0.289925	0.02585288	0.359926	0.1610106	0.0997738
0.1578247	0.02927311	0.1909259	0.4154357	0.2548017
0.1669104	0.006004028	0.3370914	0.2007587	0.1224019	0.07546296
0.09937171	0.01961103	0.3532487	0.1490033	0.1180844
0.1625697	0.05406609	0.4044809	0.203447
0.2703982	0.007284068	0.3276747	0.1559137	0.2525808
0.2581067	0.05223786	0.3844035	0.1783825	0.196793
0.1869976	0.01060441	0.3282642	0.2193315	0.1152094	0.2672059
0.2285573	0.04385407	0.3736283	0.1631804	0.3000808
0.2262571	0.00177518	0.3295244	0.1751246	0.2612782	0.1629198	0.3283837	0.1239264
0.4217647	0.00906686	0.1079681	0.2072866
0.1453838	0.02602399	0.2179967	0.1531526	0.4334833	0.2162823	0.1596054
0.19757	0.02665327	0.09970254	0.3435526	0.1372717	0.1480041
0.08376275	0.01093731	0.1017941	0.3124932
0.2043733	0.02708878	0.1610091	0.3261491	0.2063073	0.2972147	0.1490701
0.1226693	0.002818348	0.3593602	0.1553994
0.2828989	0.05599369	0.1744227
0.2541259	0.03945939	0.3007923	0.1404231	0.2015052
0.3774228	0.08658207	0.1877349	0.1842528	0.1598768
0.2312536	0.009492008	0.1083008	0.1951389	0.3161765	0.2130387
0.2476026	0.0002322956	0.2956647	0.1859934
0.1802418	0.0008773832	0.3795806	0.1462845	0.1478976
0.2222181	0.001338527	0.4026132	0.1814489	0.07277445	0.2159147
0.3190079	0.003498452	0.4459447	0.09997601	0.172127
0.2409337	0.005873887	0.4078048	0.1863471	0.1928231
0.2062215	0.01628278	0.3568375	0.09683613	0.2653001	0.2137936
0.348635	0.01625854	0.1086939
0.1595605	0.01985021	0.1172671	0.3590735
0.1867089	0.01951941	0.3881694	0.1579737	0.1827252	0.1420268
0.1631	0.04106746	0.4861587	0.1969521	0.1806495
0.185545	0.01531204	0.3813784	0.1798886
0.1424942	0.06977616	0.1692068	0.129175	0.3542807	0.1808639
0.3106654	0.006757903	0.2145348	0.3583039
0.2183636	0.009949789	0.1520186	0.2915131	0.1892993	0.3199254
0.2924989	0.03708932	0.1657547	0.4216797
0.3916901	0.02952781	0.2074155
0.4645249	0.001986373	0.2115411	0.1152863
0.2268429	0.04319866	0.3656009	0.166571	0.183541
0.1560647	0.02276959	0.1775399	0.1047134	0.2699199	0.3165788
0.2835282	0.007274023	0.4193606	0.1539071	0.1704625	0.1703872	0.1991587	0.3356215	0.2481652
0.1672046	0.02055964	0.4193606	0.2136653	0.1091873	0.1740134	0.1715482
0.1983729	0.02093198	0.3461065	0.1427417	0.1653587
0.3738113	0.0168419	0.1991493
0.374776	0.01159311	0.1481961	0.1572866
0.3688708	0.01088106	0.2031527
0.3640152	0.002966398	0.133915	0.3636173
0.4280011	0.001310491	0.1650295
0.3164128	0.01185831	0.2319438	0.3573831	0.1408843
0.3255699	0.05100769	0.1642441
0.1514134	0.01660277	0.3167597	0.2091225	0.286722	0.1734077	0.1585883
0.1503605	0.04348738	0.3300256	0.1353333
0.232643	0.1191056	0.4284828	0.1674564
0.3233938	0.3628068	0.1127821	0.1015538
0.1303516	0.368703	0.1191771
0.1661177	0.09160711	0.3982211	0.2401756	0.2373691
0.2138317	0.1215429	0.4337796
0.2750652	0.1238132	0.3538223	0.1630071
0.3251513	0.09104034	0.319389	0.1448846
0.3300099	0.1157302
0.412997	0.08166322
0.4059424	0.1141416
0.1650996	0.1689489	0.39165	0.09888264
0.07761246	0.4256879	0.1312512	0.09373533
0.2830395	0.4558867	0.07321362	0.1092583
0.2081262	0.4039567	0.08564845	0.2200656
0.1897637	0.3290796	0.09005771	0.09505247	0.1435782	0.231102	0.2200909
0.3439192	0.3996488	0.0821003	0.06135415	0.04682006
0.2393544	0.3494699	0.09393872	0.2108422
0.1910559	0.1413433	0.3673276	0.1318332
0.1942255	0.09863006	0.3840083	0.2321475
0.23521	0.4044512	0.03218781	0.1465646
0.2023956	0.2858394	0.1590996	0.02573298
0.2240853	0.03076752	0.3301125	0.1771747
0.355465	0.1294998
0.4255936	0.1058788
0.3002627	0.1056501	0.3467516	0.1546747	0.1995153
0.07746917	0.03070061	0.3053904	0.2001509
0.1929836	0.02566282	0.2917849	0.1190338	0.06710104	0.1655636
0.2012723	0.01219688	0.3803615	0.1553712	0.1543134
0.1781177	0.01309853	0.2986537	0.1818528	0.2330059	0.2023086	0.1990305
0.2304125	0.1339482	0.4226311	0.09956693
0.1697499	0.1084182	0.3123077	0.2271855
0.2332665	0.02023572	0.1750719	0.2883668
0.2245688	0.005234296	0.1298569	0.3506483	0.08179181	0.1337665	0.1682584	0.1977349
0.3235192	0.01488558	0.3632377	0.1384063	0.1018204	0.1516044
0.2239277	0.01971498	0.2984739	0.1519999	0.2339289	0.1474053	0.1359999
0.2782101	0.003995721	0.3794945	0.213049	0.1929285
0.1324966	0.04850563	0.3509414	0.1565196	0.2263817	0.1811167
0.1460408	0.0361659	0.3263611	0.1397121	0.198006	0.1403251
0.1906571	0.04766718	0.4128572	0.2027804	0.1835142	0.2715498	0.2232521	0.2988438
0.3100087	0.1071963	0.3499484	0.1166829
0.3772813	0.07765834
0.3886649	0.01989266	0.1371713	0.2563252	0.234817
0.2165931	0.0746248	0.3460817
0.2761713	0.09352507	0.2869721	0.1911816
0.09307356	0.3592575	0.08174631	0.07634687
0.2749007	0.4348441	0.1108741	0.1682119	0.2958563
0.2249283	0.1210735	0.3639058
0.1617763	0.1024108	0.394014
0.2904539	0.122128	0.3075063	0.3316861
0.3803821	0.08133822
0.269772	0.09559213	0.362249
0.3132221	0.1353737
0.2339718	0.1127028	0.3803432	0.2458726	0.2507423
0.2014691	0.07804451	0.3610317	0.2321969	0.2395145	0.1733215
0.2799297	0.09392659	0.3769406	0.2359798	0.1569481
0.1989201	0.1119428	0.3408093	0.1584381
0.1538883	0.08670379	0.3843631	0.2767697
0.3657182	0.1608479	0.004544112
0.3685411	0.02241764	0.1509662
0.3451774	0.03928728	0.1788409
0.3898897	0.008003478	0.2177
0.3886356	0.03323517	0.1928555
0.2003491	0.01314954	0.1455566	0.42404	0.2121669	0.1664302
0.1994769	0.004093197	0.1892031	0.390683	0.2017324	0.3147834
0.1008925	0.001175589	0.2033848	0.3483706	0.2064526	0.05365959	0.09412722
0.2165563	0.001464074	0.3393754	0.1198095	0.1310784	0.2799452
0.1150011	0.2669971	0.1123754
0.232379	0.4289427	0.1451307
0.1595958	0.2849691	0.1131523	0.02046864	0.2045055	0.1710354	0.1975847
0.2335482	0.3504022	0.02195202	0.1767206	0.2052963	0.165063
0.2690866	0.4163438	0.009399773	0.1440239	0.2352304	0.1560197	0.2252723
0.1176855	0.3561344	0.01596963	0.1945293
0.1714491	0.3806573	0.01539674	0.13472
0.09487248	0.3303101	0.01163996	0.1947377
0.115354	0.04056462	0.1368186	0.4390553	0.158776	0.1355463	0.2214119
0.1784746	0.009733143	0.1954748	0.3761986	0.1152314
0.1987125	0.01173482	0.1300854	0.3761986	0.2006245
0.2147255	0.03723875	0.167169	0.4263717	0.1391857	0.07534347
0.1417593	0.03840584	0.1477515	0.4290338
0.2942506	0.03299226	0.2711611	0.3737817
0.2831173	0.003229691	0.1318659
0.3195618	0.02352919	0.09074641
0.2388993	0.1142505	0.3418328
0.2716219	0.1908705	0.3414967	0.1775549	0.1092725
0.3483212	0.06149792	0.3454491
0.1790728	0.1489101	0.3877514
0.1205278	0.4102013	0.03343845	0.171523	0.1763194	0.2327403	0.1589997
0.1831414	0.3260751	0.01954005	0.2680005	0.1807774	0.1218608
0.3070704	0.004081689	0.1511578	0.1558888	0.1021527	0.2586487	0.3555991
0.2121574	0.01502652	0.19664	0.410313	0.3206302	0.1543261
0.195672	0.02501289	0.1560842	0.418453	0.2111966
0.2651705	0.01206093	0.1580777	0.4013823	0.1676898	0.3710574
0.2951701	0.01573069	0.412027	0.1907248	0.1424267
0.2294269	0.01691548	0.412027	0.1240447
0.2295202	0.02989886	0.3500549	0.1541097
0.2666799	0.4180145	3.20712e-05	0.1354508	0.2509145
0.3052367	0.4144003	0.0003123823	0.2015097	0.1904898
0.1537703	0.001113047	0.1510294	0.3489991	0.1139817	0.3049339	0.1552588
0.1959551	0.01728917	0.1592409	0.3370775	0.1250867
0.1977693	0.000785182	0.1435723	0.3790972	0.2397088	0.1464818
0.1092912	0.001525047	0.1792443	0.3614141
0.07303872	0.01950428	0.1672972	0.3061354
0.2243328	0.08480348	0.3435531	0.1019765	0.1680782
0.1816329	0.1596081	0.0008627853	0.4007427	0.1721194	0.2779361
0.3038948	0.1995778	0.02137456	0.3602955	0.1772342
0.1082775	0.1644363	0.03693256	0.3716844
0.2514423	0.003933553	0.3716844	0.1701751
0.1749298	0.009690559	0.5198743	0.1373276	0.2182851	0.1794829
0.2346661	0.002535334	0.3147163	0.1485101
0.3045393	0.004273107	0.1514027
0.2269694	0.003237395	0.3795735	0.1185879
0.2464104	0.006300041	0.1704937	0.405796	0.1419443
0.2089252	0.005415344	0.1627303	0.3468334
0.2385578	0.009479037	0.1382603	0.291277	0.2803515	0.1444102
0.1804729	0.01390754	0.2382648	0.411679	0.2249254
0.1666879	0.007153196	0.159075	0.4694478	0.1285768	0.1557676
0.2758542	0.02740204	0.2019434	0.416246	0.2054747
0.30523	0.01071837	0.4322598	0.1963844	0.2051412	0.1520637	0.03458755	0.2278778
0.3902509	0.009386523	0.2069472
0.2637765	0.002594422	0.2906675
0.2107511	0.00675508	0.4067959	0.1780653
0.3648209	0.002709046	0.16478
0.3629731	0.07103464	0.1681207
0.2917364	0.08202498
0.1675606	0.1037813	0.2672381	0.2939915
0.2371103	0.06451047	0.3782203	0.06034649
0.2317705	0.07780198	0.3597869	0.135159	0.1693986	0.1599509
0.2660711	0.1095359	0.3775662	0.2001991	0.1814601
0.1845795	0.0634553	0.3657936
0.2603803	0.0899132	0.3578509	0.2544064	0.1357695
0.4515196	0.02208497	0.1475642
0.3891394	0.1238318
0.2447565	0.05388274	0.009467171	0.1464576	0.3932623
0.1120951	0.1331752	0.02457558	0.2655429	0.3158029	0.1726332
0.1489402	0.1807743	0.0107192	0.4397849	0.2065394
0.10869	0.1920259	0.00597556	0.4430366	0.09005737
0.1819806	0.1390298	0.02892688	0.3527832	0.1516284
0.2818842	0.001741381	0.325016	0.1536761	0.2271829
0.213764	0.001580429	0.4068996	0.1586537	0.2230175	0.1706095
0.2385475	0.001505712	0.4521881	0.136659	0.2527403	0.248742
0.3093799	0.008650227	0.3658464	0.2005485	0.2102996	0.06794551
0.1644531	0.01493688	0.3459244	0.2364392
0.2028182	0.02195449	0.3554228	0.1566451
0.1598224	0.01408405	0.3667806	0.1453823
0.1205103	0.002030905	0.4288967	0.1339884
0.2419852	0.004775043	0.3779205	0.1644152
0.2123073	0.02139812	0.39062	0.1705777	0.1706715	0.1849962
0.1614528	0.02388532	0.1906914	0.2995107	0.2786253	0.05628512
0.265484	0.08903539	0.1633153	0.3705086
0.2056039	0.3268378	0.09259527	0.2950561
0.3480576	0.4627069	0.07105229	0.1205111	0.1914617	0.06739433	0.2365148	0.1953392
0.2105496	0.0956806	0.3043419	0.2509117	0.2250055
0.2836783	0.0200157	0.333777	0.1841592	0.1390435	0.1629803	0.3582597
0.2873765	0.04529836	0.1685429	0.3324094
0.3242738	0.3510531	0.1296444
0.4257367	0.01337014	0.1984889
0.3143336	0.09977552
0.2130601	0.09024193	0.2762215	0.1213364	0.1624744
0.192668	0.0251251	0.40033	0.1484143	0.1683864	0.1897609
0.1229242	0.01009104	0.2327061	0.3611527	0.2747871
0.1429379	0.0007367184	0.1708211	0.3683275
0.2818272	0.001511717	0.3491969	0.1673121	0.1505976	0.1564389	0.2553708	0.2944481
0.2566174	0.3671961	0.09678627	0.2960474
0.1809741	0.4778336	0.1261424	0.008913901	0.1281073	0.1407544
0.3287903	0.2935584	0.01144977	0.1621945	0.1819766
0.1547964	0.005986124	0.2092339	0.2877439	0.185632	0.1617432
0.163037	0.03110823	0.4390124	0.1658779	0.1104454	0.2138872	0.1578231
0.2919165	0.3319965	0.08445527	0.144899
0.3144783	0.3869021	0.02460715	0.1155415	0.09098672	0.2604346
0.1608957	0.01239874	0.3160452	0.1455206
0.3789176	0.01703956	0.1874661	0.3437027
0.2162377	0.06254586	0.1296569	0.3718221
0.4034787	0.0446306	0.1506913
0.1681725	0.02154061	0.1665923	0.3106644	0.01502598	0.2741575
0.2545074	0.02397289	0.3929669	0.1594613	0.2595732	0.2138449	0.1970226
0.3401662	0.005466251	0.1955433
0.4353041	0.005013265	0.1737322
0.3744269	0.02939762	0.1209057	0.09591555
0.2884811	0.004344621	0.1802277	0.3109042
0.1276841	0.04166223	0.4548262	0.155252	0.09112809
0.1759507	0.03648439	0.4454793	0.1344943
0.07867323	0.3297668	0.08996887	0.05873065
0.1576638	0.3418486	0.1237841	0.0445452
0.2650167	0.3999649	0.1444606	0.01418482	0.1030099	0.1928663	0.1750291
0.2228538	0.4133018	0.006654839	0.1650036	0.1962982
0.09623254	0.3825598	0.002819589	0.1156772
0.1270176	0.3189561	0.02183642	0.1889417	0.1179733
0.3397102	0.04348078	0.210276	0.3059336
0.2822199	0.004461485	0.3705552	0.1404649	0.2533664
0.2461234	0.004010918	0.3069336	0.1406133	0.1668615
0.08200572	0.005325111	0.3367604	0.0889972	0.1497087	0.1853631	0.2832332
0.318486	0.008160163	0.1441237	0.3611605	0.2913657	0.08225117
0.3849343	0.05459814	0.1136544
0.3135579	0.01744109	0.1764023	0.3711002	0.1487039
0.1948744	0.1089547	0.3754348	0.1852094
0.1743937	0.09919322	0.3625097	0.3435884	0.2282763
0.21248	0.117002	0.2691772	0.1872791	0.1553811
0.1540854	0.1023383	0.3863993	0.1442046	0.185894
0.217358	0.1260414	0.3807373	0.0358872
0.1918793	0.1471214	0.3528614	0.02448861
0.3187157	0.1574483	0.3610064	0.02339855	0.1119886	0.2668632	0.1921081
0.1982675	0.3897666	0.0141162	0.1471919	0.0230254	0.2414227
0.2707286	0.3361103	0.09468174	0.2156886
0.2607356	0.3233536	0.09072739
0.4433473	0.06604391	0.2394463
0.208842	0.01896574	0.313425	0.107323	0.3221904	0.182829
0.2694934	0.0403278	0.3110126	0.1538978
