SurvivalProbabilities
0.1244623
0.2126171
0.1780968	0.128708
0.1221034

0.1473476	0.1739475	0.1494103
0.1420255	0.1743753
0.1276712	0.1638957	0.1616447
0.174474	0.1083002	0.1264129
0.1758146	0.09295975
0.1384213	0.1924783	0.2858478
0.1160306	0.1571301	0.1855421
0.1149154
0.166956
0.1381227	0.1733154
0.1802891	0.1248309
0.1273018	0.1047288
0.1816781	0.1560195
0.146585	0.1936223	0.1625912	0.09961373
0.1536029	0.1211455
0.1374491
0.154302
0.07606664
0.09418209
0.1614373
0.1667613

0.1926558	0.1421866

0.1564122
0.1505684
0.17736

0.1656482
0.1549964	0.1319743
0.191354	0.1571165	0.1856704
0.1582627	0.1203873
0.1327852	0.1606315	0.1207299
0.1313292	0.1327111	0.1706801	0.1122981
0.1400553	0.1960303	0.1742425
0.1353178	0.1492084	0.1151861
0.1667768	0.2118127	0.1370329
0.1488399
0.1074601	0.1667373	0.1747849
0.1152729	0.09624837
0.1741269	0.1295354
0.1189291
0.1110953
0.1325416	0.1457007
0.1399305	0.1622964
0.1833553	0.1124501	0.1400621
0.1432741	0.1404195	0.1423067
0.1481274
0.1123878	0.1081224
0.1816994	0.1544178	0.1220014
0.1022518	0.1181486
0.1302252	0.1968402	0.1993107
0.1999282	0.1197005	0.2151732
0.1657162	0.1894255
0.1580994
0.1373216
0.1613752
0.09762657	0.1237686	0.2103883
0.1655883	0.1658797
0.1584424	0.2014885

0.1309693
0.1484597	0.1016895
0.1148396
0.1302096	0.1379562
0.1577993	0.1286313
0.1590394	0.1461725
0.1181257	0.1225456	0.09745783
0.1103964
0.1344491	0.1306771
0.1257764
0.1620512	0.1296222


0.1749167
0.1618438	0.1907106
0.1756428	0.1707585
0.1232213	0.1276453
0.1101018	0.174668	0.1692915
0.09921138
0.1612081
0.143471
0.179176
0.1470788
0.2029192	0.1188183

0.1392032	0.1262221	0.1640237
0.1517881	0.1501398	0.1355784
0.08654706
0.1186059
0.1353748
0.1626929

0.09721286

0.1805074
0.1279708	0.1968071	0.1607432
0.1144885	0.1182201
0.09185613	0.181848
0.1273403	0.1890413

0.1653084	0.174432
0.1342241	0.1836578
0.1718412	0.1813203
0.1459669	0.1057226


0.1247871
0.1229693	0.1170278
0.1427193	0.1021182
0.1859448	0.1289007
0.1696535	0.1653873
0.1483406	0.08781604	0.2162668
0.1954512	0.2130353	0.1604377
0.1190542	0.09572264	0.1707331
0.1528479
0.09132862
0.1704736
0.1465059
0.1729134
0.1684252
0.1699081
0.1714294


0.1105694
0.2059589
0.1124984
0.1632782
0.127438
0.1444272
0.137644	0.1951763
0.1011072
0.174692
0.1892987
0.1576031


0.1415806

0.1591949
0.1354987
0.1038908

0.1668828
0.09815933	0.1390673	0.2005859	0.2004893

0.1926138
0.1551771	0.199379
0.1778357
0.1505527
0.1403844
0.1478823	0.1371146	0.1170822
0.1010236	0.1765482	0.1430745
0.1568106	0.1465802	0.1933527
0.1374098	0.1379762
0.1029217
0.1331552
0.107567
0.1510165	0.196333
0.1405937
0.1004871
0.1324683
0.1632958	0.1695914
0.11963	0.1516515	0.1553623
0.1212849
0.1648377

0.1665645	0.1481212
0.1287475	0.2223444	0.1204275
0.1407289	0.1388692
0.1237125	0.1547814
0.1962726	0.224319

0.1377623
0.1808228	0.1523232
0.183393
0.1136735
0.1423884
0.1773819
0.1037513
0.1642908
0.1813721	0.1707844
0.1017238
0.153606
0.1317994
0.1297153	0.1688974	0.1377685
0.1123393	0.1357111	0.1627315
0.1590229	0.158481	0.1920593
0.1385473
0.1538989
0.1551628	0.1369281
0.1902829
0.1876832
0.1341858
0.1289349	0.1758462
0.1232329	0.1194203
0.1396096
0.143431	0.1342812
0.1278111	0.1632381	0.2235065
0.1330266	0.1898761
0.150193	0.1409588	0.1854734
0.1443065
0.1196978	0.1964977
0.1800472	0.1944547

0.133471	0.1500715
0.1347678
0.1212851
0.2221887	0.1624532
0.2149035
0.140124	0.168768
0.161547	0.1358456
0.1722772	0.1357007
0.1204425	0.1543117
0.1587734	0.1350524
0.1571402	0.1205129
0.1500677
0.1728101	0.1022801
0.1640941	0.1376749
0.108373	0.2005358
0.1108958
0.1298101
0.1298011
0.1165275	0.1595461
0.2032457	0.1592662
0.1569306	0.1307504
0.1086116	0.1527994
0.2161451	0.1151098
0.2112125	0.1925487
0.1425962
0.1463648	0.112962
0.1228287	0.13402
0.1652883	0.156873


0.1242105
0.1310056

0.1316674	0.2047574
0.1318901
0.1934681	0.1197863	0.1671315
0.1852518	0.1505088
0.1645482


0.161215	0.1531018
0.2218388
0.08304141
0.1129537	0.1607137
0.1552471	0.1596623
0.09614677
0.1253217
0.1299932
0.1469138	0.1459811	0.1563366
0.1308452
0.1080481	0.1422111
0.1190486	0.1506681	0.1638952
0.1182965	0.1438197
0.1408256	0.1375915	0.155964	0.1961235
0.1203621	0.1286509	0.1375007
0.1671166	0.1914427	0.166945


0.2025115	0.1379705

0.1608857
0.1568646
0.1054616
0.1753355	0.1194034
0.1483157	0.1924284
0.1619982	0.1560861
0.1649367	0.1796158
0.1181194
0.1045318
0.1464637
0.1372526
0.1231887	0.1467134
0.1532847	0.135716
0.1267524	0.1894312	0.1662071	0.1404802
0.1546663	0.2088612
0.1401489	0.1372536
0.2089848
0.1890478
0.1415729

0.1207925
0.1509057	0.1120119
0.1864423

0.1758682	0.2052489
0.1700425	0.1387999
0.1270754
0.1720116
0.1396535
0.179773	0.1276096
0.1667414	0.2310969
0.15359
0.116753
0.1387987
0.1426541	0.1336775
0.1551207	0.1335059
0.1241749
0.1969094	0.1462506
0.2084736	0.137053
0.1410304	0.1581471


0.1338111	0.1625637

0.1419622	0.1919478

0.1467459	0.1312723
0.1745952	0.1517664
0.1499997
0.1943074
0.08321859
0.1578058	0.17606
0.1407169	0.1329045	0.1197811
0.2041786	0.1578573
0.1562334
0.09847097


0.1283288
0.1465959
0.1255827
0.1215801
0.1259059	0.1808655
0.1710336
0.09649482
0.1914844
0.1615155	0.1524794
0.1799757
0.1334629
0.1885127	0.1471622	0.1721643
0.1756081	0.2092248

0.150184
0.1098626
0.1596945	0.1226805
0.1099666	0.1095098
0.1329547

0.1393788
0.09887467
0.2004934	0.2036253
0.09669465	0.1321812
0.1558914
0.123229


0.1165469	0.1908388
0.106596
0.2213593	0.1556149
0.1983634	0.2359629	0.1343708
0.147718	0.1171563
0.1927396	0.1878529	0.14654
0.0946243	0.1075071
0.1099854	0.127939	0.1732884
0.1282225	0.1238268	0.1349224	0.139846	0.1427989
0.1105403	0.1359819
0.1223148	0.1144379
0.1460804	0.1204705	0.1724042
0.09799924	0.1720594
0.1489651	0.1265924
0.1800522

0.189449	0.1712894
0.1988585	0.13428
0.1713894
0.1436331	0.1348843
0.1162421
0.1117024	0.2567936
0.2034811
0.1158736
0.1624946



0.1477716
0.1590336



0.1187271
0.1708123
0.1468162

0.1143196
0.09474967	0.1459376
0.1826802
0.1423405	0.1725074
0.1560602	0.1176501
0.1330434
0.1307745	0.1079848
0.1322485
0.1436175	0.1465612
0.1273489	0.1261684
0.1683458	0.1370752	0.1417533
0.1784969


0.1458817	0.1772844
0.1008153
0.125203	0.1362891
0.1991545
0.1849917	0.1504248
0.1828042	0.1738727
0.1617365	0.1768469
0.1579019	0.1983218
0.08311625	0.185264	0.1891912
0.1691994	0.1923307	0.1584047
0.1428378	0.1466726
0.1175008	0.1794197	0.1602176
0.1416936	0.189625
0.1154417
0.1452089	0.1392916
0.1324217	0.1903923	0.1726579
0.1324976	0.1031581
0.1810801	0.09959003


0.1882716
0.1293194
0.2086561
0.1865607	0.1442216	0.248179	0.1706654
0.1440696	0.2048954	0.1420168
0.1566814	0.1668076	0.1054641	0.1432681
0.1656553	0.163296
0.1336376

0.1246191
0.1486152
0.2487546	0.1994614
0.1770838	0.1477868	0.1867874
0.2082763
0.1652122
0.1362375
0.1622397	0.2075285
0.141441
0.1446929	0.2112347
0.1217525	0.1458112
0.1320381	0.1605108	0.1316176
0.1724923
0.1386911	0.191895
0.1342675	0.1297139
0.1526211	0.1562173

0.1397289
0.1451082
0.1470013	0.1478657
0.1194231
0.127955
0.1022579
0.136873	0.1193604
0.1633802	0.1475506	0.1350664
0.1056696	0.1138201	0.1134794




0.1345549
0.113285
0.1550577
0.1659436
0.1316133
0.1268743
0.1961028	0.2002967
0.145743	0.2197397	0.1610017	0.1341812
0.1842783	0.2085523
0.1436718	0.1866466
0.151722	0.1951971
0.1864007	0.1737154
0.2004466	0.1041376
0.1425464	0.1711186
0.1127592
0.165689
0.1347384	0.1808494

0.1581206
0.1242704
0.1330967
0.1285318
0.1423452

0.1530851	0.1856292
0.1244597
0.146602

0.1744971
0.1716357
0.1408115
0.1692128	0.1665869
0.1568466
0.1487516	0.2709526	0.1388461
0.1776837	0.1805519	0.1627726



0.1390953
0.1930368
0.1798836
0.1365294
0.191849
0.16719	0.1432827
0.1779611

0.1201338
0.111036	0.204633
0.1487665	0.1487873
0.1511048	0.2305165
0.2074183	0.1398444
0.1344182	0.1241953	0.1417722
0.1433047	0.09892535	0.1532676
0.1672483	0.1513907	0.2209993
0.1408935	0.2078038	0.2219795
0.1166129	0.131737
0.1627731	0.1744693
0.1975811	0.1207596
0.1363944	0.1618061
0.1363457	0.228136
0.1434485
0.11279	0.1441544
0.169473	0.1572218
0.123351	0.1276168
0.1726274	0.1213876
0.1452372
0.1580708
0.1362124
0.09140598
0.1345611
0.1187958
0.1661985	0.210853
0.1502248
0.1448417
0.2275994

0.1686255
0.1817354
0.1118176
0.1101337	0.1588773
0.1765468	0.1825328
0.2302222
0.1361256
0.1432394
0.172356
0.1175733	0.179552
0.1367352	0.1516451
0.1272077
0.1373579
0.1592125
0.1095701
0.1101227	0.1625797
0.1391366	0.1604652	0.1555397
0.1808984	0.2299621
0.1536743	0.1038139	0.1496646
0.1463523	0.1508465	0.127915
0.1185459	0.1363865	0.09516708
0.1954886	0.1827078
0.1208551
0.1229263
0.1003904
0.1695836
0.1985753
0.1496612	0.1529348	0.1456564

0.1109719
0.1423268
0.1454163
0.1407815


0.1349006	0.1305532	0.1299138
0.102985
0.117142

0.1386246

0.1376589
0.1601631
0.1700982	0.126313
0.1873547
0.1612418
0.1190354	0.2089258	0.151058
0.1420321
0.1366463
0.1875645
0.1005065	0.1744161
0.120562
0.1322428
0.1415105	0.1856517	0.08879162	0.1488076
0.1564368	0.1560336
0.1267104
0.08883736	0.1684635
0.09897871	0.1380379
0.1046589	0.1011788
0.2183409
0.171849
0.1381478	0.1270819
0.1548283

0.1705736	0.1135113
0.1509343

0.1863486	0.1628927
0.168799
0.1354226


0.1438819

0.1310189	0.08235282
0.1615688	0.1167574
0.1412066	0.1583144
0.1568619	0.1202588	0.2036695
0.1303944	0.1698188	0.1217101
0.09267874	0.1820586	0.1090342
0.1083351	0.1677843
0.1638625	0.1346525	0.1906043
0.07585064
0.1787975	0.1110393
0.1629798
0.1572958
0.1579873	0.1747514
0.1755557	0.2784005
0.1702766	0.1749299	0.1616383	0.1234704
0.1695664
0.1102395
0.1271166	0.1468689
0.1219545	0.1714496
0.1675176	0.1490666

0.1472383

0.1871569	0.130226
0.1127311	0.1481644
0.1363911	0.1071269
0.1124446	0.1619079
0.1035731
0.1378698	0.1077996


0.1559607
0.2441539
0.1343257
0.1068664	0.1561499
0.1128554	0.1736842

0.1518554
0.1410846
0.1702647
0.08978298
0.1316545	0.1423991
0.1087409	0.2090352

0.16646
0.1781705	0.1266606
0.1855687
0.1421881	0.1164603	0.1752338
0.1336864	0.1246033	0.1700866
0.1527763	0.2367206	0.1628527
0.1636475	0.1259597
0.1411106	0.1772055	0.1792696
0.1807419
0.09248785	0.1792093
0.1591428	0.1494982
0.1751244	0.1171713
0.1394192	0.1731955	0.1406573
0.09735281	0.1548555
0.1042625	0.1046615
0.1409971	0.1449973
0.2254976	0.168746
0.2157642	0.1664599
0.1882106	0.1883846
0.1131553
0.2131149	0.1590786
0.2044516

0.1526552
0.1403946
0.1692237	0.1397435	0.1473974
0.1340032
0.1474461	0.1307095
0.1054498
0.110278
0.1513863

0.164258
0.1506379
0.09587735
0.1536558	0.1284708
0.1156395	0.1353616	0.1390954
0.1286717	0.1425335
0.09129893
0.1618148	0.1471124
0.125553	0.1690124
0.1180524
0.1180972
0.1294113
0.180748	0.1805968	0.1492733
0.1581574
0.1502274	0.1156385
0.1968963	0.1907178	0.2270258
0.1280928	0.1264099
0.1186826	0.1822228

0.1598368	0.1153696

0.08283402
0.1485607	0.1527545
0.1165149	0.1011937
0.162556	0.1588404	0.1421992
0.1595388	0.1924085	0.1019493
0.1946673	0.1402309	0.1669829
0.1382459	0.1551707	0.152907
0.2085803	0.1455031	0.1428429	0.1275916
0.1432111	0.1583059	0.1418745
0.1680292
0.1447204	0.1387656	0.1865845	0.1591526
0.08952175	0.1595987
0.1411841	0.09089397
0.1230559	0.1355239	0.2020282
0.1267111	0.14043	0.1367776
0.1628808	0.1763227	0.1645399	0.1598484
0.160871
0.183927	0.1364636

0.1562719	0.1472199
0.1782889
0.1197996	0.1562233
0.1643278	0.1768968
0.1315675	0.1381421
0.151246
0.09365508	0.1711062
0.1847961	0.1836953	0.1375021	0.2289407
0.1226143	0.1474221	0.1409457
0.1289614	0.1269839

0.1529651
0.1319978
0.1541034
0.1590993
0.1469668

0.1268909	0.1318029
0.1841763	0.1287846
0.138185	0.1937497
0.1851552


0.1297766
0.1438601	0.1461075
0.183412	0.1338243
0.144787	0.1439317
0.1222685	0.1934093
0.2044906
0.1327843	0.1623239

0.1268007

0.1254799	0.1761592
0.1586603
0.1599584
0.1333547
0.1481075	0.1555475
0.1427097	0.1629739
0.1202974	0.1452767	0.1318728
0.1371848
0.1293542
0.1517589
0.1688198
0.148988	0.1135238
0.1829463	0.1854118
0.2222969
0.09754705
0.1806232	0.1588625	0.1819615	0.1157132
0.1136329	0.1534254
0.1446655	0.1617504	0.2333375	0.243347
0.2171573	0.1040856	0.2565991
0.1598706	0.1272291	0.1303625
0.1297311	0.1849856
0.1937097	0.08178408

0.1806497
0.2008503
0.1341556
0.2587999	0.2276781
0.0928839
0.1614744



0.1723528
0.1170614
0.1604162
0.1467687	0.2240089
0.1431446	0.1557884
0.1696569	0.1389951
0.1352579
0.12028
0.1226104
0.2485041

0.1565882
0.1364481
0.118231
0.1143376
0.1716316
0.1601149
0.1241791	0.2112185

0.2174861	0.178955
0.1167778
0.1322626
0.09614855
0.1435157	0.1016641
0.1624819	0.1418913


0.1717773	0.1350206	0.1647334

0.1518529	0.1552875
0.2358432	0.08646879
0.1126636

0.1484456
0.1408842	0.1179616
0.1525291
0.1322497	0.1908097
0.1541312
0.1202481
0.09481391
0.1857155	0.184551
0.09858743	0.1414213
0.148558	0.1205854
0.185892	0.1668249	0.135574
0.1161047
0.1680702	0.1025153	0.1613842
0.1693067	0.1504835
0.1003623	0.1640798
0.1405838	0.1330986
0.1614187	0.1598081
0.1708899	0.1538186
0.1179478	0.1601547
0.1244798	0.1749994	0.1468377
0.1779382
0.1832654

0.1474007
0.2439082	0.1736275	0.136174
0.1795925	0.1566401
0.1440377	0.1328568

0.1206874	0.1598889
0.132433


0.1648351	0.1447332	0.1388448
0.1257748
0.1540832
0.1464849
0.08638053	0.1682207	0.1195676
0.1295225	0.1943805
0.1246651	0.1546584
0.1669802
0.1196754	0.1825842

0.1334939
0.1302676
0.1234979	0.1571645
0.1818432	0.1240346
0.133265	0.1858403
0.1555883
0.1337298	0.1128365
0.08823013
0.1153353	0.1452587	0.1756907
0.1023888	0.1307987
0.1319865	0.142091	0.1959156
0.1070439	0.1083842
0.1498869	0.1398267
0.09436217

0.1294137	0.202136
0.1364698
0.1912976	0.1724594


0.07720966
0.1075738
0.1317812
0.1705492
0.1364296
0.2265521	0.1298549
0.1492923	0.1167525	0.1594543
0.1345386
0.1719351
0.1197565	0.1103599
0.1492295	0.1039098
0.1107392	0.1415249
0.1450633	0.1587238
0.176633
0.1424976
0.1646938	0.1924554
0.1539507
0.1833292
0.1269148	0.2022111
0.1296762	0.1387493
0.1627836	0.1370546
0.1640497	0.1743656
0.1430763	0.136603
0.1308302
0.08913187
0.1437704
0.1813141	0.1114988
0.2075864	0.1484675
0.1133039
0.100289
0.2033249
0.09555774

0.114491	0.1743435
0.1546867

0.09108517	0.1422834
0.09527856	0.1391163
0.1022144	0.1069262
0.1188995

0.1722746	0.193671	0.2064135
0.1551202
0.1725189	0.2233953
0.1356185	0.192698	0.1659008
0.191153	0.116921	0.1743161
0.1440947	0.1744247	0.1915874
0.2198752	0.1217449	0.2326066
0.1547985
0.1234796	0.1917595
0.1368991
0.09876636	0.1390074

0.1651331
0.1561117
0.1248364	0.1313343
0.1689125
0.1621193

0.15705
0.1296196	0.1810362
0.1652328
0.1692388
0.1455072
0.1586413	0.1492437


0.1327227
0.1537695
0.1261859
0.2114696
0.1876093

0.148219
0.1129228	0.1943181
0.180173	0.1336319
0.162329	0.1751137	0.1220834
0.1541091
0.1119435	0.1458896
0.1723572	0.1423084
0.1657605	0.1900126


0.1640065

0.1932034
0.151704
0.1272527
0.123711
0.1082776	0.1335411	0.1283019
0.1144866	0.1275818	0.1683455
0.1346455	0.1372151
0.1182461	0.1295138
0.1725735
0.1056349
0.1829006	0.1616758	0.1522803
0.1617301	0.1465296
0.1407881	0.2022237	0.1187605
0.2063359
0.2027574	0.1483964
0.1526759
0.1759075

0.2093443
0.1642351	0.1408763
0.1008545	0.1853543
0.1243983
0.1617253
0.1095983	0.1203293
0.1762885

0.1370855	0.2309773	0.1292087
0.1286651
0.1567026	0.1796118	0.1105079
0.1671275
0.2105424	0.1597983	0.1353982
0.1571763
0.1256518	0.1447923
0.1343441

0.1439907	0.1572388	0.2008825
0.1789288	0.1088387	0.1672249	0.138997
0.1366021	0.1921152	0.1103143
0.1655025	0.1714775
0.126655	0.1748324
0.161475	0.1197981	0.1678632
0.1237746	0.2102173
0.1239338	0.1339159
0.1400717
0.1332242
0.112634
0.1818037
0.1589442
0.130953	0.1650013	0.150514
0.1657643	0.0810097
0.1417868
0.1989735	0.1664862
0.1249176	0.1622207	0.09430449
0.1382603	0.1422339
0.125375	0.1746685	0.09835675
0.1103564

0.2206676
0.1637415
0.1876459

0.1695613	0.1513293
0.1559584
0.1608527	0.1347767	0.125369
0.2075613	0.2044616	0.1691847
0.1477166	0.2024073
0.1366599	0.1568027
0.122043	0.1459859
0.129639	0.1185501	0.1766966	0.1377166
0.1817472	0.2583073


0.1345926
0.09847888
0.153033	0.1578849
0.1366657
0.162644

0.1424719
0.1873047
0.1149886	0.1873032
0.173217
0.1590609
0.116289
0.1642798
0.147668	0.1840023	0.202229
0.1669513	0.1153267	0.1274127
0.2063262	0.2522419	0.1188609
0.1754436
0.1187174
0.1323751
0.09981877	0.1391585
0.1960198	0.1091375	0.1384248
0.1819268	0.186374
0.1536136	0.1784801
0.1692542	0.1439349
0.1563603	0.200577
0.151684	0.1437633
0.1737532
0.1227652	0.1062446
0.1585974
0.09754766	0.1522762
0.1250635	0.1130581
0.1299922	0.1495987	0.2151208
0.1196897	0.2052245	0.184058
0.199334	0.1719216	0.2132373
0.1152094	0.1226241
0.1372865
0.1565435
0.1943871
0.1337157
0.1707787
0.1603715	0.1336866
0.1820606
0.1265155
0.1323431	0.1348881
0.1761837	0.1345909
0.1808196	0.1519873
0.1355245





0.1654141	0.1808485
0.1069441	0.117047
0.1188545	0.1780563
0.1522302
0.1806848	0.1288689
0.1701709	0.1245305
0.2243368	0.1167128	0.1225618
0.1557277	0.1874448
0.1257866
0.1575725
0.1379215
0.1137384
0.1330997
0.1310179	0.1475606
0.08567803
0.1372394	0.2140004
0.1478975	0.1281655
0.1285139	0.1526618
0.1715366

0.1536891	0.1541877


0.1481891
0.1589491
0.1579581

0.0823189	0.1485152
0.2114293
0.1326056
0.2013479	0.1878702	0.1374981
0.1163345

0.218296
0.1648877	0.1489783
0.1758207	0.1614793
0.167034	0.2528609
0.1861506	0.1506606
0.1826406	0.1120257
0.1458674	0.1455942	0.1869294
0.1293995	0.1923631
0.1583729	0.1576492	0.1305004
0.1211431	0.1069262
0.1537331	0.2047691	0.1718848
0.118	0.156251
0.1972237	0.1548319
0.1194086
0.168709
0.1495924	0.2198192	0.1617619
0.2323324	0.09113713
0.1629322	0.1090335
0.1550648	0.1399374	0.1863626	0.1488307
0.1821248	0.1356602	0.1584428
0.2051926	0.09575764
0.1464678
0.1578112

0.1639154
0.1082928
0.1601058	0.184552
0.1342694	0.1196921
0.08596717	0.1586428
0.1460371
0.2210341
0.1763815

0.1112942
0.1635678
0.1374377
0.1162787	0.1816577
0.07632421	0.1344512
0.1592052
0.2243738
0.1247693	0.1450496
0.148949	0.2173145
0.1454329	0.1119207	0.1643084
0.1331748	0.1254102	0.1649903
0.1052098	0.1047064
0.1638577
0.1502812
0.1125672	0.1899519	0.142948
0.1974508
0.1262809
0.1392756	0.217782
0.1159657
0.1034616	0.1653169
0.1290832

0.2081372	0.1377722
0.09092737
0.1606909	0.2151324	0.2382969
0.1399192	0.1867487	0.1831357
0.1507476	0.1129286
0.1758762	0.1674029	0.1080268
0.1139255
0.1149618
0.1701159	0.1409295
0.1546519	0.1322085
0.1717191	0.07719362	0.1897097
0.1206049	0.1195751

0.1458541	0.1514971

0.1118317
0.1773568
0.1382584

0.1370796
0.1057318	0.1319378
0.1569162	0.1136276
0.1733007
0.1093382
0.1709039	0.1840805	0.1139414
0.1213077	0.1430328	0.1466534

0.1324742	0.1211845	0.1229191
0.1975617
0.1563282
0.1591148
0.1389398	0.2057123
0.1557649
0.1710811

0.1316961	0.1868336
0.1047423	0.1480351
0.1309003	0.2414728	0.1539961
0.109371	0.1727203
0.209418
