ExtinctionRates
0.02077065	0.001076465
0.001911774	0.002322076	0.01046897
0.04864546	0.008330757
0.0008676815	0.002016476
0.0331436	0.005610535
0.008497794	0.001922725
0.005844044	3.683029e-05	0.003697735
0.03788079	0.003858531
0.0004967256	0.01344218	0.1119691	0.001106378	0.001746701	0.0143058	0.2436628
0.003891545
0.1296964	0.007107385	0.03917759	0.001222582	0.0008937498
0.07632408	0.001989847	0.008558817
0.006146289	0.03206707	0.0005628108	0.003660979	0.002760507
0.0237723	0.007413978	0.001560607
0.005180138
0.001724167	0.0006865165	0.008673338
0.002202638	0.00596069
0.08916087	0.004588556
0.01337357	0.01266572	0.007253339	0.005482943
0.01265007	0.00568683	0.01962864
0.005872718	0.06161111	0.03239413	0.007622435
0.009909754	0.002609292	0.02671357
0.0735025	0.01928085	0.02798303
0.001570721	0.0007582942
0.006962278	0.009738717
0.01211933	0.005215872	0.06000812
0.0273009	0.002044241	0.02450811	0.03428837
0.002258723	0.005311987
0.02179472	0.01524699	0.01037779
0.02218829	0.001337704	0.007445297
0.0003581938
0.004500114	0.005881537	0.002210851
0.002532032	0.02099615	0.0021731	0.006299585	0.01558135
0.003055322	0.009304094
0.001215778
0.001609676	0.00262973
0.0004886276	0.08624828	0.002093778	0.08337835	0.003985888
0.006360169	0.009763722
0.02880769	0.0008672174	0.0006512193
0.01232695	0.003811648
0.004274673
0.06647204	0.003927559	0.002135879	0.001739936	0.01618617
0.0246585	0.01555658	0.002575902
0.05990579	0.00126097	0.01620903	0.00399804	0.004496013	0.008275752
0.0007059051	0.007287438	0.02149434	0.001516601
0.0239812	0.004044613	0.003750463
0.001003268	0.01882902
0.001138195	0.002972463
0.01142534	0.002908037	0.05031917
0.007288138
0.04447662	0.004584098	0.08442074
0.009312078	0.004734594
0.0003605467	0.01084817	0.005944751
0.00340469	0.02300807	0.0488042	0.002833992	0.001836235
0.05138364	0.01841839	0.003156611	0.02015969	0.01618684
0.009914756
0.00990716	0.0160093
0.03948648
0.0001804263	0.009172986
0.004325329	0.001952963	0.01097944	0.006108661
0.04018321	0.00144599	0.007694818	0.004469133	0.01098813
0.005946157	0.01418287
0.001777416
0.05127908	0.03373556	0.002404581	0.0286011
0.01839775	0.002063752	0.00479397	0.0007601933	0.0009226654	0.003594828
0.05173704	0.007825528	0.01693583	0.04183288
0.00380906	0.05532382
0.003561937	0.01677876	0.001814293
0.0192645	0.001981009
0.06805141	0.2008591	0.004898006	0.03958505	0.01497748
0.0393194	0.02037314	0.01367747
0.004843842
0.01484992
0.03495723
0.001734253	0.0082279	0.0009584864	0.009746459
0.004877276	0.003812497	0.004992178
0.005795234	0.03654816	0.003817394
0.00350434	0.001569296
0.004081725	0.0003527029	0.1430636	0.02424162
0.008842284
0.005196798	0.001656467	0.002138447
0.004306727
0.006261292
0.0008135251	0.001653573	0.02415372	0.02374836
0.02184155	0.006680912	0.03859881
0.002906882	0.0002273444	0.07689912	0.008083848
0.006902583	0.001267663
0.02145708	0.01586128
0.02040436	0.02732485	0.007012334
0.008422615
0.005859345	0.002710235	0.01302914	0.003767227	0.03730972
0.01050956
0.02808449	0.002804399	0.0445351
0.00740367
0.01472868	0.03528831
0.001294889	0.03499957
0.007903307	0.008358597
0.01530893	0.007635918	0.03608414
0.008798086	0.2234878	0.003868639	0.007614861	0.0352642
0.009111867	0.04262263
0.006063063
0.00109692	0.0327278	0.005956778
0.01286942
0.0066726	0.0009814296	0.1430018	0.01497262
0.001789855	0.004279574	0.009641065
0.008576266	0.002514856	0.007169053	0.01180865
0.009962976
0.004097254	0.0116849	0.00130441
0.003608892	0.004549731
0.002050119
0.0173209
0.004333254	0.01325431	0.007129143	0.0080523	0.03854791	0.001919449	0.01901134
0.06366139	0.06044248	0.05764586	0.02437221	0.009199749	0.007957705
0.002009526	0.001216112	0.003447719	0.01952683
0.05202398	0.004878341	0.002500941	0.008506266
0.03085313	0.04842657	0.00152606	0.03611663	0.0607407
0.008749164	0.005164857
0.00598725
0.0008643813	0.00318765	0.006674323	0.0005650883
0.004594694
0.03162389	0.008234866	0.01717254	0.01104699
0.05744108	0.0412702	0.0308279
0.02753777	0.003602951
0.006888678	0.0105743	0.0004534934
0.01015797	0.03789457
0.009092414	0.004344386	0.02194715
0.002618824	0.0002597329	0.001313758	0.01281395	0.03713197
0.02389951	0.005654082	0.02207235
0.006811524	0.0290868	0.03339606	0.009066648
0.006707834	0.06649308	0.07005068
0.004608608	0.00843941	0.02887219
0.01204725	0.002642816
0.01821281	0.002352284	0.06238886	0.007741734	0.01237822
0.002173243
0.004322131	0.002766275	0.003508214
0.009924696	0.0103644	0.03948611
0.0003682487	0.002246448
0.008013185	0.01611376	0.003320275
0.002797619	0.003214888	0.01916811	0.00736542
0.01844013	0.003911481	0.03435139	0.01130188
0.006995954	0.007488692	0.02738179	0.006133274	0.01207655
0.000778995	0.00266856
0.008690059
0.002096604	0.003897165	0.0008077033
0.02348735	0.001566729
0.007439107
0.0142973	0.02351185	0.004770248
0.04248066	0.00892272	0.001981211
0.01206906	0.00875637
0.001581613
0.00321003	0.01064551	0.02153482	0.00125152
0.02588966	0.01937111
0.003141571	0.004994796
0.01007042
0.01694953	0.006261149	0.003842019	0.003258273
0.09985174	0.01286935
0.0001982588	0.006925845
0.004933459
0.2262155	0.002900686
0.07570894	0.03060313
0.004459798	0.007635975
0.01181133	0.002589505	0.009527102
0.003709031	0.002214268	0.07419931	0.04283568
0.007492287	0.004360566
0.02619876	0.003985611	0.002181029
0.01647891	0.009458279	0.04738203
0.03619313	0.0006908507	0.006840758	0.01471431
0.04394399	0.005892453	0.00659792
0.02128666	0.009014066	0.002392146
0.009776283	0.002517588	0.002476731	0.01741049	0.05622242
0.0003483235	0.0222965	0.02159541
0.0004704811	0.005948111
0.0007981701	0.01157714
0.1156062	0.003957911
0.01054991
0.0190896	0.02688555	0.004204411	0.0009769676
0.009656917	0.01420928	0.05303101
0.007738022	0.01286667	0.007227045
0.00231751	0.0006547506	0.007991455	0.003531115
0.007592554	0.0148457	0.003264086
0.003693863	0.009915732
0.008723993
0.00681779	0.000224812
0.009135158	0.0006316065
0.003196056	0.006311639
0.01187039	0.002378008	0.001159968	0.0385874
0.01227354	0.002028319
0.08778134	0.07166031
0.005003047	0.03937472
0.002745072	0.005177086	0.001087468	0.03344775
0.01727856	0.01172294	0.01221857	0.002447524	0.05434171
0.001765949	0.04092752	0.001046243
0.01839151	0.00223578	0.006237516
0.02475403	0.02242972	0.005766336	0.03699691
0.02782812	0.004796039
0.01808871	0.001579272	0.02093997
0.0009015392
0.02126898	0.005970142
0.005346703	0.003767879	0.007043636	0.02861071
0.003894091	0.00513674	0.02745002	0.01184962
0.01531526	0.002976185	0.02592263
0.01193691
0.000710287	0.001446861
0.01859102	0.0328625	0.001057641
0.003016166
0.01644527	0.002286709	0.0005797723	0.3754775	0.08037117
0.004157276	0.001032044	0.003537236	0.009717317
0.01500315	0.02043459	0.01007891
0.01318456	0.006588359	0.0640991	0.00369648
0.04782003	0.007971855
0.0092719	0.004444049	0.03666103
0.01260562
0.01775593	0.06338765	0.007878797	0.01232584	0.01146015
0.03563624	0.002378125	0.02773197	0.005059445	0.02649401
0.01571299	0.000928691	0.005866099
0.003581332	0.01136044	0.007528992
0.01326993	0.02301856	0.0007247762	0.04395526
0.0008729308	0.00192802
0.006299526	0.003380565	0.0009985064	0.007064074	0.02896101	0.03251545	0.0004642822
0.002968111	0.04748757	0.05486356	0.002998931
0.01174264	0.004107119
0.006903337	0.0618867	0.001622286	0.01643897
0.002113415	0.1241936	0.001648005	0.0081647	0.0008935918	0.002882803	0.003911649
0.003500719	0.002930297
0.006591666	0.01508859	0.006629891	0.02317654
0.009895738	0.004794363	0.009439475	0.009238654
0.004707507	0.03671502	0.07832161
0.0004014125
0.00156587	0.003529764	0.02714015
0.04226455	0.002719549	0.01270537
0.05243515	0.0008528223	0.05015284	0.003023033	0.06288497	0.0007374993
0.002499804	0.001596139	0.003465266
0.01043005	0.00711576	0.003118392	0.06466441	0.009310888
0.003268554	0.03264173	0.02641864	0.01274684	0.001263492
0.00463785	0.002195149	0.003791641	0.008594064
0.0242323	0.001880736
0.01599515	0.0005491232	0.001161657	0.0044899	0.02417482	0.004114236
0.009653181	0.02637743	0.002799627	0.000642249	0.009570942
0.03374971	0.02029819	0.011186
0.02680059	0.01449022	0.0003593503
0.01919771
0.009599433	0.002692908
0.02252387	0.0183708	0.004477882
0.03686128	0.0002583065
0.001520756
0.00225818	0.003930563	0.01575851	0.01710696	0.003678253
0.002259369	0.01884636	0.01531496	0.009392466	0.0008561887
0.001025699
0.006257238	0.01406117	0.01983646	0.005514916	0.005841722	0.008651277
0.004369346	0.01057392
0.001368016	0.007620783	0.00818937	0.01247301
0.003607428	0.006407809
0.005120966	0.02868587	0.003605702	0.003110349	0.01088684
0.03159489	0.05164668
0.006492607
0.01131652	0.01290322	0.0002933963
0.007063857
0.0422266	0.006548278	0.006441817	0.004821283
0.01508116	0.01889297
0.009218674	0.002928582	0.001794153	0.004551931
0.001652223	0.0009897649	0.005786767	0.04101042
0.009706575
0.03582201	0.003687627	0.001204398
0.003490452	0.02138868	0.00523381	0.0007616796
0.002004417	0.001013326	0.01609728
0.01197949	0.01599095	0.005804538	0.06259168
0.002201186	0.01398414	0.1622963
0.06845838	0.04566332	0.006959979
0.1053266	0.005613541
0.006842465	0.02678184	0.02127693	0.002599686
0.002646545	0.009256589
0.002705611
0.00554718	0.05074544	0.003315201	0.02267751	0.00969465
0.007394775	0.04172589	0.0007796274
0.01654191	0.006569595
0.02118916	0.02306682
0.008740929
0.003344648
0.05501824	0.009551514	0.01377206
0.005384464	0.007871974	0.05548229
0.001472525	0.009076081	0.001245049
0.0008117741
0.00390007	0.01204214	0.02525958
0.004324799	0.005782544
0.0213694
0.0585795	0.003820634
0.03348317	0.001829512	0.04507348
0.001555678	0.01639146	0.01047868
0.01044079	0.001806572	0.004467414	0.01207363
0.01677021	0.01051094	0.004483307	0.004070147	0.009048744
0.009275834	0.0006408674	0.002962122	0.01137276
0.005307286	0.007278672
0.06856826	0.07008852	0.0193273
0.03841684
0.001725752
0.01975544	0.02659073	0.005507103	0.1190396
0.0172737	0.008184095	0.00084731	0.0006881652
0.002524657
0.01889084	0.002721098	0.008369121	0.04970961
0.04034765	0.003486035	0.0052133	0.03415857	0.0008015131
0.006376181
0.01656274	0.0002279035
0.003206323
0.05049745	0.01481723
0.002635458	0.05191144	0.01249122
0.005807568	0.001991826	0.00832512	0.007774774	0.01238899	0.00645072
0.03240557	0.003240451	0.01728228
0.001328952	0.00988524
0.002739496	0.001999214
0.00340392	0.003187037	0.01370828	0.001738054
0.1582049	0.006604703	0.001166588
0.01198838	0.005558454	0.003127372	0.01296489	0.002430406	0.02663844	0.01664447
0.002069363
0.002316473	0.001889518	0.01022277	0.03537937
0.03663514
0.005023028	0.01600547
0.02437079	0.003294869
0.0006469174	0.001374075	0.07682739
0.000576721	0.005522349	0.0162649
0.002757666	0.02109362	0.009321947	0.4704768
0.00257598	0.005204336	0.01519494	0.007106929	0.002348538	0.01044537	0.03019467
0.005478002	0.009135668	0.01398575
0.007041451	0.01541668
0.001557684
0.005673497
0.008365573
0.01415495	0.004334118	0.00359418
0.1607715	0.02333314
0.01190159	0.002309987	0.02545442
0.008256391	0.006820457
0.0025067	0.01017057	0.0001528025
0.003254676	0.004279965	0.000960923	0.0004669889
0.002469197	0.0005670757	0.0114099
0.004401894	0.0002704052	0.009206349
0.00337653	0.00501858
0.006400326	0.005042722
0.0267278	0.003114581	0.01164914	0.297185	0.02786218
0.008359328
0.02718508	0.004794063	0.01778934	0.09995435
0.07412633	0.008894159	0.01525586	0.006275312	0.01383702	0.01310624
0.01977071	0.003906053
0.0405261	0.008478347
0.003897463	0.001966108	0.02277089	0.003348808	0.0336157
0.1010035	0.004710233	0.006558772	0.03429286
0.008292245	0.004661693	0.02047413
0.04476822	0.01849199	0.01110959	0.000439695
0.05321958	0.001451225	0.000704966
0.02687216	0.002953086	0.0004286788
0.002036157	0.00432547	0.0781937	0.01462922	0.004928699
0.001862872	0.01263968
0.07928025	0.001686701	0.001422141
0.01132023	0.006861955	0.007800185	0.01410712
0.1118652	0.005139996	0.0146843	0.01244393
0.0032844	0.01233798	0.007339046	0.002032518
0.01178878	0.003822759
0.01284949	0.005488931
0.005476091	0.003290569
0.003726071	0.006812427	0.02314721
0.01897499	0.06372743	0.004456286
0.0045252	0.01785436	0.007602327	0.01787119
0.007807906
0.0005952801	0.005577211	0.02650756	0.002889405
0.00542838
0.006951362
0.01350313	0.01790885
0.003180881
0.01199601	0.001121005
0.006863261	0.006357334	0.02271297	0.006006986
0.01216799	0.01015462	0.006684824	0.02680543
0.0176413	0.008479669	0.007910613	0.01868961
0.007169582	0.006274296	0.007680823	0.02964262
0.001079677	0.003417982	0.06455111	0.008841406
0.002291702	0.01229355	0.0292139
0.003273675	0.006052525	0.01204553
0.04127583	0.008619528	0.003225878	0.01343772	0.009616426
0.002396003	0.01536595	0.006464208	0.01239501	0.002751994	0.005642873
0.09702458	0.01142741	0.0086956	0.02874436	0.00475274
0.004720493	0.002087805
0.01648824	0.002823981	0.007827033
0.00936089
0.008238419	0.02157757
0.002669023	0.01584538
0.03322525	0.002129261	0.02803944	0.02965422	0.01761733
0.009470781	0.01152278	0.002390979	0.02378482
0.0004640741	0.01021681	0.01136664
0.000815909	0.003552957	0.01919438	0.02001924	0.007375126
0.01982563	0.01037274	0.005438517
0.0318248	0.0228093
0.04202547	0.0219586
0.002061368	0.005280778
0.05129099	0.0004551308
0.01563457	0.07035684	0.007355054	0.001342972
0.008852102
0.022669
0.008253886	0.005870685	0.1362763	0.01238411	0.01880906	0.009445405
0.004982979	0.001686565
0.04972126
0.00793714	0.03155178	0.007092979	0.02066476
0.01906348	0.009243768	0.01832283
0.01716471	0.001222944	0.0004558372	0.006200573
0.1316346	0.0498583	0.02997272
0.0009338451	0.015715	0.003198767	0.004725858
0.002315846	0.00341759
0.01219213	0.03215073	0.0225531	0.002555536
0.1030376	0.002331673
0.001446485	0.01196645	0.01680957	0.007227523
0.004463275	0.01875962
0.02566196	0.003552419	0.001172423	0.004635869	0.004024068
0.01329494	0.01032098	0.01749901
0.08512401	0.01267317	0.01431237
0.02071676	0.00158281	0.0964333
0.09919186	0.01758741	0.03319553
0.01110522	0.001042489	0.0006331676
0.05158543	0.007442039	0.01734083
0.006492779
0.0145548
0.006163289
0.03170248	0.001058553	0.002894688
0.01897713	0.0287044	0.009009987
0.006044344	0.0003227036
0.01235189	0.042968
0.01937149	0.004397895	0.1121648	0.01275349
0.008270013
0.001907036	0.002421131	0.004845723
0.01856859	0.01285485	0.009122537
0.005096246	0.004776947
0.04224808	0.001528891	0.006408741
0.02193923	0.004359246	0.01172475	0.001751071	0.0029224	0.008512327
0.2942454	0.004433896	0.003983166	0.003427209	0.09042999
0.008999824	0.03800716
0.01054351	0.006827481
0.009791646	0.0179099	0.00644176	0.06381127
0.0003669853	0.008241973
0.05859795	0.003478113
0.03573068	0.00419592	0.0006331388
0.004653744	0.01576058	0.04455879
0.01277119	0.01026505	0.03429357	0.05774372
0.04337318	0.01301684	0.005055779
0.005734288	0.02336737
0.02424807	0.02352268	0.03657107	0.0299151
0.0006370415	0.009917718
0.007241316	0.005010094	0.006339069	0.01076761	0.1442729
0.0005551427
0.002136095
0.01563923	0.0005795324
0.01762	0.002287719
0.003745335	0.01654952
0.1005139	0.02394692
0.006221582	0.1730977	0.02157091	0.004526105
0.005387845	0.01743766	0.005983482	0.01085155
0.01191907	0.0005397532	0.01567051	0.02258498	0.1943649	0.02836009
0.001800022	0.003444912
0.01650763	0.02010293
0.01413442	0.03241072	0.0003359685
0.006297146	0.0051512
0.006704732	0.00548593
0.003231586	0.01138667	0.002935149
0.0335992	0.001136781
0.005686994	0.006102184	0.03765639	0.003960559
0.001390836	0.002514184
0.05397313	0.005178304	0.003078102	0.03769519	0.009228317
0.006454974	0.02067075	0.06031098
0.0007011592	0.09299429	0.001349023	0.01170785
0.008775548
0.01464757	0.002141998
0.04776406	0.0098534
0.008771025	0.002287731
0.004808735	0.002421027
0.00316049	0.01269298
0.01734348	0.001707257	0.002381077
0.03864076	0.001090417	0.01345734	0.0451778
0.001504181	0.001745636
0.005100773	0.01127211
0.0253155	0.00571584	0.05298993	0.02850677	0.008665214
0.005427113
0.01210316	0.008108008	0.04932034	0.004749699	0.01465898
0.003186874	0.02707031	0.07779751	0.0002913413	0.006248728
0.01101526	0.001829908
0.1755661	0.004229689	0.01301017	0.01850995
0.005046331	0.02130339
0.005531994	0.003600749	0.09925673	0.005683401	0.00265545
0.02048673	0.00672227	0.001691802	0.02515568
0.01713891	0.009413751	0.01631595
0.007601239	0.01667683
0.003128236
0.01811094	0.003185656
0.02971984	0.008997677	0.001486186
0.09091372	0.05774845	0.006209501
0.01421519	0.009348365
0.04379883	0.007307641
0.006894086	0.003544398	0.06727414	0.01218394	0.01074636	0.01554244
0.02289075	0.01242703	0.002067306
0.0176723	0.007610555	0.003102218	0.01306656
0.01943479	0.02338395
0.009099933
0.0007232647	0.00243715
0.006017997
0.002910558	0.01727267	0.002121849
0.04990161	0.001194364	0.02418997	0.02214651
0.001678854	0.002223984	0.03738413	0.007831687	0.004935928	0.01515681	0.03261529
0.006331228	0.0004247471	0.03616864
0.02012567
0.002189054	0.01250545	0.002461602	0.001457596	0.008815335
0.01087631	0.03918674	0.008869321	0.0006696369
0.00226978
0.001452543	0.02423427	0.01547051	0.002094776
0.007205868	0.04610343
0.02237387	0.01206166	0.09509353
0.03009407	0.003021046
0.05066014	0.002780534	0.005796033	0.01983391	0.008334098	0.008931839
0.007577075	0.01252813	0.05580964
0.02783796	0.004777968	0.01432453	0.005713562
0.000499368
0.01170206
0.002469514	0.004532505	0.00285119
0.04333329	0.001359182
0.02452586	0.009507627	0.01326491
0.008874626	0.004933252	0.007389832
0.0117582
0.02553522	0.001431376	0.0234742
0.003552658	0.0008421378	0.02402975	0.009538389
0.05374251	1.755333	0.001018655	0.006179867	0.0113799
0.000727476	0.327604	0.01302904
0.01701314	0.01103538	0.002467166
0.1284136	0.00609117	0.0237288
0.001736002	0.03726554	0.01622383	0.00368248
0.007535276	0.0005062475
0.1868886	0.005259873
0.02487955	0.004978783	0.00144441	0.006364933	0.003374246
0.0049813	0.165321	0.004746345
0.004092166	0.01751294	0.007482014	0.003378449
0.004661693
0.01343699	0.01431509	0.001105739
0.001341293	0.007755525	0.001875109
0.03264063	0.07708183
0.1049606	0.001163774
0.005827287	0.00538195
0.009757325	0.01868587	0.005263956
0.0005110106	0.02825576	0.04189886	0.03489626
0.004880652	0.02838743	0.03019288	0.003502098	0.01073823
0.04966987	0.03421743	0.02238049	0.009691601	0.003195258
0.002473838	0.0008328621	0.0189589	0.00636487	0.01086868	0.008334295
0.002792077	0.001909303	0.03920787
0.0302086	0.02836154	0.001956472	0.003557537
0.02070785	0.0005763133	0.003556893
0.006879911	0.002168462	0.07910707
0.06321369	0.01868478	0.03533112	0.002330983	0.01059244
0.02363821	0.001205605	0.03514496	0.01103538	0.01786989
0.01181854	0.01176589
0.002072079	0.004341255	0.008538483	0.002973783	0.01575256	0.003842245
0.01815992	0.02336623	0.0187053
0.01951491	0.009155053
0.0182596
0.02663477	0.04916895	0.003444782
0.05585457
0.001169327
0.02033129	0.008529693	0.003650266
0.001987356
0.04034878	0.006838697
0.006133091	0.005118108	0.05639937	0.02025819	0.001720881	0.09014134	0.01020928	0.009256478
0.005945358	0.002876673
0.001308808	0.02918519
0.13017	0.08185994
0.008804738	0.006569779	0.03330697
0.08147348	0.005707457	0.01472117
0.3838984	0.01909744	0.02505828	0.01399505	0.02430686	0.003867315
0.04472813	0.0138704	0.005201098	0.0417354
0.01531187	0.02503305
0.01801443
0.000343766	0.001754614	0.002997506
0.008505498	0.001255561
0.005867595
0.04693964	0.04623121	0.0005040494
0.05023948
0.03580226	0.0016653	0.0232342
0.02870573	0.05942754
0.1779307	0.002246526	0.004282895	0.001870349	0.02276304	0.001868624
0.03671445	0.0002920398
0.003975279	0.004112607	0.0129095	0.008844861
0.0004068981	0.005445789	0.003120499
0.01624471	0.02050445	0.002368284	0.02151611	0.04025493	0.231654
0.00102862	0.02451576	0.01102393	0.2710965	0.002781654	0.01736812	0.004442111
0.01647072	0.0127832
0.00070926	0.001647761
0.01716987	0.002784052	0.002023653
0.01313426	0.0006860484
0.003544687	0.01630395	0.001601404	0.01588476	0.001095855	0.006687763
0.004329087	0.0112949
0.03442778	0.008286581
0.03096654	0.01109363	0.008676269	0.00322212
0.01504852	0.001062951	0.0006786788	0.03934455
0.04774726	0.002089271
0.002822542	0.00216525	0.008803507
0.02828553	0.006693948	0.01233064	0.03913153
0.03902693	0.02109823	0.01021816	0.007305559	0.007229482
0.006137018	0.001905376	0.06551205	0.03795074	0.1359852	0.004135981
0.01044026	0.003674388	0.0004417909	0.01317567	0.05904523
0.03910358	0.003267046	0.001283926
0.003619319
0.01754406	0.001543348
0.01330052	0.01459819
0.007109136	0.002362816
0.05374478	0.0009534196
0.00391767	0.008530934
0.0006070186	0.003781235
0.0003115434	0.009387783	0.006707592	0.01301204
0.01359315	0.006546377	0.03723909	0.02331517	0.02351791
0.003981379
0.02083762	0.06318959
0.0180248	0.01449282	0.009401463
0.007931697	0.02306891	0.00624424	0.001780501
0.02408324	0.04093409	0.09415408	0.00155718
0.006224017	0.0104798	0.06744822
0.006331915	0.02234343	0.01327003
0.1151156	0.003802158
0.002002331	0.002618698	0.1425449
0.004676412	0.01025895
0.003337191	0.04259626
0.0463671	0.003744456
0.01362187	0.004030211	0.01002402	0.04674531	0.01098301
0.01225224	0.009577337
0.01024922	0.007026584	0.02744956
0.02195422
0.007449747	0.006782119	0.01025602	0.001259396
0.01000519	0.02431453	0.002874494	0.08234214
0.0629945	0.00958319	0.007817348
0.00012806	0.002631968	0.02767573	0.003479554	0.001927923	0.06098574
0.1433534	0.004685309	0.00956009	0.003801614
0.01390204	0.00575505
0.002966916
0.02051848	0.00172891	0.1054705	0.09272691	0.004752008
0.003660096	0.04518856	0.03579509
0.0317333	0.01723459	0.0335724	0.002634083	0.02244143
0.04749573	0.005716265
0.009054774	0.002968816	0.009470969	0.03159575
0.01847715	0.06046626	0.0327497	0.01048627	0.003019066
0.05121601	0.03159506	0.1269115	0.00184972
0.02895772	0.006667865	0.005592845	0.02537202
0.0126156	0.01488328
0.01652515	0.02266744
0.002595316
0.001651094	0.001453746
0.01476716	0.003780633	0.07171183
0.02352989	0.08724584	0.02849101
0.002418931
0.02622972	0.006853174	0.03613367
0.04210393	0.01539975
0.02762222	0.0003022207
0.002147539	0.003209962	0.003236408
0.00168681	0.002188096
0.0069768	0.00439538	0.02215322
0.009090511	0.006674714	0.0005633119	0.01728644
0.1024481	0.006737933	0.006448923
0.002293349	0.006639039
0.03254617	0.004823537
0.002734628	0.008483498	0.0006126887
0.08404884	0.002767886	0.03429563	0.01358116	0.01142397
0.0007460161	0.002815152	0.004659658
0.01987343	0.006956967	0.01221513	0.007609451
0.004432127	0.003394225
0.005732662	0.0004385127
0.002149969	0.002768299	0.003946783	0.0106008	0.0009215847
0.003790921	0.003113137
0.001712597	0.002612628	0.00561021	0.0009952607	0.01973513	0.01761729	0.002315985
0.01066468	0.0007332721	0.01702793	0.006458244
0.002968447	0.01018019	0.03269135
0.000566166	0.009654688	0.02584485	0.004022568
0.01428272	0.0003509606	0.003182393	0.03759218
0.002166479
0.01089442	0.004681842	0.005498324
0.004043043	0.01983323	0.001838302	0.002800947
0.003457636	0.003852301	0.00644037	0.04031421	0.001249469
0.0005650307
0.01251895	0.00341374	0.008511278	0.002110432
0.003984148	0.002413644
0.001034553
0.04781363	0.03183189	0.0305136	0.005592647
0.003111347	0.009653034
0.04169524	0.01505919	0.007713102	0.001580405
0.02651954	0.04800426	0.0004265271
0.003082816	0.006014204
0.006979858
0.006177381
0.01041202	0.00414483	0.007112749
0.003253356	0.006468573	0.001555548	0.2130182
0.002292651	0.05428661	0.007466968	0.0009558048
0.003934397	0.01699968	0.001097263	0.01346506
8.437526e-05	0.01398523	0.00381073	0.002356552
0.006608004	0.002890945	0.01825711	0.02477193	0.0175181
0.01228003	0.01761409
0.005317825	0.003435304	0.04297315	0.001907165
0.04796332	0.02060023	0.001653689
0.005895454	0.01947529
0.006013343	0.0148984
0.002242301	0.003798247	0.1150737
0.01244182	0.01406419	0.004542221	0.004986713	0.0007219706	0.02554025
0.003152656	0.00644485	0.008124363
0.002523721	0.008832519	0.08808766	0.004513662
0.001310164	0.02404785	3.225464e-05	0.01757455
0.0113446	0.01823129
0.002882959	0.01706033
0.02297043	0.001704415
0.008831178	0.06899466	0.004466167
0.07997198	0.0141186	0.007673928
0.003436526	0.003006377
0.02887516
0.0065325	0.001440205	0.008704499
0.00228811	0.006409104
0.01199296	0.001992222
0.01979827	0.01162438	0.003450721
0.01114459	0.01234027
0.01198512	0.002751118
0.0002820915	0.001632507	0.01918103
0.01865637	0.00130439	0.01058898	0.004824905	0.001615939
0.03542981	0.02540051
0.00244109	0.004441469	0.004983056
0.01269935	0.002308402	0.009082809	0.001714076
0.0507577	0.001783439
0.007268006
0.07340014	0.009881261	0.04404014	0.01297516
0.009901719	0.01810214
0.006320423
0.001606239	0.0003667586	0.0141309	0.02320787
0.005087589
0.005436796	0.0009369122	0.0117623	0.003463687	0.01724146	0.001958274
0.002006014	0.007073459
0.003851713	0.02741626	0.05381413	0.07821327
0.006683772
0.002239075	0.002822317
0.1959752	0.01340563
0.005902918	0.004919736
0.004626945	0.00407482	0.04130078	0.047083	0.003378272
0.006929749	0.009605092	0.004534967	0.05805226	0.05227191
0.01538256	0.03166826	0.002728044	0.004495845
0.05164004	0.02549431
0.0151875	0.003171642
0.01772029	0.03903219	0.005116607
0.002717546	0.007557269	0.01500302	0.01209333
0.007337585	0.0164957	0.06560193
0.001651215	0.007248834	0.01568534
0.002357374	0.01986361	0.001028826
0.01466499	0.001908027	0.08232466
0.001300365	0.005474036
0.01654213	0.0009827035	0.002911756
0.004602452	0.00212378
0.009097546	0.01161887
0.01177538	0.0004150919	0.03301442	0.01085453	0.001969228	0.01528563
0.01551443	0.001791702	0.009738492	0.002501796
0.005959598
0.008551787
0.01110984
0.0220843	0.004305217
0.006099154
0.007788615	0.002343508
0.01632046	0.006226837
0.08387821	0.03812869	0.001892499	0.02425079	0.02637341
0.02204281	0.02193512
0.006709895	0.01902974
0.0008104824	0.07116996	0.008088954	0.009900629	0.002028736	0.06303539
0.001880807	0.008822895	0.01826495	0.03521929
0.02344441
0.03686009	0.04133949	0.002894491	0.001899306	0.006568886	0.02829835	0.003950071
0.002286512	0.01436993	0.02160095	0.0125255
0.1721678	0.02783494	0.02192245
0.00337926	0.2470655	0.01668608	0.007164762
0.04840009
0.002170607
0.0008520214	0.0007443334	0.001638499	0.0326143	0.001153097
0.01515984	0.003996379	0.1227337	0.0286848	0.01300951
0.02183711	0.006640435	0.003537552	0.02259013	0.03725055
0.006133027	0.004359792	0.01403624
0.001838267	0.00639715	0.01532843	0.03183435	0.005461632
0.001825904	0.02005126
0.002684659	0.006422615	0.0005335515	0.008186664	0.002580036
0.001204702	0.006128022
0.002834336	0.001827932	0.007724569	0.005059095	0.05130159	0.008537253
0.002375576	0.03859046	0.002083032	0.07490344	0.01265516	0.02685258	0.008567109	0.03185487
0.002537785	0.01546509	0.007472079
0.004115219	0.002415869	0.05812221
0.0006218506	0.005711079	0.02086807	0.0173758	0.001529046
0.01353866	0.02330068
0.001808785	0.001136629
0.0006075577	0.03478448
0.009366221	0.04054164	0.007194385	0.03410225
0.04801912	0.01235983	0.00137496	0.01103547	0.02213988
0.01393361	0.001665641
0.0006513668	0.01463587
0.01620012	0.03394656
0.003204674	0.006073629	0.0451382	0.005218232
0.01601872	0.006395727	0.03669972	0.01881411
0.00596478	0.01243215
0.0003243828	0.00341948
0.0224263	0.005625761	0.03628707
0.004640181	0.005752094
0.09299659	0.002182801	0.1812987
0.00219511	0.03509645	0.003098961	0.01536758	0.04936586
0.00269737	0.04664908	0.0008794184
0.003525559
0.03908371	0.005357831
0.001698836	0.002201794	0.03804225
0.05936995	0.0381419	0.04548333
0.01131344	0.01827916
0.005182955	0.0131833	0.06250506	0.02502411	0.006980872	0.01116535
0.0110076	0.001088641	0.1605549	0.006790324
0.02117257
0.008014924	0.008810645	0.002742659
0.002759744	0.01511019	0.1643275
0.189904	0.002518455	0.002549646	0.007748165	0.01048974	0.006837247	0.0006693244	0.08018376	0.006594294
0.002599132	0.02256928
0.01284498
0.002068124
0.006374246	0.004099101
0.0486741	0.01334009	0.01045027
0.002566255	0.002668084
0.006685567	0.004536839	0.0004675732
0.04241036	0.002921836
0.0231566	0.01186748	0.00136541	0.001773563	0.005566845
0.004135679	0.004140846	0.03577067	0.07739108	0.0323805
0.05670048	0.002902479
0.0005692417	0.007249817
0.14086	0.005712242	0.002460104
0.001176613	0.008474931	0.01431544
0.00897982	0.003402433	0.007975223
0.00174595	0.001997981	0.01833087
0.02584408	0.007333761	0.03228134
0.006127621
0.002152909	0.003788302
0.06047072	0.008671074
0.005704686
0.01661633	0.00250416	0.01388921	0.01192321	0.001355001
0.004636083	0.009430483	0.005122171
0.008018599	0.01241442	0.004660874	0.02881846	0.002001972	0.01281901
0.005828756
0.01239145	0.04168232	0.06329592	0.001801115
0.006310359	0.001367563	0.0008790937
0.005371776	0.004579514	0.002136971	0.006435813
0.002113616	0.000825165	0.003842715
0.003053351	0.001704928
0.006865584	0.0006193225
0.09117686	0.01508079	0.005347998	0.002718658
0.005255304	0.005621431	0.01877183
0.006523175	0.008303154	0.1078404	0.02288184	0.001649317	0.03182898	0.004177138
0.02421168	0.0006876712	0.006975449
0.03796828	0.006709626
0.01204228	0.003540965	0.00424283	0.008912221	0.02751377
0.02146348	0.001771541	0.04320916
0.001578842
0.01462285	0.01723062	0.009303943	0.005148946
0.02346555	0.001047295
0.00485929	0.003273862
0.01335748	0.001431344	0.03549281	0.02053559	0.009527876
0.003839079	0.009957171	0.00222354	0.05821229
0.1876516	0.0004910748	0.005139845	0.03725633	0.02507316
0.005452209	0.006529396
0.001124536	0.0177698	0.002425922	0.005971889	0.003388248	0.004239115	0.03359782	0.001948245
0.01039821	0.002119884	0.007601265	0.003497978
0.01756715	0.01937242
0.008596944	0.01796825	0.02739081	0.07363423	0.02208532	0.01249185
0.01778916	0.001957296
0.01000429	0.0006994737	0.0005877352
0.03464239	0.006405963	0.000771485	0.002062295	0.1006585	0.003671743
0.003641866	0.0004335151
0.0003121272	0.007772858	0.00234887
0.001740015	0.0009442953	0.004846491
0.01980721	0.008941955	0.03239305	0.07265268
0.0085073	0.0280575
0.02462663	0.0068565
0.01079822	0.01122443
0.01250116	0.001481762	0.02444794
0.003852637	0.02295703	0.002572891
0.02602762	0.06279667	0.005414738	0.01537218	0.01117653
0.01158815
0.0050734	0.001291461	0.005868407
0.007545302	0.0004571315
0.003105566
0.004899322	0.0008361311	0.002098316
0.005002886	0.00617246
0.0006225004
0.007072784	0.02260631	0.01377963
0.02262413	0.01110566
0.005064904
0.01360241	0.003316843	0.00283908	0.02511361
0.001555393	0.06361561	0.002165542
0.01164488	0.03580654	0.0009920007	0.01096378	0.00943513	0.004697543	0.0719311	0.01153406
0.1018527	0.007378191	0.001719327
0.0006777874	0.09586903	0.004381255	0.006033657	0.0007543402	0.002658697
0.004586411	0.03489024
0.0009292342
0.005097394	0.002272205	0.008632674	0.0006725389
0.01113512	0.001233781	0.001638721	0.006039733
0.09967183	0.006827358	0.002323653
0.007672062	0.003901423	0.07467289	0.01007202	0.0209186	0.00784667
0.0008897185	0.002412621	0.0066061	0.0004871398
0.01104071	0.01686369
0.004130477	0.03636046	0.009173737	0.05909076
0.005598125	0.002385302	0.006147196	0.001058795
0.01146668	0.005963236
0.002416175	0.00236723
0.01743225
0.005409867	0.04402063
0.3086723	0.01200729	0.01543926	0.02318535
0.003435543
0.00411811	0.03319541	0.01479401	0.01934728
0.04007282	0.01514928	0.00278095	0.02785764	0.001690462	0.0009112124
0.004147319	0.01194585
0.002368088
0.03113561	0.004568736	0.002016843
0.03542569	0.01885698
0.0001711998	0.07588423	0.0006126618	0.007082394	0.006777122
0.01867504	0.005485785	0.02261072	0.0600651
0.009006236	0.02104742	0.05312185	0.005210231
0.01306196	0.004520381	0.1035231	0.01308818
0.0392801	0.003778456	0.007048353
0.01720568	0.005084893	0.01213524	0.002968393
0.00213282	0.00333886	0.001492926	0.04405202
0.006684745
0.003165537	0.006278905
0.01063485	0.002803985	0.0764901	0.07209351
0.01775009	0.001633111	0.003173539	0.00542409	0.001982866	0.1335176	0.000724892
0.04251296	0.002691912
0.009578335	0.002133382	0.07422057
0.004641027	0.009254705
0.008008763	0.003357119
0.005531962	0.02804973	0.03433561	0.08386311	0.02919816
0.02805447	0.001696577	0.003898685	0.06085438	0.02322984
0.002767725	0.005200951	0.01185558	0.0238144	0.004124715	0.004426301
0.002088139
0.001445042
0.04325694	0.003107379	0.001455514
0.008780913	0.006595487	0.01973994	0.01968191
0.008747239	0.07225981	0.001715638	0.002727163	0.004436627	0.1619754
0.002538061	0.005328347	0.003168341	0.0008848501	0.003289344
0.0006531614	0.02812799	0.01460608
0.006225881	0.02231005
0.04212368	0.01057257	0.03029453
0.005785046	0.00924458
0.01704968	0.001590392	0.01818375	0.02440595
0.03229362	0.002560136	0.07961151
0.003151398	0.001718344	0.04766886	0.08257742
0.007489985	0.01357824	0.001125192	0.01639653	0.02154024
0.00117758
0.001005172	0.02484511	0.007835647	0.03208859	0.03076666	0.007326116
0.05072448	0.02180066	0.01513862
0.01101432
0.008166219
0.002330398	0.03057969
0.01132849	0.004430961
0.0112034	0.01940299
0.04689754	0.01214925	0.002645783	0.009678429	0.001298942
0.005536584	0.02887905	0.003057859
0.06969483	0.02695805
0.06524123	0.00781967	0.01659702
0.02571351	0.1270274	0.005644092	0.0470335	0.01015985
0.009472886	0.0003637802	0.002539105
0.0479863	0.01927435	0.03082426	0.00138394
0.08302156	0.3763629	0.004070967	0.01549502	0.002794595
0.01181362	0.009571152
0.004984712	0.01871145	0.008765009	0.0006862218	0.06419049
0.002029867	0.002680416
0.005229604	0.02157676
0.03678067	0.00736055
0.008297327	0.003257827	0.01128086
0.006830616	0.002276635	0.01961859	0.01728696
0.03628421	0.00182006	0.1198375	0.01404554	0.00198924	0.006431154	0.01758201
0.008692263	0.0142684	0.03093365
0.009543865	0.01407099	0.1627387
0.05090178	0.001122096
0.02379026	0.02076408
0.0289364	0.04251066	0.003545889	0.02620365	0.04927332	0.06389007	0.01059658
0.08602488	0.003931982	0.001664164
0.009227854	0.005702753	0.04742736	0.002609565
0.03258649	0.02553787	0.01823179
0.003269549	0.05770123	0.01725742	0.00310881
0.006528095
0.01219377	0.003734176
0.03171513	0.005361044	0.01403235
0.02965124
0.000471869	0.003596708
0.01870752	0.002291897	0.01564819	0.003967409	0.004305186
0.00991184	0.01633739	0.0153195
0.00960534	0.01370141	0.06578665
0.02270421	0.001236343
0.002483349	0.02392279
0.1022835	0.007030375
0.002968598	0.006738309	0.0101942
0.002713281	0.03892217	0.002735665
0.004210437	0.002583014
0.005306068	0.0006096018
0.008545287	0.003240473	0.05240497	0.07882708	0.005595914	0.003288128
0.0009467594	0.002436837
0.006247111	0.03270638	0.009836859
0.01659096	0.09762973	0.01394809	0.1523334	0.03408622	0.04387816
0.0005791231	0.00681184	0.004668065
0.003343806	0.002587691	0.01465427	0.005562121	0.01725966
0.00087856	0.02694752
0.005130613	0.009097889
0.01478957	0.009951559	0.0113868
0.001608072	0.02865918	0.01461924
0.00386223	0.01744954	0.01533316
0.0003415247	0.007266372	0.001333536	0.0314357	0.02087223	0.03185194
0.002291265	0.004487544
0.01155518	0.01940895	0.00158944	0.003028595
0.01494025	0.001968007	0.04707243
0.01758353	0.01945634	0.01021941
0.00553495	0.010409	0.001250636	0.009784354	0.002777848
0.008877332	0.02183093
0.05481125	0.003711311	0.002576308	0.03455604
0.002559764	0.01641564
0.0631109	0.03685619	0.001828297
0.01031115	0.006966633
0.002405297	0.03880259
0.03365814	0.002718604	0.01950181
0.004264941	0.002041218
0.002473501
0.0004980317	0.02972307
0.001544345
0.01053836	0.002309592	0.01536852
0.01598974	0.03047082	0.1183115
0.01095877	0.02504437
0.001249148	0.01128393
0.02120472
0.1425278	0.0009706584	0.006009421	0.001116595	0.01391919
0.04025848	0.009463042	0.03170537	0.002264996
0.009191917	0.00174614	0.01075747
0.01406392	0.01176367	0.00532183
0.002116985	0.003651321	0.004396846
0.0093079	0.003071431	0.005235011	0.04221026	0.01601022
0.001087029	0.01265791	0.00488403
0.005726678	0.003911933	0.00276152
0.05797783	0.01355915
0.1186902	0.00319557
0.0008609044	0.002263545	0.002663529	0.002224422	0.002455932	0.01393418
0.03553183	0.003040805	0.001912506	0.0008073648	0.006688029
0.002186675	0.01280496
0.03189855	0.002850349	0.02398162	0.02933599
0.00850848	0.001291744	0.004020077	0.0008400248	0.002513626
0.0220069	0.006696239	0.001415139
0.1005797	0.02360209	0.006973572	0.06845634	0.009705362
0.002023118
0.02303373
0.00999795	0.01493199
0.001076624	0.004796849	0.008427851
0.04701883	0.01148079	0.002951278
0.01023818
0.08736744	0.00350057
0.01664844	0.001694716
0.0040386	0.009268185	0.0008983675
0.0009842921
0.01962647	0.01609836
0.004652506	0.01664755	0.004761046	0.04798496
0.002089209	0.1023718
0.005601577	0.01345868	0.04155142
0.07566824	0.007791291	0.04100886
0.01123257	0.03429868	0.01714189	0.0009477989	0.003097222
0.001511378	0.07071076	0.0148538	0.01800672	0.0007622883	0.004292724	0.0009985101
0.004165837	0.007192565	0.01743236
0.01189365
0.005236807	0.003718078	0.01579828
0.001686267	0.02012558
0.01234332	0.008232255
0.1704483	0.02920446	0.07462855
0.001190142	0.04119391
0.03747873	0.00404484	0.002326962
0.02044572	0.01632666	0.009403345	0.0006948143
0.02653339	0.01597654	0.007260755	0.03280194
0.003647669	0.002260516
0.01325776	0.004854762
0.00127608	0.0935985	0.001710834	0.1545511	0.07282603
0.02987992	0.0150208	0.006081831
0.004882933	0.05772183	0.03011853	0.005245841
0.000569673	0.02952219	0.1846325
0.00729223	0.009933052	0.004329358
0.004314355	0.01124716	0.009235825
0.004197901
0.007194737	0.006897325	0.4797849
0.002507071	0.02047735
0.005350759	0.04371551	0.004508967	0.002946367	0.009390934
0.01743605	0.004330294	0.002354963
0.0008983912	0.005024463	0.003497419	0.07545906	0.002730281	0.03673882
0.001095215
0.02101342
0.001828391
0.01197486	0.002389039
0.008965098	0.006202283	0.005880112	0.008055716
0.05857903	0.002214423
0.01860332	0.003069733
0.002945405	0.00419001
0.01117923	0.009094533
0.0163223	0.01037394	0.006800649	0.00243977	0.08330146
0.08590656	0.01947511
0.3745223	0.001114743
0.002885874	0.01371202	0.06088731
0.002910486
0.004015005	0.00452815	0.006932827
0.02388422	0.001346402
0.004921778	0.009251911
0.001274445	0.01170328
0.03438234	0.03523865	0.01617768	0.01671126	0.002751377
0.04355179	0.02942332	0.02303334	0.001613837
0.01913326	0.007921851	0.006073112	0.0003589891	0.002291678
0.04004842	0.02239769
0.007010849	0.007951904
0.0271538	0.001980541
0.002182909	0.01776052	0.01023198	0.006925211	0.003414168
0.00379899
0.01757312
0.006639901	0.01433949
0.005276774
0.1603101	0.005579477	0.01872917	0.007347815	0.0009392366	0.01719836	0.0009509496	0.007828682	0.003874789
0.04201823	0.004746982
0.002928326	0.004834209	0.02420823
0.004721645	0.002341681	0.009907807
0.001129364	0.02049168	0.01474937	0.02746137	0.005531392
0.002121783	0.002022795	0.004385412	0.01677671
0.01504727	0.02232695
0.004387737	0.004847854
0.01050623
0.04542085	0.001142128	0.005919733	0.01337872
0.01348113	0.0160026	0.005621349
0.01552681
0.0554328	0.09490595
0.005738479
0.03422425	0.009578357	0.05727878
0.03905837	0.008310462
0.003029292	0.01067563	0.06987821
0.03680761	0.04465309	0.02325158	0.0210218	0.001692883
0.009222366	0.004688139	0.02063345
0.01148844	0.0406154
0.006909145	0.004811832
0.03834869	0.02912775	0.002192936	0.01442844
0.06744871	0.02094558
0.01200105	0.01036424	0.005152703
0.06417306	0.003152792	0.01936166
0.05802269	0.005941146
0.001317809
0.003677974	0.002179156	0.004022482
0.004182483
0.003451281	0.002974631
0.008607546	0.003976929	0.09372473	0.01504206
0.001462814	0.006382559	0.00450279	0.04636912
0.002767327	0.004645295	0.02779215	0.02241253	0.1566813
0.002341263	0.003395355
0.02719278
0.002462027	0.02811894	0.002976934	0.01975523	0.0007606997	0.003013243	0.01461427	0.01985223	0.008478817
0.004019667	0.01253291	0.001728928
0.006221834	0.004064802
0.008512096	0.07617627	0.003620361	0.0133219
0.0235403	0.01261135	0.002159671
0.00501817	0.003017827
0.00562998	0.005899353
0.04636651	0.006448502	0.3029856	0.005770627	0.02145984
0.003267734
0.01734652
0.003787711	0.005793374	0.0004753241
0.005626444	0.01668316
0.0330703
0.001593257	0.01202732	0.003930858	0.004015929
0.001712963
0.0004089576	0.003820606
0.009447256	0.006119748	0.02134065
0.001463354	0.01376434	0.01719896	0.001040144
0.00180171	0.003708439	0.005947924	0.000586889	0.03596561
0.003581384	0.02085218
0.05287402	0.08894433	0.006772451	0.007481039
0.007052314
0.0007046832	0.006661049	0.007603845	0.004909606
0.003256382	0.03925249	0.09443049
0.00298409	0.005237859	0.01275844
0.01338438	0.006000205	0.0009479411
0.005175138	0.008007075	0.001283185	0.003285284	0.006478114
0.004435757	0.02655476	0.004838066
0.01452728	0.02084506
0.03640905	0.02584331
0.01573592	0.02294624
0.00134384	0.01334779
0.1182077	0.01388371
0.0008774832	0.00289819
0.008103799	0.001943447	0.01364401	0.04162815
0.003513796	0.0007619634	0.01459812
0.01086842	0.0002944734	0.008393159	0.2191321
0.01229133	0.003248714
0.01591999	0.002988299
0.006450078	0.0005169826	0.007574839	0.01943773
0.02756954	0.01013901
0.001065326	0.008447718
0.08933891	0.01022052	0.01896133
0.03106434	0.0111031	0.0342869
0.01123563	0.003380419
0.07804724	0.002465901	0.009534297
0.02050561	0.02995058	0.00739046	0.01296466	0.004529931
0.001282603	0.03194823	0.1150858	0.01504528
0.001064765	0.009421698	0.004845923	0.003379198	0.04987152	0.01184354
0.03071555	0.001388722
0.02286462
0.0007080611	0.002485581	0.01648858
0.00634161	0.009147482	0.007638362
0.005224208	0.005442208	0.004660066
0.02519095	0.01041794	0.05128204
0.02377768	0.01409561	0.02345679	0.004373095	0.01518328
0.00344951
0.004002348	0.01570903	0.001291268	0.01515922
0.001600196	0.0006847297
0.01171869	0.008793588	0.01023327
0.006675247
0.04996599	0.02713199
0.0009381687
0.003734961	0.00415144	0.003016888	0.06103849	0.006764406
0.003056687	0.009356375
0.00478667
0.005670907	0.002267395
0.000703374	0.01179837	0.005795874	0.003878567	0.008547974
0.007396165	0.003472703	0.009169494	0.006773386
0.02226166	0.003817298	0.01000405
0.002105991	0.004213471
0.004117221	0.02211637	0.02884652
0.0263012	0.003422098	0.1338579
0.02697866
0.0116687	0.01400729	0.01053968	0.01388997
0.001208914	0.06608238	0.0008206765	0.00335311
0.006685495	0.006768796
0.01715807	0.002761676	0.01004414	0.003589992	0.003945376	0.01035402
0.000360217	0.003950391
0.004310598	0.001767914	0.03978692	0.02914628
0.01032875
0.005437506	0.03070336	0.0246314
0.002290328
0.009381951	0.0186463
0.01741638	0.004973827
0.001905265	0.005330632	0.004023266
0.008518955	0.00176806
0.007352561	0.03208826
0.002720558	0.006073595	0.00468466
0.01598507	0.02164046	0.001367523	0.01008809
0.01799564	0.001881743	0.0002743029	0.007310158
0.0317941	0.002230166	0.02464914
0.002055872	0.1819558	0.006656303
0.004760876	0.01701205	0.02554429
0.002142907	0.001665555	0.001328659
0.01441625	0.05840512	0.00428658	0.01202806	0.08386903	0.01825818
0.001536639	0.006524151	0.03059054	0.001865133	0.01660352	0.01308447	0.003692165
0.01599859
0.0001036383	0.004568238
0.009125483	0.006627887	0.01198904	0.002955139
0.001082351	0.00974169
0.02428901	0.004276548	0.002821892	0.009952801
0.00725536	0.01417874	0.004639887
0.001936132	0.006759828
0.001468536	0.02372522	0.03619115
0.03037838	0.009936823	0.04441885
0.01540278	0.008151216	0.004882779	0.02691947
0.009496386
0.019455	0.002064396	0.01780007	0.3659225	0.01291903
0.002127945	0.01000939	0.003294803
0.0151027	0.002558982	0.03143212	0.00189788	0.001645685	0.07551765
0.01032597	0.01713215
0.01350671	0.003904415	0.06439132	0.003950666	0.003139324	0.006284227	0.0008083201
0.01375383	0.009455208	0.009428962	0.0009129113
0.02745739	0.01305252	0.002916196
0.003151091	0.007630506
0.008058925	0.009552201	0.007641882	0.002264475
0.005690223	0.007256874
0.02324016	0.07166094	0.0256147	0.0729293	0.00779279
0.009918962	0.001703845	0.002178388	0.07364782	0.003276537
0.004255364	0.02450658	0.01909016
0.001615383	0.003362085	0.07688522
0.01178732	0.02474881	0.02168338	0.11821	0.006978827
0.001078017	0.005292797	0.01304788
0.0006834356	0.01093913	0.008508768	0.1173303
0.004735057	0.003032993	0.02352674	0.02502575	0.01194341	0.007830982
0.01450616	0.006375663	0.002695733
0.06703221	0.004979048	0.4787201
0.01220509	0.0008993989	0.01612174	0.001845096
0.00569935	0.06016064	0.001990883	0.03132129	0.01380471
0.008461323	0.004641421	0.0003186955
0.01454153	0.0620588	0.05132119
0.006755908
0.02917017	0.00267119	0.02398389	0.002066231	0.03221833
0.006735244	0.002821922	0.001643494	0.006642513	0.02050869	0.004634087
0.03195448	0.07600286	0.04064636	0.0129333	0.02014098
0.004784836	0.01489036	0.002531481
0.007613491	0.0139826	0.00937553
0.02662074	0.008526615	0.00107692	0.006082964
0.00753788	0.04292873	0.006077058
0.0263994	0.04935555	0.02619445	0.004318588
0.01850911	0.009558618	0.01520231
0.05053098	0.009131729	0.009519631
0.0962081	0.004963042	0.04943104	0.005045151
0.0002428609	0.02201859
0.003944718	0.0003726048	0.0007954488
0.004194476	0.02418092	0.01003764
0.002651789	0.00237539	0.009818085
0.01653212	0.003695663
0.0006238444	0.06399594	0.009846524
0.003961449	0.02362921	0.07747418	0.01211574
0.05553763	0.01554745	0.008715845	0.01773968	0.1008389
0.001373853	0.005715377	0.02735831
0.01843214	0.006463805
0.007023312	0.005560973	0.04836123
0.005693136	0.004859692	0.02186461
0.00563974	0.002037342	0.005790572
0.00212379
0.006896993	0.005655935
0.01241894	0.02131342	0.00175499	0.0006761199	0.01066774
0.00621209
0.02892818	0.009077316
0.04139679	0.006775229	0.01119338	0.001420738
0.002712982	0.02591952
0.007605525	0.0009738685
0.02392718	0.001637951	0.004680989
0.01060657	0.06407712
0.0769675	0.002251877	0.003806808
0.05266121	0.001457315	0.002228377
0.01081164	0.008229569	0.04500514	0.009872805
0.0037743	0.003246933	0.001925726	0.01005741	0.005402524
0.009540846	0.0177647	0.0795022	0.01053687
0.1281431	0.01771884
0.007643915	0.007087119
0.02455646	0.001448962	0.01689884	0.01205347
0.00397187	0.01456433	0.04010069
0.0115974	0.001689617	0.0243704
0.03909029	0.007111668	0.003577783
0.004919077	0.1257904	0.002691026	0.01499896	0.3432243
0.1494373	0.002049105	0.007430858	0.01605723
0.003771591	0.009177272
0.06631146	0.008872078
0.009863182	0.3058817	0.003402464	0.004442517	0.003522113	0.01015973
0.006088303	0.05782103
0.005101154	0.004033947	0.01720249
0.02325561	0.004146764	0.003713294
0.001545793
0.002860674	0.0004461015	0.01835187
0.09722907	0.08244362	0.120171	0.0302104	0.0007503983
0.001377618	0.005273271	0.03094687
0.004830971	0.008748825	0.03018092
0.008383395	0.002022784	0.01333782
0.006952332	0.03455512	0.005002673
0.0241082
0.04116188	0.02431968
0.01557265	0.02019044	0.0124001	0.01449052	0.03429121
0.01142312	0.005542642
