ExtinctionRateChangeTimes
9.532939
2.949019	8.413638
1.426648
21.21545
20.25286
15.60364
18.44723	22.22565
15.83056
17.98824	10.44216	22.3529	10.55433	20.23027	19.71814

4.262263	10.8369	2.735467	12.01437
13.08065	6.810019
0.2642814	0.3073565	21.35504	16.20641
2.747843	2.256624

10.85819	7.915954
22.94797
17.33796
0.2543345	24.43243	14.10956
12.73204	5.349792
8.224353	17.8659	9.460621
23.24744	18.39366
14.15423	0.8348375
6.822096
6.876581
22.10259	16.96035
18.28301	6.934204	19.49741
21.62306
22.25593	7.909027
20.56787	7.55337

17.16765	16.33329
6.022844	14.72992	9.769999	1.586481
7.06646

19.94044
15.49519	19.94097	8.380067	0.0549394
3.99717
22.25029	20.89634
5.207119

5.758194	5.202868	12.46622	2.409944
5.512666	17.91219
5.445591	12.86688	14.36802	8.525142	18.59639
20.66362	12.03873	19.85158
20.40283	4.549713
14.5103
16.00995
19.84486	17.83551

17.48175	0.7043955
6.19867
13.83871	7.061183
4.032007	10.8357	10.11994	17.19848
20.60731	6.545613	7.285447	5.51748

3.148441

6.999459
21.65709	21.54462	23.8128
17.80198	22.64999	19.92856	14.0851
15.09909

23.70225	12.67381	5.254481
8.124363	23.69694	3.237772	22.78884	18.04585
8.261272	13.49061	5.37083
5.236725
2.734123	4.661984
9.19076
3.62221	14.15344	2.682277	17.26029
13.74067	3.192488



8.804771	14.87468	24.27184
21.33076	19.52152
24.12506	19.22776
14.90604
9.503726	6.256476	24.93115

20.20228	22.55829


19.58162	10.13667	24.18414
22.61173	22.6213
17.11364	10.37098	7.855483
23.99359
17.12417
10.50675	13.89828

20.42714	6.635561	0.2931172	21.84832

16.02791	12.12955

14.98858
4.208968
23.7546
21.96034	7.271286
3.841146	18.18896	1.971545	18.04205
15.83866

24.18282	7.068911

13.68849	5.061334	5.963416
13.83434	4.569317
2.987726	24.92815	8.470525

12.83976	13.69384
3.948321


23.9845	7.287166	20.82033	18.46951	7.03366	21.84299
13.6745	9.443607	23.96987	11.78857	17.06484
4.795675	3.227456	21.91136
10.30464	24.25088	6.051064
4.65783	15.65577	13.49889	6.933108
17.77156

14.87304	11.14628	3.408917

15.12988	18.90105	13.98105
19.80776	23.24772
23.57842
6.245531	5.996651
7.071428
23.04348	5.610829
15.18538	3.779541	19.1099	10.44312
11.47401	0.3082965
23.94828	0.148597	9.284674
25.03293	8.290684
6.227971	17.17178
24.09068
14.68411	0.3531656	19.9714	19.84539

21.55991	22.47784
11.69811	0.07246958
1.352051
3.440179	16.89308
13.00751	13.60649	19.62764
20.27886	0.3521869	23.12225
20.35023	7.176448	0.2156332	7.551638
7.917105

10.68754	4.869118
14.02939

4.50933	9.41651
9.630802	6.27962
20.78332

9.089737	20.15229	24.78914
2.38534
14.4249

20.61111	23.55892	7.498243
19.03587
15.81756

1.738207
21.08291
1.830176
14.56725	11.90338
10.80156	24.34434	5.874666
17.94236
7.443413	23.58894
16.60154	14.24431
17.88949	20.87681	3.741294
8.834652	18.0661
5.762941	8.153673
6.255272	12.29871	15.33387	10.85949
23.78016	22.66179
20.55261
12.70666
20.33125

23.59363	12.35655	3.103812
19.85465	10.10869
6.659481	9.306316
14.71373	4.608186	20.52478
7.94726	4.617679
0.4283819

20.34061
15.82593
14.39771
0.3830527	15.23157	7.641831
18.43721
18.89057
16.53283
18.04572	1.813205	18.17214
20.60881	16.30897	9.43471	5.232692
24.61301	10.57878
5.547931	21.2733
11.65254	22.39952	6.151071
8.750393
2.840857	21.79178

15.79515
7.582609	5.715493	0.2354192
18.95029	0.8622577	17.52967
4.144366	4.668029

15.61218
9.416116	18.36863

2.443007	20.55081	1.137655	8.89974
7.034133	0.08234565	10.55065
21.09185	13.27005
19.98836	13.11948	21.33042
12.07103
20.90575	5.736432

10.32564	14.5444	19.53884	4.198276
19.41392	2.666366	10.2064	12.77008
12.6352	24.66206
24.98082	3.786509
7.724987	21.35084	1.533276
12.29506
8.127206	15.00033	4.284682	4.124469	23.18107	0.05925525
12.69407	19.35017	22.89783
18.35471
5.501267	14.11421	0.04700437
15.64961	12.98127	0.8998672	16.45778	22.76416	3.894694
12.59074
15.2918	22.88986	20.60999
12.01951	14.59624	16.10288
3.178657	20.84381

23.8365	24.41058
3.420008	19.87663
4.698214	15.39047	23.94257	11.77239	11.85558
3.733916	9.278953
22.17286	12.0773	5.638593	5.931196
20.03208	14.9456	0.8864252	13.56528
18.75372	20.7767	2.894506
21.53413
23.45048	6.584162	7.063764	14.15292	15.22927
6.131505	12.66677	9.529553	11.43737
5.581138	11.69616
21.08188	9.104448

13.0936
9.745468	13.54586
8.085304

11.12772	18.265	16.54021	9.204577
7.586474	1.546191	22.22544	7.509545

8.604978	17.44903	3.476538	16.51777	5.815154
10.6465
16.93393	8.796594	6.427449
23.52096
3.471972	20.26	4.355789	23.12052
24.50011

5.644063	2.191199

5.182486	3.681185	0.1266298
11.89146
0.1463018	2.808707	4.947173
13.37971	24.54602	10.11911

22.99411	20.40321
22.99634	20.76755	14.15821
19.82532	12.04328
5.507006	22.4566	9.088632
22.3472	21.78825
9.371948	0.4475023
0.9279205
4.778194	3.523119	19.37463
15.84559

19.13883	21.24975	12.96361	17.84202
1.025174	12.16188
5.720098
4.305927


13.92773	13.24551
18.41466	17.44763
18.65749	16.60811

8.828798	13.27358
8.47099

16.04844
14.58768	13.05645
19.81963	23.11305
8.085349	18.19943	10.9585
6.455369	24.79449	16.64506	7.204166
5.85473	3.822281	3.953984
17.40634
2.054775	13.66533


12.69316	8.937906	10.69266
18.02593	6.702965	24.89736

13.90741	4.533359	3.465768
18.76592	1.127507	12.04162	16.26462

19.73076

20.18833
7.19754	16.27088
3.685101	13.93521	5.181325	10.58074	17.90308
23.70632	5.966037
3.650654
8.993871
20.11078	10.14255	16.25272
2.547524	16.18402
3.944343	23.92921	23.03429	15.55086	12.15289	24.53133

15.3507	23.92714	15.7905

13.74832
22.19646
16.77158	15.37347
21.0281	22.38437
14.90119	1.445995	0.0316406
9.207182	0.1318263	8.968233	23.64261	21.69983	2.455339
22.30278	0.09307875
4.181938



5.894011	24.36367
0.8233228
8.316412	11.30995
15.78833
0.3690751	14.5293
12.27024	6.894437	18.63968
13.17738	22.62288
7.539391	8.697654
11.98561
4.376857
20.46772	9.153117	7.949387	1.70422

14.04774	7.512292	2.513818
21.54774	21.00198	4.125556	9.145552	21.30878
17.93615
9.944369
3.734623	5.761201	17.72228	4.645493
11.27758	16.46879	21.81472
17.56759	9.039032
8.790592	19.85161	8.30771
22.45375	20.01332
8.998374	18.08615
1.895534	12.47872	17.5961	6.086932
11.49877
5.826771	16.89893
13.88422	21.21928	2.645315
20.85159	20.10868	17.34016
10.7106	15.97613	24.58302
1.898488
6.206652
2.321998
5.630809	1.512394
8.488073	9.944229
5.225487	11.32896	0.5849963

17.12748	8.326963	5.490984


2.261403

2.799652
1.97737	11.62171	13.36753
12.97467	1.677828	7.061593
14.70051	9.536448	10.99804
16.45322	9.861339	11.80294
18.76584	7.698037	3.311461
8.803436	4.712716
9.398076	18.04981
11.62852	11.03582	2.461793	4.626324
13.27415	16.99126	13.01725	23.16844	1.282047
7.004823	22.47692	12.53994	17.50985
17.54327
12.00987	22.63518

2.357348
12.26695
16.99514	24.15406	10.60211	10.0792
21.80966	8.771349	13.92509
3.523897	5.615932
7.024859	22.01783	4.189614	17.90638
24.5342	21.17154
8.545865
3.519946
22.62877
8.270821
12.85223	18.18172	9.975393


22.31501	0.8667029	18.14292	13.25714	21.51334
23.62648

0.7132333	2.102954	4.304023
13.56433	24.12461
8.09629	3.01847	10.20094
22.27256	8.066533
9.677721	23.76008	4.479861
21.65277
17.65137	5.485375	13.16318
20.46583
12.94724	1.194985	22.55848
8.219868
0.8342335	4.158864	20.55848	3.100677
20.95504	8.944039
8.347452	21.38463
12.30872	20.13721
1.859921	24.66617
19.03257	24.07493
2.16356	1.866829



19.35838	16.77978
10.2858	13.56469
5.756193
18.99281
16.14346	14.06434	7.805898

17.82766	0.2408504
10.73852	1.223231
20.58347
24.40661	3.313289
1.29123	10.88258	24.75375	8.600988	15.83514
6.243275	4.964654	18.88019	4.322207
21.07004
8.85741
1.071606	4.419651	23.33398
8.582227
15.33771
2.8858	18.51109
6.560487	2.245069
12.85395	20.45104	13.00595
1.942814	1.931178
16.61334
5.424033	21.66699	11.98563
23.14296
17.34962	6.795905	23.15677	11.44924


7.493417
14.03464
14.37904
6.278821
8.503757	15.4274	10.28341
2.230645	5.464474	3.031547
19.25744	8.84412	10.42986	16.82218	21.13002
12.91981
12.07404
5.212992	17.71374
6.252259
5.32327
22.74046	19.31735
12.36202
5.740483	20.04726	11.42034
11.22785
14.72764	4.558827	11.8856	5.897443
20.457	10.03316
8.085591	18.3437	21.49217

21.23662
21.37449
14.85609
15.02613
15.48643
20.97739	24.29629
22.14372	18.43351	0.3262858
3.289961
18.34782
12.36391	8.672631	22.95612	9.425439

4.661701	11.72033	3.647091	19.86893
13.3756	3.629913	17.68401	12.10194
11.97959
16.9842	24.1984	10.4706
9.136581
19.47604	4.538161	11.80838	13.31463
19.02929	3.103148	4.971379
11.3545	1.540015
20.57733

21.50006
13.92366	5.135158
10.30614	15.33836
7.587168
20.66528
9.727512	9.020982	23.43315	11.19147	25.01477
22.5845	22.04971
0.5836579	1.664328	20.3308
10.50561

19.84383

17.45841	4.076668
3.532571	7.78403	11.42167
16.48154	20.51024	14.75038	7.774636	22.07668	7.959405
0.7804004	18.79114

21.6283	4.576722	8.288969	24.20702
2.007092	1.595454	12.31244

23.99579	8.758663	12.00641
17.02273
2.592527	1.789266
19.42003
13.53433	19.95332	18.53605	17.60587	15.07119
7.459591	3.288445
21.49917	9.816377	18.92806


8.829809	24.14496
17.43454
10.95181	17.4729
0.7606974	22.9992

0.1313991	8.645566
1.178583	5.5235	5.297466
15.93045	17.80073	4.735033	1.940896
6.296897	18.54327
7.86894	4.703371
6.964384	6.369775
13.64813	9.140762	17.84065
19.07489
4.523238
21.534	3.343228	0.474501	7.441733
23.52578	6.49087
6.701766	3.713314	10.66059

22.1871	8.262129
2.175538	1.461119
14.62021
7.654068
23.16337
17.33216	12.02092
8.507221	2.579117	17.86183
3.3095	12.05552	20.95269	1.46346
10.54269	20.04081	4.789389	2.822885
15.5693	5.840445	5.114089	15.53015	3.66585
7.134136	2.438486
10.36263	13.2667	14.50222
16.68921	12.57888
6.911481	5.167747
7.300186	11.44278	19.18736	0.1321349
9.754514	9.938483	17.15415	24.59034
6.526489
0.2548798	3.038122	23.22185	20.93095	7.189894
12.48457	4.152806
11.40932

23.77825	13.88711


21.55246	4.477155

21.26991
10.78243	22.56761	4.935845	10.77474	1.76592	11.70537	13.09301
0.4657103
11.65266
14.54471
13.79597	19.04708
11.69908	2.533127
9.022702	19.00379	16.02607	5.039869	0.6876222
6.927897	16.80472	20.07466
23.21074

15.00955	17.12627
14.93496

5.749681	13.493

2.844077	22.2142
6.136559
0.5016608	9.081313	16.48876	8.401193	6.090309
20.36161
21.00659	15.47911	5.69365
3.995166	22.80013
3.561822	18.96173	9.671776	20.40085	3.35779
10.90985	16.99324	0.5838737	8.373373	13.67146	23.04591
15.55691
16.05409
5.324878	22.35564
5.372212
11.0376	15.72016	10.49869	2.323101	20.81984
13.5084
9.359688
14.1142	13.72134	11.33322
12.6321	19.58405	20.96003
22.76554
1.666584	10.93224
18.92186	18.69616	6.747189
6.830243	17.29503	7.408781	23.21532
3.727971	4.887754	18.22914	8.90459	6.139032
13.17696	1.932337	5.056183	0.745462
10.13454	8.69645

9.617675
23.34261
14.11454
4.763863
20.89451
15.34681
24.77287	1.003969	2.442268
8.159617	23.18117	21.03289	4.988443

10.70411
4.232027	2.74301
22.95813	11.00617	17.99412
15.99055	12.0939	2.185834
11.82929	10.857
15.06322	13.93024
1.397763
3.739985	1.42335
11.76351
23.29035
13.97262
9.364393	14.85012	5.335122	14.29168
11.16468
5.536233	0.5481208

21.64347	15.45129	23.14328
8.558164	6.334894	3.665025
18.86661	12.21672
20.91739	16.39767	24.54557	6.131348	11.81366
19.80845	12.79522	2.533378
20.58926

21.2499	4.783561	8.300548	24.15649
7.340569	20.72807
23.89666	2.359712	0.07555217	4.651756
4.083945
8.371032	3.460357	4.070585
20.37345	22.69849	7.621407	17.1654
3.745238	2.952137	18.22469
15.90968	20.47276	18.91842
12.02099
10.74953

3.772371
19.21032	15.45155
18.757	3.564137

8.770932	0.2144982
8.386976
19.45261
5.737972	16.08018
17.2199
20.58849	23.95211
7.2335	14.96316	20.01353
6.93695	19.3729
21.97007
9.119489
23.89243	7.75774
4.739215	9.443413	9.589667	17.99213
8.099245	0.5561942
18.74414	22.78941	9.952289
13.31105
9.128244
8.586552	7.675025	22.42558	7.676627
8.31517
5.904437	15.48267	13.85981	10.88165	21.55851	23.17422
5.268855	23.01974	12.47083
8.310065	7.64824
14.18085	10.92281	9.399758
14.59073	8.353442	6.328699

1.935961	17.54569
10.82552	6.530455	19.2756
17.48659	16.88478	2.910662	24.30995

4.44104	10.31431	22.29947
24.01224

7.530661	21.97743	18.09994
16.63506
5.984789	16.57098	23.72694
1.14541	12.77544
16.78356


3.740843	8.809137
0.3501655	8.227605	7.975628
12.5292	15.04418	10.92978
17.90379	15.89096	18.61435
7.091288	4.41146	23.54382
21.66444	18.024	15.95437	6.188694
19.23994
18.30592	11.60423	2.106
5.41855	24.43604
10.63136
10.40048
13.67478	12.71441
19.05649	21.73925	14.44925	15.67351	22.41706
15.30441	17.47657
12.90997	1.944582	9.726195
19.0852	23.14195	3.14267
22.00888
14.17124
5.566223
0.8775515	3.797703
24.22258	19.8107
7.136878

21.23987	10.89715
3.988149
21.33375
18.21846	3.18709
7.528398
1.38013
14.41912	4.759646
18.4058	9.88612	10.73417	7.952619
2.050714
7.039612	14.59635
10.10525	4.55765	7.450774
16.41725

11.43112	23.48324	17.78396
17.71613

23.41189	21.55083	10.21421

4.819384	23.67993	19.89615	14.17341	20.26214
24.96255
17.30083	6.032012	10.07953

4.816287
0.2432738
12.96743
17.17802	12.60387	22.9741	12.96952
20.93476	24.92012	6.246964	15.70547
22.61024	0.18134	8.861157
1.022627
13.0436
19.5019	21.0791
12.39946	15.89344	9.535877
4.542449	4.033679
5.584174	11.607
16.30291	22.90672
6.654177	5.421362
5.208358
11.33785	6.615164
15.81293
9.278911
14.42283	13.10413	2.265855	21.5336	0.3257872
2.702158	0.3366726	16.70394



7.91934

12.78121
10.88512
9.875934	22.28342	24.682	9.612345
1.676628
18.29666
8.421681	4.764495	15.95168	18.06939	16.85053
20.4583	8.41247	8.561518

10.69934	9.226453	1.898052	11.02771	4.027672	11.54832
20.99275	20.21703	20.36763
20.67268	22.64553
14.43536	18.48374	13.8518


17.41913	17.02845	9.912695	23.89075
20.21919	12.57718	19.06614	2.530227
15.74587	16.65577	23.18327	13.45595
16.96967	10.91356
9.419869	17.47001	18.37058	6.380678
23.12097
4.572906	13.06803	16.04005	9.67838
8.816508
21.96309	13.13388	3.520724	4.308034	5.208926
6.820136	10.53982	7.364788	11.13052	14.81083	0.6264581	11.1545
11.35539	17.29509
18.82682	7.374697
3.159894	7.560936	24.66533	2.306851
3.620524
13.67691
17.43945
20.60124	18.75842	20.21311
14.38453	5.563815	1.964423	24.46679
0.2892073
2.112495
5.362099
1.675201	16.92371	20.34797
20.79887	5.747631	21.88582
10.11299
12.0583
7.174232	23.90232
20.14176
8.660186	5.468928
6.054358	10.85732	17.95195	23.80141
6.343662	0.01725419

15.65174
5.051228	22.78519
11.10191	13.40492
11.58216
17.09114	14.03578	21.9703	3.592621	8.28721
12.96336	8.168798	24.6259

3.994697	16.98507
15.28185	12.3999
4.433763	9.03325	18.42551	4.52476	16.0041	7.991701	22.2268	3.994315
5.621307


1.1781
12.90272	9.361424
22.91433
23.23177	4.701996
1.744092
1.157699	9.337158	17.73171	14.452
17.00522	7.378408	1.815166	24.13771
18.52943
13.32906
1.956736	4.551498
21.52369	21.11167
13.94734	7.980676
4.317888	12.60454
18.7516	8.197347

3.907599
3.469296

10.28525	3.317257	12.10103	15.11783
4.96599	12.90539
13.12263	3.614886	3.993819	1.968956	5.738862

12.0966	10.60954	21.56598
13.65549	2.451667
4.70914	13.82978	21.29413
18.29588	4.626694
1.808806
21.99334
12.74579	18.43051	17.9404
3.777002	0.3930725
6.554496	16.667	11.76517	22.25204	20.06825	14.15665
0.2692333	3.859791
19.18797
0.08793114	0.2163771	17.56913	11.07237
11.16564	7.847782

7.652132	19.66254	17.93765
3.194011
7.40587
6.80035	23.40249	9.12545	7.424425
7.763011	15.43118	5.392313
7.162818	23.37017	22.40477	10.68639
11.82066
21.46802	5.617727	2.080694	19.21418	9.404116	22.86586	10.64459
9.807677	14.91923	21.42452
10.82407
6.138771	13.59012	21.78666	18.74638	18.25967
11.13224
18.59661	19.02416
3.744717	21.91073	20.57113	8.476843	4.659332
3.654558
21.55513	13.3608
3.894084	2.025656
14.91054	3.142879	2.759074
5.981639
15.38288
20.20324
2.294732	0.9319305
24.17401	16.51057
17.61635	22.38897	12.45026	6.105474

22.72251	18.09868
0.3506714

24.71153	6.946854
5.122546

8.400001	2.205516
11.7729

13.27822	10.0531	24.06451
7.678399	13.04476
6.871133	21.84498	20.08446	6.256188	4.269386	17.8858	8.249528
21.94658	0.5286813
22.68804	24.89047	18.58396	12.96628	6.057486
14.48167

4.473157	9.496308	20.33554
4.583479	12.12909	11.05785
0.1187744	2.427107
20.28201	10.41059	4.251091	7.688458	13.09615
3.339584	21.71444	10.82778
2.79924
0.3736601	19.08062	0.6969991
24.34879	24.6105	13.88461
9.397243
8.49629

3.215255
19.37901	7.85758	4.765527

24.32459	0.5179872	13.97573
1.9649	11.79102	6.029029	9.051107	0.7259171
22.243

13.86	14.69725
4.544301
8.829692	10.27323	8.306467	3.438759
17.87053	13.40866	15.23685
9.408923	13.5762	2.188045
20.91709	5.501613	10.1133
24.70588	23.36346
5.277332	14.23315	21.5424
4.340768	25.01232	0.8917361

20.77243
13.89633	11.14936	0.7218122
3.562331	20.33816	0.603785	7.199909	9.568859	23.57835
0.4314181
7.931427	4.872422
20.56877
1.182791
20.76509	20.21219	17.70756	18.12295
13.86601	20.35663	6.002158	17.77213
5.574249	0.6017349	1.044152	9.024942	10.34536


13.01914	20.46064
1.979486	6.110444	18.212
11.11325	17.33124	6.211182	3.824395	2.141106
14.83417	23.67697	0.07158108	9.702907
14.98082	20.04499
19.22129
16.60357	12.79959
0.05328676
18.06715	15.47162	8.528313
18.0274	2.641204
20.90856	16.39607	11.96509
8.355314	15.43819	13.27579	22.27505

6.825506	8.330042	5.537808	9.321762	23.46295
17.356	6.492033


19.43869
20.1656
0.05913672
4.78683	16.50911	16.01996	16.50296
16.6678	20.6464
20.20531
4.468354	18.4351
13.44711	15.96059	12.09688	6.544587
10.68407	23.33948
4.010268	22.9256	14.2936
14.19476	7.20691	3.800758	15.2379
7.176598
7.731298	15.14697	14.78553	5.510719
21.62362
15.59133
23.04465
6.126379	10.36186
21.99582	22.40667	20.13933
18.62568	15.12341	22.35728	1.215781	11.47867	10.15747
18.4006	5.927126
6.731187	4.134575
6.468644
1.243787
15.33758	19.64004	6.420464	8.221067	15.84424	21.89871
1.526819	16.95717
1.583736	19.76634	20.41818
7.765484	0.04696496
0.6408476	11.52652	15.33467

7.045548
1.669576	21.01345

7.564506
23.18456	21.1076	24.26763	23.8305
6.95728	7.872877
8.660655	4.05435
4.402501
22.47435
19.6012
1.235515	11.58817
9.311357	11.53004
14.08111
10.256
15.50931	7.481733	9.431139	20.66303	0.1921189
7.886464
23.51352	18.32531
5.72151	1.223837	21.74777	22.33176	20.97504
24.96224	4.495624
9.02197	0.3130806	9.445758	23.4811
10.95804
1.914095
21.54927	9.244615
23.48922	6.864531
13.88227	23.09338
17.36288	11.19524	13.97304	20.6972	9.538613
16.74639
19.28102	20.78768	9.967587
10.03266	7.677663
13.09755	12.54808
11.10722	20.90207	14.91504	20.7273
16.25992
19.58944	11.92285	0.7973055
20.55951
17.47319	4.759487
5.787348
8.255443
24.53356	6.497817
17.67364

11.13714

7.279363	20.78418
19.05079	24.73301
0.6342813
14.31874

8.679636	0.2627719	21.14702	4.764073
7.615043	13.71937	21.89962
17.05618	11.55832
16.73846	10.55671
11.42472	4.766766
22.26467	13.40953	5.741956	6.22314
3.583904	19.81083
1.517056	4.545796
19.5578
18.89977
20.87814	22.2011	21.00157	18.65222	23.85462
13.10359	6.112409	5.182423	4.009455
21.67378
17.54546	19.82667	14.43654
7.253694	12.31211	5.876894	15.67652
8.278648	4.417867
18.39015	22.05165	4.103964	22.71434


14.94273
7.523963	13.88311
18.40798	10.27113

20.93059
10.12002
20.11675	21.13917

19.2538
24.91486	22.22183	13.29578
1.845611
6.058202	3.232546
8.113945	22.9155
15.42523	11.46668	4.652381	4.352056
7.055144	7.84579	8.367642	20.66802	13.52209	5.775817
21.65305	3.36879

5.929003	12.9772
15.9509
4.292209
21.83811	3.224957
21.72843
2.2988	0.5689661
10.64743	14.28243	10.41694
0.9631733	4.552875	16.12717
5.540468
22.7124
13.52031	18.18223	14.12968	2.945702
24.71922	3.971851
18.16592	2.435943	19.34753
14.37041	5.727219
0.3601808	20.29615
4.759718	20.47067

18.30705	17.87129
13.96555
14.7683	7.361319	19.41888	14.92579
5.071993	13.54004
18.01467	1.852286	8.112046	19.71852	15.84051



1.182211
17.52808	8.594117	5.117492
4.920891
21.40031
17.69785
9.305378
1.609508	8.348739	12.18291	11.66632
19.03571
1.641436
17.69105	7.403301

2.65918	2.409399
10.26648
5.963741
1.08445
10.14357	5.876529	4.585404	10.58428
15.14846	3.364583	19.33332
2.356921	18.02413	10.51549	9.097319
5.032895
5.997592
12.92949
21.40994	4.890162	12.69478	8.376256


19.20414

16.61422	17.00225	10.03986	19.97337	12.79776	5.875296	12.84859	19.5393
10.92855
17.09767	21.301
13.10684	13.16546
17.63339	0.3854797	9.487116	0.5226182
9.505186	22.26288	20.97347
20.62567
19.33529

9.702807	2.922156	4.129019
17.58274	19.26929

20.78518

20.7446	3.006063
7.724614
11.50889	11.09881
3.43583	6.009665	22.97527	4.86794
24.66786	6.233319
24.57721
17.80533
2.847928	5.349211	2.140739
17.51154
4.018141	16.45458
19.79112	5.193533
22.31634

9.739771	19.21548

8.654601
6.338077	5.748938	14.8265
16.96171	20.23826	10.34144
2.991037	19.55388	10.7176	12.08014
14.58183

21.4035	7.343713	10.74943	7.652263	21.91773	23.32937	6.313692	9.839454
12.38399	14.09264
18.7094
24.64061	8.903114	4.549945
16.80454	24.72818
13.39257
0.9410536
2.474951	9.490076	20.26855	24.78724


21.53983	12.90029
24.17869

0.6788637	24.66868	19.88745

24.40735
23.2886	11.69055
2.195918	1.938028	3.197754
9.646568	23.56694	10.17111	14.18823
12.68881
24.02193	7.925807	15.80431

10.51041	4.365247	6.046296
16.84572	6.014926
6.121743	1.193544
14.73239	19.20351
7.423785	5.343377	21.19813	2.482516
8.000019	0.1846445
7.299616
20.91832
23.89757
15.25344
1.859336
3.100041
16.84224	22.46308	1.256479
16.35888	22.52575
15.50472	2.668246	10.85997
18.70601
16.83912
20.88747	6.543174	13.36154
19.86507
6.754203
24.44195	4.78474
11.39179	3.349324
9.157272
19.74274	10.57218
22.13474	12.10842	13.23657	13.90234
22.21112	6.703797	15.16255
5.811471	5.625522	7.583952	4.473645	0.5655669
18.25672

16.56327	3.007
9.047502	4.062235
16.82714	21.19942
22.45955	2.865213
7.400706	17.58958	0.1363448	24.36165

6.000292	10.69358	3.940186
2.14716
11.31636	2.987035

14.40013

10.58324	19.36615	13.67583	8.987312
15.17362

17.00091
7.596093	9.094422	11.278	17.81825
11.74925	11.83697	21.39168
0.179888	7.238199
23.29607
2.89156	20.60295
15.04546	10.61613

9.312592	21.15775	6.751374
15.38844	22.22376	10.77755
7.172366
8.244972	14.34648	19.22518	5.277549	5.147127
21.29989
3.467411	20.81436	9.752561

2.253978	10.17652

4.806528
8.581963
15.97317	5.78489
18.13476
19.81493
4.459921	4.62341
12.35366	2.160404	22.38547
7.587929	3.853038	0.449599
18.26096	5.486751
9.523151	17.68384
21.92902	1.045518
9.832513	12.35114
12.40498	21.44468	4.284304	16.56196	15.32458
8.397349	9.698311	14.42902	19.99088	3.193004	20.82372

23.76719
21.88663	18.50779	1.534778
12.95234
3.617201	16.68796	20.11429
7.262409	5.960228
11.34476
5.92344	10.36598
20.02835	11.11929
0.6807736	19.31804	2.111862

6.137973	6.652536	6.557327	21.44058
0.8389854	6.421939
15.42176	3.158366	7.78452	20.56654	14.9305
6.354143
23.20399	16.38384	2.353823	12.70213	10.2846	0.8814821
24.54356	10.23105	9.492179
19.10795	21.09507
19.27091
2.310464	1.805593	6.787446
3.61428
17.3672	19.27817	0.393115	2.860622
2.357582	18.01655	2.937905	17.99014
8.427257	23.3614
14.26531	24.11757
3.919697	14.15112	13.00115	13.19073
7.992526	0.2472955
5.660093	11.65799	4.350888
5.405581	6.15115	22.96921	10.72042	19.29173
24.83756	0.2703052
17.36091	16.86267
1.360757	24.1592	7.231327
8.718108	0.03740125	14.02738	7.258456
4.581809	7.485731
5.238249	7.188979

12.72341	24.18475	21.23653	19.43335
12.28391	14.19346	4.453162	22.28651	11.73728
11.10721	23.1208	19.95389	6.61228
17.08921	7.189623
9.252785	18.29536
2.788443	11.10135	11.18475
21.69964	0.4688335
17.13215	11.24952	11.398
23.96527	21.95264
15.73045	18.22233
8.536891	2.493478	7.202288
24.76892
11.61013	13.02837
12.35353	20.64407
19.56415	24.4725
17.14794
23.39711	19.88994
7.658449	24.70741	10.06059
2.956942	17.57907	10.70716	8.412388
17.82186	12.43493
8.780373
14.0357	5.161225
7.892588	18.57858
6.093404	6.487828

2.204609
17.31852	15.02083	13.9402	11.52403

9.341795
9.315318	0.6542435	1.112586
17.80274
4.057376
20.68984	7.710111
23.22432
6.979888	10.57119
17.59849	18.53146
24.70387	24.66583	24.62607
6.363047	16.36883	21.91735	19.34632
14.72244	6.998262	19.26581
8.886484
15.29213
16.36734	14.83005	7.656138
14.0771	1.915336
12.71529	18.65566
17.89631	6.506239
11.97433	23.16733	19.21546	24.14166
8.597483	8.493471	4.006829
21.33575
11.67613
22.91278	6.692214	17.90388	6.076672	7.771258
21.91446
20.89898	22.94459
7.81017	2.070471

7.349639	21.15093
12.04388	12.22213	14.23896	23.55402
15.87145	14.07446
17.2852	13.02171
17.22261	6.548185
4.847161	22.16284

10.99521
8.788242	10.29401	5.239559	0.484477
12.76544
