MassExtinctionTimes
11.65713
9.52602	17.96105
11.35284	14.49853
18.4464
7.978478
17.90909
16.91796	16.45919
0.7518885	14.89091
17.11551
0.8267058	11.55831
17.14643
17.41038
17.57729	11.06911	1.759254

13.3328	2.024657
5.161039	8.935358	4.156193
18.1311	13.54386
18.1188
18.36943	18.04945	8.616693
18.59041
3.745367
18.24681

12.80944	10.28999

18.16688	12.22403
17.66905	8.689414	0.5477463
14.52487
13.12235	1.940152
14.33457	17.07041
17.93452	17.56661

18.46052	7.362864
18.30265	15.0126

10.49487

10.66121

9.038558	15.18316
18.28103	16.97291	9.478654
16.51817	18.09831	8.509415
17.99366	15.43679
18.34695
18.14001	14.98781	0.3408209
14.97008
16.59689
14.13723	18.14494	0.9924879
18.09734	5.437234
11.94573	14.74006	9.614781
17.76267	14.05938
6.717629
18.4256

16.35833	2.203343

16.65661	0.4495454	17.64115
19.00708
15.29297	15.98172
12.52722
18.41498	12.16563
13.84121
18.15826
12.88538
1.436252	16.96257	18.96176
13.10849	18.06697	0.04304819	8.044752
15.50778	18.28437	3.44947
10.4362
11.07755	16.70401
18.50582	18.39932
15.49673
18.26619	10.78455	16.53818	19.10293
18.33979	16.90063	9.804693

15.23269
11.36474	18.1563
17.92442	6.072177
9.062275	17.32872	15.36144	0.04079139
15.76461
9.959519	12.72229
17.32618	18.15338

17.16296	0.2886092	12.13415
17.08626
16.63221	17.86259
0.1380652
18.5285	16.89438

11.37322	18.39192
15.80446	16.07439	1.024366
16.9952	18.57998
6.393269	18.46789	16.52578	3.917067	15.68926
16.48985
17.86382	10.65655
16.22337	7.045523
18.46142	0.5622457	12.44728	15.44783
18.14665
10.23936	2.345744
18.41756
14.8523
17.11733
11.09224
9.363305	17.61187
17.05904	18.24196	10.34027
16.08994	9.02469	16.89311	16.99619

9.93482	11.07234	12.14402
16.907	9.910675	4.527179


17.46137	11.93846


18.22762
18.28936	19.42633	0.5970484
18.28884
15.79926	17.46233	8.228621

14.34349	18.03108	19.02834	7.381735
10.2641	16.7587
6.513047

13.83954
14.49113	6.795529
18.16056	13.98753	5.847822
18.13541	18.2986	14.97106	9.083536
18.271	17.03499	10.60104
18.38216	18.38419	0.6298721

18.09013
15.88113	17.99424
17.6601
9.661767
11.46097

1.830441
17.08033	18.12204	7.749524
18.35562	15.33993
10.45918	16.94204
3.19487	18.4327
18.43236
16.82936	17.5058	17.64896
11.48596	18.41161	15.81274
9.644507	18.41561	14.96466
14.15087
18.22555	12.6613	15.49685	4.510521
16.62822	1.704746	13.95368
9.914415
16.87181	11.44694
12.85668
18.67717	16.90353	8.244936
18.42303	18.15603	13.64588
13.45216	17.27412
9.536863	4.369038	18.49662
18.95068
18.4549	15.82379
18.24016	3.779732	10.41255	11.13729
17.06376	10.76017
18.41526

17.03423	16.7628	17.81222
17.42195	18.27065
3.578916
18.11138	17.98115	15.3945
18.26123
18.38901	8.529549
17.13781
18.56611	0.9752857	17.70391
15.89561
18.20724
14.51302
17.78675	13.18623



15.4538	10.72361
16.94693	18.12865
14.00834	18.44225	16.49767	3.957508
18.46083	16.1697	9.230191
16.74716	2.244283
18.35259	10.40939
9.041538	16.90536
18.14215	1.783108	16.46191
17.07356

16.08252	18.22196
18.00842
14.55222
18.25063
17.89351
16.90235
15.89897	2.588541	17.78964	13.79442
14.54266
11.6468
16.33587
10.80657	9.646825	18.39396
19.0311
17.3031	18.10309
15.01631

18.97659	1.794645	9.505791
6.338086	3.449745	16.37613
18.44965	11.40495
17.12123
18.26257
17.97362	5.147986
18.07387	14.81483

8.962553	10.11863	1.63627
18.16239
17.9503	8.44458	0.5595754
18.42584	14.31851	0.1586074
15.46345	17.99634	8.612474	0.5581107
17.03882	12.42601

18.39955
17.44607	3.829126
18.12097	9.864286	4.987615
16.88421	6.665961	15.53208
18.01371	18.49051

5.813559	9.8497
18.10353	15.34737
7.69436	14.459
16.37338	10.39181
14.20599
14.63564
16.92166	10.67115
16.95134	9.883159
13.97984

17.1012	10.10664
14.61415	15.56219

16.10313
14.70955
15.32062	14.62757	0.9354497
18.14549	15.39169	8.738756	14.68329
18.89399	18.37366	14.03565
18.45401	1.035477

14.91106	8.391569
17.72501	9.703787
17.96529
13.97697	1.951336
17.97356	3.824352
18.32845	9.533993	14.43916
18.38637	17.1149
15.12767	13.86815

17.93228	11.10697
16.64665
12.14131	17.08246	9.756838	18.97582
17.2252	15.53394
17.4673
9.579615	14.25188
9.175218
18.05203	15.28298	6.446833
16.18229	17.44556
16.78834
17.03335	18.16522
9.498194

6.42282
11.72736	9.824585
11.05805
18.1633	14.5142
17.17373	13.08116
18.38366
18.35431	2.91032	14.47548	14.36962
15.09112	11.74607
14.84305	16.66927	9.658076
3.644033
18.40842	14.9117
7.83927
8.154024	18.19251	13.26153
10.92689
17.18621
18.32258
17.29322	9.017945	17.75006
11.79452	17.34522	8.593351
17.27233
15.03892	17.96471	18.15866
16.61361	14.16409	7.100791	14.24642
17.91638	11.64082	6.3444	9.687516
18.8379	17.16304
18.12107	0.4158183
15.42968	17.92244	11.44536
15.5034	13.80991	7.933644	1.677811
17.32143	10.54959
15.61646	18.07667	10.70137
18.26109
11.05135	11.74835	15.50236
15.59248

18.622	13.87167

17.99111	6.753105
18.48491
11.5183	16.96491
17.12081	1.23502
17.28065	13.53061
17.18881	14.40165
18.88672	13.38644

14.2265	0.378452	8.610295
14.28122	9.188754	13.78894
13.5397	17.80989
18.41358	18.33601	10.91348
13.73085	16.09778	16.98372
16.65055	9.130514	3.95772
18.08105	18.30994
16.06426	11.52595
18.17442	12.99816
17.0627	11.77387
15.68531

3.55667
17.70247	3.801616
7.784513
14.77767	18.40435
17.46264	10.88518
14.36462
3.577354
18.15388	1.329498	10.52869
14.70836	3.525274	1.32569	7.349641
17.59465	8.074173	18.48226	0.363113
18.47783
16.099


18.85408

18.44684	8.71756
12.04781	9.102499	12.61452
15.91385
18.04014	8.477648	15.30647
15.46291	17.97523
16.43871
18.03449	11.3106
17.85765	14.79812	3.487585

12.10351
18.21522	15.91465	5.784155
18.27786
17.0581	16.40718
17.95188

17.38173	15.28774	6.725594
15.17064	14.28411	17.82481
15.26289	16.6985
18.34468	5.573762	13.26897	16.79374
18.29263	17.1742
15.58059
18.22613
17.19216	18.36806
16.91214

18.04048	14.33396	9.879302
18.45749	15.76653
18.35659	10.29681
14.62982
15.59088	16.49445
18.93958	15.73905	0.886432
11.3335
17.53178	0.1575299	8.822708
15.76886
16.52191	10.20113	16.80356
15.05552	16.70675	8.772041	17.63326	16.82485
17.89503	15.65188	10.82199	17.61444
18.30246	16.82858	6.74796	9.446452
17.67301	16.52669
8.024051	9.710494
16.40514	16.41902
16.57152	16.40086
18.34934	15.66863
10.45505	0.04928845
18.27391
16.79265	17.75582	8.857951
17.40852
9.305906
17.3612
17.98861	4.434241
3.686638	13.38179
4.678458	8.411562
12.17234
18.37685
11.6593	18.03049
19.45687
17.4407	9.337964
16.42805
17.00616	11.33305
17.45945	3.84093	11.58024	17.58473
18.91818	13.2571
18.32435
15.729
18.875
10.63831	0.3915776
18.31962
0.6130394

9.296869	8.284924


17.14395
18.41786	16.49503
9.293225	1.567499	14.71776
14.79565
9.91822
15.87262
18.45902	15.20163	8.46978
18.36365	0.5386386	14.85474
9.295712

10.69617	17.89572
17.46738	14.71833	17.31487

17.03696	9.657331
18.46031	15.71852
18.25114	0.4560282	14.57289	1.829781
4.450842
18.86025	16.75553	12.09562	11.76298

17.37644
14.64543	0.5629455	14.19982
17.75927	18.9184
15.39731	8.080156

18.43572
5.017057	0.1057661	4.977479

19.57872
9.386153	18.25164
18.0183	14.16012
17.70104	8.189761	12.79531	13.44802
15.80292
0.05182965	15.62503	15.60841	4.309032
18.33349
19.37553
17.16465

17.34634	12.58155	18.75381
16.79614
18.39032	15.77184	3.183834	1.331177
16.74316
8.410658	19.57772	9.244374
15.11476

17.1062


9.765499
15.49534

15.73772
18.95884
18.02612	13.49983
9.5158
8.434051	18.90511	16.6163
18.30205
18.06377
17.85059
7.951702
9.445284	1.160718
16.56366	4.178056
15.57914
3.790956	15.77551	11.18563


0.9465701	16.14945
16.82446	18.95205	11.53707
17.21942	18.31577	16.48396	8.549131
9.150104	16.08675
15.40349	18.15505	0.23847	12.52696
14.63119	17.33953	11.04944
18.24341	10.9917
15.11907	1.799208
3.282132	17.55817
17.78126	15.33467	6.517039

17.62354	10.59532
18.41089	9.768608	7.832521
17.8577	16.77483	2.651181	11.41853
18.44679	17.16329	0.6683407	10.22363
11.83539	18.22529	3.836836
14.70756	14.03296

18.38026
18.38503	9.457742	18.36517
15.14848	18.48582	15.32206
18.01046	0.5022719
12.02993
17.3446
17.76856	1.733719
18.4501	9.066547
15.34495	15.16449	18.00157	19.22871
18.17135
14.17787	19.1265	8.303204
18.40697
16.86767	14.51685	3.643782	17.86889	8.835642
1.965627	0.09364956	16.62745
16.50299
17.19928	9.433145
18.09396
18.99117
17.01219	7.781533
16.61387
15.58251	15.15028	17.80601	15.74621
18.3573	12.63362	0.497855	11.62392
17.95771	11.45766
13.63688	15.52277	18.12242	11.13441
17.30556	11.38142
9.819078	0.179609	16.0949
17.31145	18.19439	15.04436
18.35812	2.831843	11.81215
16.46359
17.56374	16.42702	5.914019
18.18531	15.71002	10.62429	12.4675
17.20863	9.662146	15.06336	18.01646	5.32466
14.13051	15.60444
16.52567	18.07444	1.661709	7.269929
10.87657	16.99187	7.62337
17.34741
11.85461	17.30179	16.30341
16.68622	18.26171	18.17243
17.95391	18.12927	16.21297	5.599665
18.32421	9.038261

14.17117
15.97666
11.53052
17.2669	10.30061
18.09145	18.25801	9.231432
17.84882
9.590851
8.151002	11.65034

0.1472648	17.92094
12.70333
4.362204	17.74375	15.56338
17.12225	16.27949	11.34161	15.20037
15.5321	11.69861
14.64587	14.91883
9.148248	1.972288
7.630992
17.84705	0.5049985	11.44921
8.759183
8.724108
4.193358	13.10372
18.94737
17.67619	15.82775
16.98964	18.47599	18.96163
18.28936
18.1784	17.10263
18.41427	11.7186
17.7307	9.418112
18.9875	16.52896	18.19272	1.128832	17.113
16.93764	18.40199	3.415365	15.81274	12.19493
13.78513	16.22134	18.61248	10.22069
8.656693
10.61694	4.356363
9.914765
10.95281	12.36371
9.157517
8.925384	16.23058
0.1916659
17.92193	6.151352
4.915281	18.92995
15.09964	6.912361
18.18321	9.641135

9.328621	16.73898	6.99802	14.22592
17.80014	9.32024	16.20201
18.84762	16.3969	8.27656	17.3206
14.9826	7.843524	8.101535
8.12054
0.2423077	17.53852
8.288422	14.65862	17.01911
18.10376	17.24883	11.46346	11.97554
7.08636	5.827478
9.004898
8.128046
17.91412	18.61522
18.32319	16.95789
16.52516	15.68753	7.873769	19.03312
17.96089	10.58299
18.24425	11.53352
17.84152	11.35957	6.068236	0.3980583	18.24301
17.69706	18.20152
18.06668
16.87398	18.1281	13.89646
17.10306
17.29352
16.5525	0.0793819
18.85597	0.7174685
9.934204
18.58627
15.4284
17.4565
18.40448	8.685891
18.04134	18.4559	9.752568
18.16931	16.60974
18.02357	9.760439
17.83478	17.05416	7.087432
17.73574
17.47979	18.00476	17.25486
17.35604
17.42054	10.06409
16.81081	14.506	0.3168021	8.396959
14.85724
18.44457
18.43058	10.56575	17.69467	13.15709
8.89636
8.198468
15.74402	16.96375
15.57724
18.20788	11.20307	9.83464

18.4826	11.35231
10.52514
17.90017	17.38035
16.86006

18.24057
12.16169	0.4050942
19.09257	11.08629
15.59224
11.42999
13.09968	9.805644

14.905	1.676464
18.5108	18.19716	15.57981
18.94265
12.3075	15.53413
4.247787
15.57136	10.55999
18.79416	3.695214
16.91082	17.79189
7.278163	8.254117	2.035942
18.25092	7.848284
18.23702	11.55598	15.67446
16.59945	18.23212	14.91547

16.08221	6.389153
18.22116	3.855645
16.44687
16.70564
13.59454
15.31154	17.77846
3.784631	17.35675	10.67874
3.629297	9.884173
8.244547

18.36476	13.91488
17.80747	18.40233	11.63851	7.818975
18.25691	10.82736
18.00246	14.28093
13.76115
18.38449	0.2793848	3.659568
18.21839
18.14346	9.576375	1.734352
17.43595	19.06429
18.10243	15.66305	3.251672	15.68912	12.3657
18.10578	5.797383
11.79515

17.31154	18.15906
16.73219	5.737925
18.09088	4.17717
17.16619
15.5788	17.37158
18.48614	10.80429	18.01612
17.9961	14.20239	6.992624	4.747114	9.955995
14.10469	16.83414	10.59265	15.76439	3.530503
9.432268	13.971
17.66793
17.98629
15.31483	10.50596
7.252067	0.3064847
18.90466	13.62356
19.13366	11.0032
16.05839	6.509084
18.47053	18.24569	8.757604	3.411614	5.382714
11.43467	15.56888	17.48947
10.50588	18.43346	17.03622	15.26369	12.47324
15.22631	12.77919
16.49507	7.741876	3.034018	17.77019	16.61493	8.265615
17.93106	12.29089	0.4645137	3.84051

18.70916

18.23943	17.14878
17.5812	18.58928
18.48804	13.29443
18.28047	9.56333
17.35255
17.1742	16.80347	9.091801	18.40161
18.48425
3.879708
8.149162

18.39119	8.969996
18.48581	15.15436
1.648313	13.22841
17.05052	1.943479
18.41802

18.22753	11.95731	18.18215
18.41722
18.44484	7.318444	17.2969	12.3864
9.648661
16.59481
6.413826	9.54066
17.76609	15.70224

18.21703	9.533466
18.40116	11.49014
14.46271
17.28304	15.54631
18.45318	11.13549
17.88055	12.97689	18.45671
17.86126	13.55219	8.930871
9.47067
15.33926	11.58646
8.682233	17.69963
17.5052	11.87449
16.41665	0.09742993	11.4409	19.05552
18.08964	15.76222
15.26503	18.17165	8.916833
17.70121	14.64448	6.106125
18.35401	7.199397
9.830135	17.55284	0.4088445
3.857896	18.45514	16.93949
17.80347	15.20451	6.472289	3.085372	12.77408
18.0051	16.85376	8.549178
14.26343	3.197956
18.48743	18.28121	12.547
15.78142	17.69444
18.10288	17.05829	0.2052348
16.37302	8.174475	17.97991
10.1688	18.08728
9.340389	17.98842	15.80445
18.33874	1.159628	11.56548
8.568096
18.3537	2.730193
18.1612

18.01559	5.31932
17.79165	1.749127
18.92193	18.1845
9.019008


16.26758	0.04098468	19.20959

16.78218	15.77323
13.52324	15.35859	1.097514
8.680093
17.73777	16.12087
18.44797	14.88487	5.751384	8.317281	15.37516
8.521438	17.96419	17.80848
8.638116	19.01189	17.87773	10.46426	10.86924
9.466381	18.10754	18.14691	18.455
10.9471
8.698734	9.836856	18.28497	14.98918
17.07834	15.38772	12.34326
18.41265	15.31569	15.67668	14.5269
11.57574	18.63781	4.445945
16.08555	15.431	16.80083	18.10685
10.36471	18.23824	12.46632	15.48127
11.71282	16.44354	17.18214	8.948335
18.32094	11.29178
18.14323	10.0264
18.52474	16.12359	17.43114
16.89707
16.90064	1.241322	14.30289

17.23611	10.71376

18.45141	15.4227
11.04527
19.04281	15.69623
15.87304
8.288796
17.92953

15.78131	0.224392
18.44403
11.54468
18.43079	14.83329	16.47301
18.09618	17.68552	14.73992
18.43568	9.367455
18.17208	16.96958	17.23205	5.005098
18.06916	14.19962

16.93559	9.235995
12.06278
18.44311	7.890643
18.60274
11.18229	16.65146
12.42266	17.30062	3.353273
11.24945
18.28363	4.510176
18.39271
16.84738

10.69642
16.51625	1.78008
17.94433	10.82355	0.1757394	16.45448

18.24597	4.755815
14.18196	6.567116	9.418932
17.538	4.024209
15.24816	15.62752	11.71196	11.32913	17.58664
17.72369	5.638545
17.1078
7.428647
15.64366
10.13449	0.7786754	12.39774

11.22009
16.44318
15.86862
0.0330816
2.496279	17.02571	0.4412932	17.19589
7.509385	17.1576	0.6354022
9.741882
15.67691
18.12848	1.973806	12.4895
17.22196
17.03173	8.386658
15.35703	1.898658	17.68893
13.98882
10.69218
12.51649
17.26986
16.86067	2.992146
17.31218

15.45156	18.39711	15.474	9.685401
15.07127	15.49797	18.43386	0.420427
17.13571	11.61278	19.08345	10.97473
11.05877	15.77372	2.040169	18.06678	13.87894
18.27639	18.29099	17.68452	10.64783
15.50245	9.344026	3.461884
14.40725	18.94339
16.4516	6.03957
17.35599
0.1322925

17.1163	17.81529

16.49635
14.4098	17.24713
17.3293
10.24455	11.07796	18.52868
13.35782
16.87851
18.28705	15.14807	16.3812	14.83744
18.39193	9.025439
17.90287
17.25362
15.65458	18.44544
10.60513	5.641022	17.82469
18.22976	1.592809	3.97761
18.39416

16.72883
12.36351	16.26283
17.20421	10.44383
17.50891

15.36802	9.473797	1.964635
17.1976

16.74398	11.82828
18.34324	8.249988
18.01475	15.14629	8.659626
17.61727	1.600769
0.3272382
17.44082	8.871861
13.72265	18.08692	8.830358
16.56216	7.808678
18.13449	15.57906
7.995754
18.3997	10.2682
9.302729
17.26006	12.17998
11.95148
16.9083	18.52146
17.80741	4.277709
16.04796
18.42244	10.66377
17.08226
18.22335	16.63907
16.90689	16.21929
4.324365
4.142162
18.1766
8.181989
16.96267	11.33014

18.06701	17.63086	9.142398
9.526693	17.24852	16.47306

14.2144
18.22773	14.21085	17.10782
2.440808	17.96547	10.18025
16.60015

18.11346	0.1821852
6.678711
0.1572255	9.308542	11.3637
7.904831	1.491846	14.66189
16.83325
15.37174	8.231081	13.07461
18.42597	16.63709	9.924656
16.90342	18.79017	1.73395	8.069784
8.721212	16.83109
9.225588	4.027756
18.14338
16.97164

12.034	15.76798
12.47031
18.52389	5.560651	17.68111
1.025584
9.86104
15.39202
17.18235	11.61089
17.21227	0.6529875
17.0148	17.0783
18.23715
17.91255	18.32823
17.75719	17.19147	15.2802
18.98606
18.37007	16.88351	8.963118
17.33153
15.38164	10.18929
18.05884	15.06508

17.37881
18.19378	18.06043
9.84609	0.2558345
18.48779
11.43589
17.0935	18.05137
3.109458	3.801905

0.4720382	1.561084	9.866464	4.556081


18.85184	11.40054	17.61172
13.47429	11.73316	5.282515
16.00288	1.097001
15.00331
2.345778
18.48806
18.4253	12.92957
9.145467	14.85989	18.17628	7.528807
18.2209	1.82302	10.92419
18.32752	1.589726
11.67707
15.73058
17.34398
15.80051
18.4191
18.49085	3.563122	14.42274
15.02577
15.245	3.211523	18.62744	12.501
17.27336	12.6622	15.69391
16.93259	5.994212
18.56397	12.64201
18.89786	17.21256
16.48445	17.27517
14.75987	6.901276
18.3921	11.30177
18.38512
3.933822
17.60028	15.99089	14.34177
18.28659
10.89315	16.62247
18.21577
10.71473
18.24956	11.54682	14.82971	1.439942
16.84258	11.24126	1.516866	17.68474
17.48412	11.399	11.77842
18.57856	15.08794
17.26688	0.414662
18.00338	8.398752
15.70851	3.917229
16.17295
17.14006	17.67879
6.904776
5.40536
18.19366	13.67697
9.228394	19.51389
7.333899
14.08655
17.46471	10.8329	9.470708

16.81901
16.76629

10.5366	2.204781	8.824678
12.87749
10.68013
17.58641	17.2145	19.02213
18.48886	10.9433	14.56497
6.268193	15.50782	1.666619
17.34031	8.281756
18.15243	6.273629	13.33118
15.84682
10.96752	14.97112
14.30178	18.01852	1.712759
19.02686	17.62089
3.537937	9.950024
0.6348731
17.99878	18.35124
10.47547

17.54469	8.590645	13.94668
18.22513	0.8800056
18.07912
8.830096	17.11647
18.26051	11.06325

18.13812
18.40813
12.33353

11.46184	13.83242
15.76313	15.70573	6.913395
17.17525	13.23297
18.4293
19.10156

18.79288	3.330499
18.26382	1.70918
11.41168	17.13541	10.33058

18.1036
18.29815	13.0136
17.31604	12.29843
4.053859
9.845893
14.68235	0.2142411
18.26013	12.5516	1.399424
0.5500446	19.45582	6.164622	7.288111
13.29202	2.024023
18.19087
13.61671	3.736248
18.33325	16.7433
17.62653	8.958623
17.29483	18.26664
17.99074	3.774802	16.72502
18.11833	9.686614	9.263257	14.93108	17.85468
18.26728	14.86138	9.468844
9.826425	1.656238
4.297535	14.20913

17.25611	9.930918	15.71328
19.10492	0.1381474
17.70677
18.43543	11.50262
17.97951	8.878035
16.80574	9.967322
17.76503
18.61772	13.17522	16.82696	5.634813
18.3404
18.36684
11.58106	18.33547
14.46954	11.48026	16.93093	1.652115
7.303325
18.33101	10.07838
12.82132	12.30254
9.081628
18.39392	9.433736
17.25756
13.13755
16.32506
13.65133	3.248611
18.91394
7.749852
18.47414	14.19886	11.04764
16.52634
13.86047	18.335	9.314481
15.61708	1.376568
16.9397
16.14141
8.179461	0.1452722
19.30354
8.033736	0.4137215
18.94316	12.09109	17.06816
7.159828
14.76684
13.38571
9.409052

19.10893	17.03036	12.48539
10.70563

15.43376
16.12165	11.70749
10.86075
15.38993

18.09928
18.86582	14.61785
6.843345
18.34088	15.60786
15.86723
18.51648	0.1126147
18.22808	3.500579
18.01315	6.638605
15.03716
7.655302

18.42694
18.04756


18.48439	17.8967	11.1537	1.062311	0.1796264
14.51253
17.30787	18.47712	8.037313	15.06641
15.42829	16.50637
17.30391	18.01243	18.44752

16.23341	0.3282271

14.85141	16.43951	17.98476
17.9616	17.17546	7.076685
10.2264	6.855329

16.3696
18.68423	9.076186
18.08104	18.05222	0.03320564
10.82914	18.08697
11.03283
16.56072
8.180784
17.08905	0.7632572	14.45349
11.66258
2.926377

15.21838	13.98558
17.80368
9.754855	17.47102
19.08932	10.39336	12.1873
4.319077	19.18303
0.1719611

18.68022	18.18884
18.12935	9.612761	15.07025
18.41838
16.58515	3.69685

15.36549	9.834484
15.35806	17.90597	9.077325
18.48097
16.96981	18.50811
16.40317	17.59668	9.282041
16.72506
13.83314
19.02634	17.59999	15.30658
12.82902
15.70196	3.591952
18.48575
18.10688	11.40651
13.66658	17.14574
18.82435
15.66028	9.622517	18.44285	10.03205
12.3306	18.40108

7.75866	12.54004
10.91308
18.19471	17.31763
18.42128	9.824783
18.49984	16.79567	7.890898
14.93673	17.22652
8.975813	15.47109	18.13254
18.35845	14.45804	5.891032


15.26515	16.52278	4.632756	9.651946
18.28988
19.42724
8.575101
14.70915
11.76742	9.492161
14.30871

18.33574	11.53829
14.85414	7.530953

18.129	9.552981	15.60301
15.41349	0.5638419
11.59096
16.64339
16.29823
14.79063
10.77637	6.218016
17.27461
6.899426	16.72768
18.44273	16.1864	0.3703685	11.51504
17.30819
16.40263
16.68014	0.3186163	16.65072
4.976977	16.56768
9.787825
18.20827
18.48764

16.48478	11.67906	2.205714
17.99359

5.729991
2.728488	2.422674

17.92023	6.284896	17.94294
18.5146	11.55091	3.140798	18.11484
13.5995
17.97344	1.885485
15.57851
18.66748
12.8553	3.944466	9.260039	18.33222
12.57975
13.16313
16.18355
17.27556	6.916233
17.39992	11.73146	16.73143
18.50123	2.980016	17.7526
17.35528	1.595769	3.605461	11.44693
18.23595
1.863094
16.97242	18.3785	9.951766	0.4417245
15.47712	18.58846	12.57561
0.5232889
18.1899	1.219141	9.289246
15.1892
19.08037	14.35667

17.87611	4.045446
9.300585

16.14346	0.1667181

17.59543	6.72348	14.83939


17.30499
18.40102	17.61436	11.32476
0.7690782	18.73883	9.445232
18.32156	5.685194
16.6468
1.319041	14.34545
7.385905	17.90259
16.05623	1.819293
16.64058	9.26177	19.03301	4.841745
17.49145	4.187864
16.00374
11.69969	0.377075
17.26307	0.03414633	8.112641

18.48662
17.78111
17.30476
17.00822	17.62003	0.306408

16.60185
16.90414	0.6025773
11.7303	16.95569
18.34819
7.405622	16.01301	0.02298679	16.3094	11.24655
18.90536	10.08076
18.501	11.3785	6.243936	0.8682567
17.65391	7.22012	19.53684	14.12953	13.92361
18.27419	6.474861	0.2207773	14.33662	16.71694
16.76486
16.96671	18.61763	15.12158
15.67629	14.91827	8.339276
15.43113
4.14988	15.91705
18.40787	17.32273
17.92544	4.761066	17.89933	11.4694
18.38081	17.69303


17.91584	10.87932
18.17145	0.1254974	14.02609
15.01045	7.425254
18.23112	10.49957
15.59928
18.05496	18.29749	15.61551	4.288711
16.67895
4.063053	12.92481	7.352299
13.26665	18.20568

14.8051	8.42009	16.78924
17.07716
15.42662	8.810016
18.40592	13.66972	17.23278
17.49425
18.75629
17.96325	12.7006


15.50219
18.19543
17.20698	1.88798
10.3811	15.20612
17.72581	17.36848	11.32997	3.773876
18.42122	15.03874
17.34417	18.45929	9.583139
13.42608	17.28802	11.42602	1.245795	16.81815
17.03199	18.22699	8.482513	12.39716
16.9596	7.073209	17.87989	12.62391
18.3857	8.834579	15.50402	11.68737
18.37738	10.80604
17.28527	17.32655	14.65644
18.91714	7.552995

9.626531	14.99756
18.36806	18.42489
18.47226	9.760596	13.18368
18.36019	0.4067522	19.06987
16.7949
16.32791	8.393398
18.21834
17.22552	16.16218

18.28779

18.34872

17.18527	7.851875
18.49697	15.96767
15.36907	13.54577	2.932225
8.443646
12.22566
