Iteration	posterior	NumSpeciation	numExtinction	numMassExtinctions 
100	-219.862240607197	4	2	1
200	-219.711997846282	4	3	2
300	-222.4631325266	3	2	2
400	-217.564415132664	3	2	1
500	-227.292323089261	7	2	1
600	-224.94087395151	7	2	1
700	-219.890938405911	6	3	2
800	-222.473003648594	5	2	2
900	-236.780382558228	7	7	1
1000	-223.957630496837	5	1	2
1100	-225.568911382029	6	5	1
1200	-219.986212337218	6	3	1
1300	-223.192345963547	6	5	3
1400	-218.56604687235	5	3	0
1500	-216.773542662032	4	1	2
1600	-221.712078786883	5	3	3
1700	-220.503777832117	4	2	2
1800	-220.604097601629	6	2	1
1900	-223.200286264468	7	4	3
2000	-219.347921041382	6	3	1
2100	-219.294656215368	5	4	1
2200	-215.778481708051	5	3	1
2300	-216.996397998014	4	3	0
2400	-217.667797797618	5	2	2
2500	-216.703612949243	6	2	0
2600	-220.773284821424	5	3	2
2700	-227.193357445359	5	4	3
2800	-222.131414082975	7	2	1
2900	-224.257745613256	6	3	2
3000	-219.379020244474	6	3	2
3100	-216.630938271153	5	1	2
3200	-213.388563474256	5	3	0
3300	-215.329312095077	4	5	2
3400	-216.856610409506	4	2	2
3500	-212.68805861765	4	1	0
3600	-218.505285165119	4	2	1
3700	-220.433298474708	4	5	0
3800	-215.694100787944	5	2	1
3900	-214.478680144998	4	3	0
4000	-217.168908422617	5	2	2
4100	-219.251739325414	6	1	3
4200	-217.816774808611	4	5	3
4300	-222.129996619034	7	3	2
4400	-222.026689386271	7	6	1
4500	-218.491334455575	5	4	3
4600	-215.855932512607	6	3	1
4700	-223.022727595379	7	2	1
4800	-224.596872382387	8	2	3
4900	-223.954341247419	7	3	2
5000	-224.505501420668	6	1	3
5100	-222.835411143019	6	3	2
5200	-221.951014811701	5	2	1
5300	-211.548008690889	5	3	1
5400	-215.613847808993	4	5	0
5500	-224.423741347923	5	5	2
5600	-215.565509004895	4	1	0
5700	-222.183792458834	5	2	3
5800	-220.301745717759	5	1	1
5900	-212.854893225962	4	2	2
6000	-214.422298464041	4	4	1
6100	-223.06931408635	5	5	2
6200	-214.554569824494	4	2	1
6300	-213.907558766034	5	1	1
6400	-220.859574121561	5	4	1
6500	-217.176353097329	4	6	3
6600	-232.530462108946	4	4	4
6700	-219.560754163759	4	2	3
6800	-214.705843083071	5	3	1
6900	-217.983369466122	6	2	2
7000	-224.282602257506	4	5	2
7100	-223.940417064994	6	3	1
7200	-217.834247411894	4	1	4
7300	-219.62271956018	4	1	3
7400	-221.216461862584	4	1	0
7500	-224.161238693492	5	4	1
7600	-216.969503179279	3	3	2
7700	-220.567594567549	3	3	2
7800	-222.845353588726	4	2	4
7900	-222.471680553713	4	4	1
8000	-231.234474197221	5	1	2
8100	-218.673407178719	6	3	2
8200	-226.963690834509	6	1	0
8300	-219.681277648898	3	1	3
8400	-222.943306346442	6	4	1
8500	-221.86355977825	5	3	2
8600	-217.108838560343	5	4	1
8700	-216.948512437504	6	2	2
8800	-215.373310175711	5	2	0
8900	-219.196004852494	6	3	2
9000	-220.002073903163	5	1	3
9100	-215.426774028552	4	5	2
9200	-233.996869574089	6	1	5
9300	-227.827716259494	6	3	1
9400	-222.070861113134	6	1	2
9500	-219.331740738627	5	2	2
9600	-223.611064515414	7	2	4
9700	-212.780213594428	5	2	1
9800	-227.808700276607	6	3	2
9900	-222.320430184853	5	5	1
10000	-222.493480867304	7	2	1
10100	-217.344934966538	7	1	1
10200	-217.807544069758	6	3	1
10300	-226.160947715338	7	1	2
10400	-219.118851089929	5	4	3
10500	-227.726430055587	6	3	4
10600	-214.056345285432	5	4	0
10700	-229.393688575595	8	1	3
10800	-218.896910357717	6	3	3
10900	-224.172194070251	6	2	0
11000	-217.389516658159	5	1	0
11100	-220.933758880168	5	1	2
11200	-217.895495117748	4	7	0
11300	-224.870458363619	5	6	0
11400	-218.161279073298	6	4	1
11500	-221.963014338949	5	4	3
11600	-221.145576365886	4	5	1
11700	-224.530712180792	5	2	3
11800	-217.897881039126	6	1	0
11900	-224.518023450053	6	4	4
12000	-226.592423305973	8	1	2
12100	-227.722824003455	8	4	1
12200	-225.166410367743	6	3	0
12300	-217.197314928234	5	2	1
12400	-220.940566026031	5	3	2
12500	-221.534821776245	5	2	3
12600	-218.605598366837	4	3	4
12700	-218.912147029229	5	5	3
12800	-214.146120340367	4	3	3
12900	-218.063959732442	5	4	0
13000	-217.117763371604	4	3	1
13100	-219.893138089638	6	3	2
13200	-217.428733565054	5	2	1
13300	-219.878404362273	5	5	1
13400	-212.115754893213	4	1	1
13500	-213.971530725952	6	3	0
13600	-224.776342365063	8	3	1
13700	-215.155089279986	5	2	3
13800	-215.245728659559	7	3	2
13900	-224.947844802299	7	4	2
14000	-221.420409993317	7	4	2
14100	-216.039726992894	5	5	1
14200	-214.55272570861	3	2	3
14300	-218.960510759921	5	1	3
14400	-212.095788071102	5	3	3
14500	-228.561577864898	9	2	1
14600	-220.147773077569	3	1	4
14700	-220.283583780842	5	3	3
14800	-215.460172588616	4	3	1
14900	-222.877893146581	7	2	2
15000	-232.530601611822	9	1	1
15100	-217.72815601504	6	4	3
15200	-223.201482482845	5	2	3
15300	-218.709866658756	6	2	2
15400	-225.847994537562	6	1	3
15500	-217.910112172893	6	4	1
15600	-228.338388183618	8	2	2
15700	-226.477168187799	6	2	4
15800	-222.536226150256	7	1	2
15900	-221.776873817772	6	2	1
16000	-227.719595316615	6	2	0
16100	-211.363230877088	4	2	3
16200	-222.115197608879	9	3	2
16300	-223.745358940075	5	4	1
16400	-215.417305114179	5	2	3
16500	-212.744827068097	4	3	1
16600	-217.753081924115	6	3	2
16700	-217.378057656969	6	4	1
16800	-219.806940793101	5	3	3
16900	-213.037485697437	4	3	1
17000	-216.52485673019	6	5	1
17100	-217.728503343326	6	3	1
17200	-227.168548579021	7	2	2
17300	-219.393545799945	7	2	0
17400	-218.459250672145	5	2	0
17500	-220.506707449962	6	1	0
17600	-222.262042020466	7	4	2
17700	-224.055928462027	7	3	2
17800	-224.192765312808	6	3	4
17900	-212.293487762539	5	4	3
18000	-216.617118450294	5	3	2
18100	-220.112270935121	6	2	2
18200	-229.521968149749	6	1	2
18300	-225.774315910972	7	2	3
18400	-216.362205399416	4	2	1
18500	-212.566001815167	5	2	0
18600	-214.045470532005	4	4	2
18700	-214.228705685875	4	2	1
18800	-224.685499887217	5	2	1
18900	-215.130257925183	5	2	1
19000	-212.740324611106	4	4	1
19100	-218.319863972859	5	5	1
19200	-216.585612933583	4	3	4
19300	-215.921665591811	6	3	1
19400	-216.92360038448	5	4	1
19500	-220.166484544942	6	2	1
19600	-220.751121456278	7	3	3
19700	-216.088783166725	5	1	1
19800	-223.425532427524	5	2	2
19900	-216.654479468883	5	4	1
20000	-216.03135790984	4	4	0
20100	-226.636224811227	6	3	3
20200	-228.368461700119	8	1	3
20300	-218.002322126136	7	2	2
20400	-220.475867353256	6	3	1
20500	-220.779161070634	7	1	1
20600	-235.873353255829	7	5	2
20700	-216.021743498439	5	4	2
20800	-215.115297992243	5	3	0
20900	-223.760021849029	5	4	3
21000	-213.951512666054	4	2	1
21100	-217.04606508695	4	3	3
21200	-217.871560690102	4	1	3
21300	-222.498583156113	4	5	4
21400	-219.287426246516	4	5	2
21500	-222.573537802351	8	3	0
21600	-213.043298179101	5	3	1
21700	-222.18940339761	6	4	2
21800	-215.591275043648	5	2	3
21900	-230.84723276554	8	7	3
22000	-218.449282602267	5	4	2
22100	-222.172390645114	7	2	0
22200	-229.684922810318	9	4	2
22300	-223.990813464334	7	7	2
22400	-215.192726948947	6	2	2
22500	-225.734129440973	6	4	2
22600	-215.824020083757	4	4	1
22700	-224.05452387498	5	3	1
22800	-218.417256625448	6	1	2
22900	-214.968675686459	5	3	2
23000	-214.773952584241	5	3	1
23100	-222.973112707186	5	6	0
23200	-216.596175700941	5	3	2
23300	-223.565562156041	3	5	2
23400	-220.207877669365	6	5	0
23500	-212.394635184777	4	4	1
23600	-217.072432840662	5	2	1
23700	-222.129355859438	4	6	3
23800	-219.149387120226	5	5	4
23900	-224.230510853621	6	3	3
24000	-223.479495988754	6	3	2
24100	-228.145548391949	8	1	0
24200	-210.834560786822	4	2	2
24300	-218.725134532964	5	3	2
24400	-229.943130865307	7	2	1
24500	-218.814560552271	5	1	2
24600	-220.541209793195	6	5	2
24700	-224.975247778753	6	5	3
24800	-218.827201758295	5	1	2
24900	-216.144671709544	4	6	2
25000	-217.258998391453	4	2	0
25100	-228.087535539099	8	4	2
25200	-215.255212343629	3	2	1
25300	-224.726114131186	4	5	4
25400	-221.814774185608	3	2	2
25500	-225.399517675873	6	1	1
25600	-223.988416817211	7	3	2
25700	-212.346852783493	4	1	1
25800	-222.43810506572	4	4	3
25900	-222.385496426666	7	2	2
26000	-217.404274079609	7	4	1
26100	-213.670613738964	5	4	2
26200	-218.092207565985	6	1	1
26300	-217.67071656531	6	3	0
26400	-214.24998930767	5	4	1
26500	-214.432749386641	5	3	2
26600	-224.125413648422	8	4	1
26700	-216.364130578093	4	3	2
26800	-229.164735368003	6	3	2
26900	-220.817744994321	5	2	1
27000	-227.023230330724	6	4	4
27100	-212.634519120566	5	2	2
27200	-227.74068249281	6	1	3
27300	-218.043610618254	4	5	1
27400	-220.942542075077	6	3	2
27500	-221.717911523687	7	2	1
27600	-225.08751577478	5	2	3
27700	-217.262319507191	4	1	1
27800	-215.058557051088	6	1	1
27900	-223.56586863174	6	3	1
28000	-217.743382412077	5	3	3
28100	-216.619183393468	5	3	3
28200	-214.836535026894	5	1	1
28300	-222.805214983696	5	3	3
28400	-221.575017718009	4	2	4
28500	-231.642749600486	6	1	4
28600	-218.544089797621	5	2	2
28700	-223.967717109521	4	3	2
28800	-226.321772818763	6	3	3
28900	-229.702564241573	4	4	4
29000	-229.016332941315	7	5	2
29100	-221.781949906261	4	4	3
29200	-211.621169106931	5	2	1
29300	-233.40464040337	6	3	3
29400	-222.018886741835	6	1	1
29500	-215.720781085659	5	1	0
29600	-226.035939440356	5	4	2
29700	-213.857069385447	5	4	0
29800	-224.558186619695	7	1	2
29900	-216.484281226083	5	4	1
30000	-228.836530396381	6	5	2
30100	-219.575155349654	4	1	2
30200	-224.743132025059	5	2	2
30300	-220.801540511694	4	1	2
30400	-235.967100330155	8	2	2
30500	-226.522223502727	8	3	0
30600	-221.797243112179	5	6	3
30700	-220.265646970658	5	3	3
30800	-225.727033767792	8	2	2
30900	-212.431955182458	5	2	3
31000	-217.579289567454	5	4	3
31100	-225.404914669693	7	3	3
31200	-225.089401561607	8	7	2
31300	-217.839669004011	6	1	2
31400	-219.340685736017	6	4	2
31500	-223.582336900995	6	1	2
31600	-221.264065522558	5	2	1
31700	-222.385607904337	7	2	0
31800	-226.811248625621	7	3	1
31900	-213.000256702165	4	3	2
32000	-228.123368282878	5	4	1
32100	-215.896608427932	4	7	2
32200	-218.111995596936	5	3	2
32300	-234.457514730135	8	2	1
32400	-217.78810752048	5	1	1
32500	-229.259145591069	8	1	3
32600	-229.332161652111	8	1	4
32700	-220.308125662772	7	3	4
32800	-217.177785980518	4	2	1
32900	-217.262379631002	5	3	1
33000	-214.506833806078	5	2	0
33100	-216.823573785408	4	3	0
33200	-218.78635668846	6	4	1
33300	-223.906118138225	8	3	0
33400	-219.48312256698	7	3	2
33500	-219.437257131496	6	2	3
33600	-215.507602553447	5	2	1
33700	-231.674683804761	6	5	3
33800	-221.578037731159	6	1	2
33900	-223.377560577735	6	4	1
34000	-222.929862057174	6	6	2
34100	-219.206409712474	6	2	3
34200	-226.106022878611	7	2	0
34300	-221.637655074857	8	5	1
34400	-230.514490658465	8	4	3
34500	-216.354461382212	5	3	1
34600	-236.975937445092	11	4	2
34700	-221.591840579921	6	3	1
34800	-215.841182855665	5	3	0
34900	-228.573569351868	5	5	3
35000	-216.197768568447	3	2	3
35100	-221.963195390023	3	3	2
35200	-221.172861575961	2	4	4
35300	-224.838499316624	4	4	2
35400	-217.548625140894	5	4	1
35500	-222.148417169454	6	2	1
35600	-221.322853645436	5	2	2
35700	-219.153356529011	3	2	1
35800	-225.369032763572	3	3	0
35900	-222.088489480693	4	3	3
36000	-221.362262186766	6	4	2
36100	-219.510467402453	5	1	2
36200	-218.621461179009	7	4	1
36300	-218.407817293737	4	1	2
36400	-229.994997019759	5	1	3
36500	-227.279324220742	6	2	1
36600	-229.53243282758	7	1	3
36700	-221.601330680557	6	2	1
36800	-225.560184032355	4	4	3
36900	-226.134543211945	4	4	5
37000	-219.157455392543	4	4	4
37100	-218.66553872422	3	4	4
37200	-219.836795554088	5	4	2
37300	-220.251173242972	5	3	2
37400	-223.627968907556	8	3	2
37500	-226.983121978353	7	5	2
37600	-214.919877077111	4	6	2
37700	-228.075279768093	6	5	2
37800	-215.010555707542	6	2	1
37900	-216.960376457646	5	3	3
38000	-214.769622170277	4	1	1
38100	-225.193710807506	7	2	1
38200	-216.5453183631	6	2	1
38300	-226.263245969865	5	5	2
38400	-221.815762996954	5	4	2
38500	-220.350621082052	6	3	2
38600	-226.320541723386	7	5	1
38700	-212.369855586704	4	3	1
38800	-218.907505620956	5	2	2
38900	-229.086483306669	7	2	1
39000	-217.53785520257	4	2	2
39100	-221.318479241141	6	2	1
39200	-211.247727152428	4	4	2
39300	-222.94609310694	6	1	4
39400	-226.705577463909	7	1	2
39500	-223.400150326611	5	6	1
39600	-215.75636428152	6	2	1
39700	-223.295770667186	5	1	1
39800	-221.332906723586	6	4	2
39900	-223.938447154828	8	3	1
40000	-219.264962966267	6	4	1
40100	-233.386175290082	7	3	0
40200	-230.521671824483	8	4	2
40300	-212.239382799197	4	2	0
40400	-216.627733750301	4	4	0
40500	-224.476286245195	7	2	1
40600	-219.109961752489	6	4	2
40700	-225.472066751503	8	2	3
40800	-216.484314851538	5	5	1
40900	-238.720955842852	10	3	1
41000	-223.761968459503	4	3	1
41100	-233.590991005209	5	3	3
41200	-226.12520689265	4	3	3
41300	-228.285229692518	9	3	1
41400	-214.642204503412	4	3	0
41500	-221.296351679942	5	1	2
41600	-224.626870272507	6	1	3
41700	-212.002107886655	4	1	0
41800	-214.891619931752	5	3	2
41900	-219.70792852449	5	3	2
42000	-220.512204077962	4	2	4
42100	-223.056987351923	6	2	1
42200	-228.468267914533	6	4	4
42300	-219.190846589015	6	1	0
42400	-212.74520321996	4	3	1
42500	-222.670193603107	6	3	3
42600	-214.161793641893	4	2	2
42700	-214.606073946836	4	3	2
42800	-222.957911109981	7	6	0
42900	-223.590232322661	5	5	1
43000	-224.235753292447	6	2	3
43100	-217.312462879805	6	2	0
43200	-223.248255780676	5	4	1
43300	-221.064659040577	5	2	2
43400	-228.367900135904	7	2	2
43500	-220.019479125545	5	3	4
43600	-226.199356735722	6	3	1
43700	-226.562632255199	5	4	4
43800	-223.045284163363	7	3	1
43900	-226.014275608112	7	2	1
44000	-226.460826230553	6	4	1
44100	-223.300556709698	6	2	0
44200	-228.1083563206	7	5	3
44300	-211.331834369831	4	1	1
44400	-222.760469720659	6	1	4
44500	-215.674006116234	6	2	1
44600	-229.587532251116	7	2	3
44700	-221.313486173033	6	2	1
44800	-223.190198879294	6	2	0
44900	-216.532935056186	4	4	1
45000	-221.321141585444	6	4	0
45100	-227.149585746759	5	6	0
45200	-222.956789756646	7	2	1
45300	-224.041205000573	6	2	1
45400	-220.773568041933	6	3	0
45500	-221.004021313539	5	2	1
45600	-215.147128350927	3	2	1
45700	-221.574027668514	5	3	2
45800	-220.578727924094	5	2	1
45900	-221.530721504867	3	4	3
46000	-212.882308021018	3	2	1
46100	-228.219715453258	6	5	1
46200	-229.199735745323	6	3	1
46300	-224.162684073318	6	4	1
46400	-222.017441816644	5	1	2
46500	-218.821168458847	4	2	2
46600	-215.169758790456	5	2	1
46700	-226.575369181129	8	2	3
46800	-216.689337452442	5	2	0
46900	-212.363635070344	4	2	0
47000	-221.16471340589	6	3	2
47100	-225.557313779089	5	4	3
47200	-224.662489449119	7	2	4
47300	-221.40681439331	7	2	2
47400	-239.563908879435	9	5	4
47500	-216.79354333472	4	1	3
47600	-216.408965394198	5	5	2
47700	-219.176676930475	4	5	2
47800	-220.269960779305	5	2	2
47900	-226.752780667096	3	4	3
48000	-217.682988430299	3	2	0
48100	-222.351400780129	6	5	2
48200	-220.370506978705	5	4	3
48300	-220.879655407654	5	3	4
48400	-224.592253624492	3	2	4
48500	-225.370197092973	6	1	3
48600	-226.518486719485	6	2	2
48700	-226.575395346062	6	3	0
48800	-226.852343616972	5	3	1
48900	-217.769784037626	5	2	3
49000	-215.756110961177	3	2	3
49100	-217.80861712753	5	6	2
49200	-218.19897132633	5	3	1
49300	-210.039977145048	5	4	1
49400	-217.732376758074	5	2	2
49500	-216.468336238906	5	1	2
49600	-216.744143262049	3	2	4
49700	-215.428103913479	5	1	1
49800	-220.699636642467	6	3	3
49900	-230.177044219739	7	4	1
50000	-234.503534709734	3	7	5
50100	-226.67879564032	5	3	3
50200	-223.298080244565	4	1	1
50300	-221.397951258215	5	5	2
50400	-219.516944119397	4	4	1
50500	-218.261814522587	5	1	1
50600	-219.223141298762	6	4	2
50700	-214.69404415614	4	2	1
50800	-220.659181955849	3	3	4
50900	-218.879665552783	2	2	4
51000	-226.955219491853	4	6	2
51100	-225.011415018447	3	3	4
51200	-216.928352702107	3	4	2
51300	-222.839188017013	4	1	3
51400	-230.805474402057	7	1	3
51500	-219.340487547207	3	3	3
51600	-216.754995551306	4	2	1
51700	-221.44144852799	5	3	3
51800	-212.053396356712	3	3	4
51900	-219.349365611503	3	1	5
52000	-218.487514475671	3	3	2
52100	-217.636042290537	3	4	4
52200	-229.064199322834	3	5	3
52300	-216.937763490724	3	3	1
52400	-216.429579944288	3	3	3
52500	-219.067628441623	4	3	3
52600	-220.252802627008	4	4	4
52700	-221.846441015246	6	2	2
52800	-222.897663293701	6	2	0
52900	-222.056437942531	4	5	1
53000	-229.916455041624	5	3	1
53100	-215.820680097155	6	4	1
53200	-232.318211337118	9	1	2
53300	-215.24737589048	5	3	3
53400	-223.441334227632	8	3	1
53500	-231.518969412716	6	2	1
53600	-223.456629773846	5	2	2
53700	-219.1005326444	7	2	0
53800	-215.452263173192	4	3	2
53900	-220.797006380544	4	4	1
54000	-220.141355187534	6	5	3
54100	-228.980288151239	5	5	4
54200	-224.41702178567	6	6	2
54300	-227.130521304207	8	3	2
54400	-228.268150485295	8	4	2
54500	-218.833179389402	5	3	1
54600	-230.188917856901	7	3	3
54700	-226.299802154595	4	5	1
54800	-226.615043888987	5	5	1
54900	-221.979735192975	5	2	2
55000	-221.869947798979	6	6	1
55100	-222.944663682663	6	3	2
55200	-222.725603830641	6	2	3
55300	-224.109961216065	7	1	1
55400	-226.989063694355	7	3	2
55500	-220.465980559617	5	1	2
55600	-228.563343005722	6	1	2
55700	-219.575611953329	4	3	5
55800	-226.156125875404	6	1	5
55900	-221.979169641469	4	2	4
56000	-229.529329050318	7	8	1
56100	-220.990285436372	6	2	2
56200	-218.718966117383	7	2	1
56300	-235.425136099591	7	2	2
56400	-219.309021951565	6	3	1
56500	-219.602458844169	5	3	2
56600	-239.66636331164	8	6	1
56700	-218.848836373714	5	4	2
56800	-226.068835663636	7	2	2
56900	-220.609275865332	7	1	2
57000	-207.430385749101	4	3	2
57100	-217.9770417019	5	2	0
57200	-223.977198419638	5	1	4
57300	-222.638280375919	3	3	3
57400	-223.892858826872	4	1	4
57500	-229.672061133816	5	3	3
57600	-225.824227720098	6	2	1
57700	-217.380423164513	5	6	2
57800	-224.257318600746	4	2	3
57900	-215.083825848293	4	4	4
58000	-224.329305090493	6	3	2
58100	-225.90499949545	5	6	1
58200	-227.154289501491	5	7	1
58300	-224.044396599033	7	2	2
58400	-217.393763410106	4	2	2
58500	-235.709933004734	7	3	4
58600	-217.319847422328	5	2	2
58700	-219.022754916783	4	6	2
58800	-226.080651479848	4	2	5
58900	-224.130359517149	8	2	2
59000	-214.339252768376	4	4	1
59100	-222.251521196582	5	4	3
59200	-224.248133539009	6	2	1
59300	-219.367624711968	5	3	1
59400	-218.670915565948	3	4	2
59500	-223.908009105027	4	5	2
59600	-238.438639509472	7	6	1
59700	-225.749021176842	5	5	1
59800	-217.658309507589	3	3	1
59900	-221.153165030738	4	1	1
60000	-223.762205923444	6	2	2
60100	-222.251773528335	5	2	3
60200	-216.908283028549	3	2	2
60300	-233.90103945744	9	2	2
60400	-223.976283993926	4	2	3
60500	-223.838664845442	5	2	1
60600	-218.993945291798	3	4	3
60700	-218.853420413412	4	5	1
60800	-219.064281026165	5	1	2
60900	-226.418141648059	5	2	4
61000	-217.457936176027	5	3	1
61100	-212.431810727048	5	4	1
61200	-225.709183765846	4	4	4
61300	-215.897243943405	5	3	1
61400	-225.124797411311	6	3	1
61500	-226.65050933077	8	2	2
61600	-217.202402049712	4	3	1
61700	-222.991891718966	6	2	3
61800	-212.975126111595	5	2	0
61900	-214.542393814892	5	2	2
62000	-226.336529649477	7	5	1
62100	-224.539307840605	7	2	2
62200	-216.097770059412	5	3	1
62300	-212.807612192741	4	1	0
62400	-219.348826034835	6	4	1
62500	-227.86403432976	6	4	2
62600	-228.226987346561	7	3	2
62700	-223.406972126169	6	6	1
62800	-224.303122891171	5	4	1
62900	-216.263284745124	4	2	2
63000	-217.259431034689	6	1	0
63100	-234.576376279192	8	5	2
63200	-225.444007963515	6	3	3
63300	-216.478190456746	4	5	1
63400	-225.310362635868	7	2	2
63500	-219.974077008503	6	4	1
63600	-220.070859451413	4	5	2
63700	-224.416183990088	5	4	2
63800	-218.499323038582	5	4	2
63900	-224.643554729506	5	2	3
64000	-218.827443491241	4	2	2
64100	-220.486701055759	7	1	3
64200	-213.383402973322	4	2	3
64300	-215.733174782567	6	3	0
64400	-226.067717883306	6	3	2
64500	-223.953929588204	6	1	2
64600	-222.137214725959	4	3	1
64700	-218.907206791784	4	2	1
64800	-223.848083820643	4	2	1
64900	-219.484192069223	4	3	2
65000	-226.651572621528	5	2	3
65100	-222.589672930065	5	3	2
65200	-219.424769091027	5	4	1
65300	-223.342774282327	5	3	0
65400	-224.37574273737	7	2	2
65500	-223.203312661362	5	2	4
65600	-215.11542494663	5	3	2
65700	-229.645739188309	7	5	2
65800	-214.573865489332	4	3	1
65900	-213.986168367609	4	4	3
66000	-219.605271006919	6	2	1
66100	-216.110942062076	4	2	3
66200	-218.720620390258	6	5	2
66300	-227.196233412492	7	2	5
66400	-228.051404964291	7	7	2
66500	-218.176591522222	6	4	1
66600	-219.664953200278	6	3	0
66700	-214.824411281636	4	4	2
66800	-224.659139853895	7	4	2
66900	-214.132841318986	5	1	2
67000	-212.264587610647	4	3	1
67100	-216.056758889515	5	4	2
67200	-215.04044920419	3	5	3
67300	-222.059009937965	3	1	5
67400	-216.836941300814	3	4	5
67500	-216.672070866837	5	2	2
67600	-221.455907238292	7	1	1
67700	-222.904752427718	6	4	1
67800	-214.787397146604	5	2	2
67900	-226.750105146458	7	4	2
68000	-221.215428615024	5	3	2
68100	-220.420173931467	6	2	2
68200	-223.925912519212	5	1	2
68300	-224.828916244982	4	1	5
68400	-218.742295899671	5	3	3
68500	-223.424866980324	3	4	5
68600	-220.061728923774	4	4	2
68700	-223.10390833134	4	4	6
68800	-218.426498203758	5	4	4
68900	-218.419465883685	5	5	0
69000	-214.559536988024	5	2	1
69100	-214.12350473458	5	4	0
69200	-216.330681335851	5	3	2
69300	-216.219495559824	5	2	2
69400	-218.563655955484	6	2	2
69500	-218.146682878184	5	3	2
69600	-217.37790609153	5	6	1
69700	-219.893884769621	4	3	4
69800	-213.463712341846	4	4	1
69900	-219.608234496599	5	4	1
70000	-215.797424816818	5	2	1
70100	-219.129375966165	6	2	0
70200	-230.165333934312	8	2	2
70300	-218.131469375604	5	3	2
70400	-222.794733995421	5	3	2
70500	-220.246829458018	7	2	2
70600	-218.80899813016	5	1	1
70700	-212.598117482819	4	3	0
70800	-218.24069612873	6	2	3
70900	-217.014517411578	7	2	1
71000	-223.357806631794	5	3	4
71100	-217.339224410597	5	2	1
71200	-221.963788491629	5	2	1
71300	-229.232759194344	6	3	2
71400	-224.511344728357	6	5	2
71500	-230.555608936773	6	2	0
71600	-227.610891072721	9	3	2
71700	-212.418136044612	4	4	2
71800	-221.045821645228	7	2	1
71900	-221.786712720127	7	1	2
72000	-222.842117109711	4	4	2
72100	-227.26970146021	7	2	3
72200	-222.775912336138	4	1	3
72300	-219.105394187352	4	4	1
72400	-221.722950724774	4	1	2
72500	-227.763107405867	6	6	2
72600	-217.775651083002	3	2	2
72700	-228.170809746153	3	4	4
72800	-220.793226095842	5	1	2
72900	-221.059268027211	5	2	3
73000	-231.808214640583	3	2	3
73100	-215.901805015705	4	2	2
73200	-224.88292924829	2	5	3
73300	-215.805762337352	3	5	3
73400	-222.460652656652	3	4	5
73500	-222.699838593913	6	2	3
73600	-223.870576422405	5	2	2
73700	-229.12936669656	7	3	3
73800	-213.844671125911	4	4	2
73900	-224.99694641478	5	3	3
74000	-223.367126655424	5	3	3
74100	-226.409912766991	7	3	2
74200	-214.883379059724	4	3	3
74300	-223.891084235209	7	2	3
74400	-212.056264624608	5	3	1
74500	-218.219276899587	5	2	2
74600	-215.263862506569	5	2	1
74700	-216.836044413118	5	6	0
74800	-225.138443309098	7	4	2
74900	-218.527218202696	6	1	2
75000	-220.867164646391	6	1	2
75100	-223.921765320114	7	1	1
75200	-216.683881869316	4	2	0
75300	-224.397179915257	8	1	0
75400	-222.032233047721	6	2	3
75500	-226.366498551087	5	2	0
75600	-227.365370739788	6	5	2
75700	-221.47869445417	4	2	3
75800	-223.403775781447	6	2	1
75900	-223.37363470307	4	6	2
76000	-221.124495263705	2	4	5
76100	-223.816816419264	2	1	3
76200	-227.645460879131	2	7	5
76300	-216.943792647234	3	4	4
76400	-225.44974288629	4	3	1
76500	-221.454834581871	3	4	4
76600	-221.84345517723	3	1	3
76700	-222.460774055696	3	1	4
76800	-224.238379013125	3	5	3
76900	-232.019616846851	5	5	4
77000	-229.21578886749	5	5	4
77100	-223.543488597154	4	3	4
77200	-221.92713749555	5	5	2
77300	-221.789532045908	5	2	2
77400	-219.783903645394	4	5	3
77500	-221.444267987288	5	2	1
77600	-229.733639186184	5	6	3
77700	-230.451082831903	5	8	0
77800	-222.209903876817	6	3	2
77900	-215.244612785402	3	3	0
78000	-221.078136878278	5	5	2
78100	-225.185481705033	6	2	1
78200	-220.352239520611	6	2	2
78300	-224.47966201071	7	2	1
78400	-223.189389705518	6	4	1
78500	-221.744777765576	5	5	1
78600	-212.760288431119	5	2	0
78700	-213.448926445245	5	2	2
78800	-216.781296307992	5	2	1
78900	-220.655809979946	5	4	1
79000	-216.51415597202	3	4	3
79100	-226.476905516228	6	2	3
79200	-218.759980232933	7	2	2
79300	-218.994371227738	4	3	4
79400	-210.601169475572	4	2	2
79500	-225.411551226051	6	3	0
79600	-226.460777045471	8	5	2
79700	-216.757926431722	4	3	1
79800	-218.673003858449	7	1	2
79900	-215.633364676071	5	2	1
80000	-217.852200514967	6	3	2
80100	-231.407524058849	4	3	3
80200	-222.722251183116	4	2	1
80300	-230.621449927632	8	6	2
80400	-225.846487364702	6	4	1
80500	-216.77679686767	5	1	1
80600	-220.184979706611	6	3	0
80700	-224.062849753752	5	3	1
80800	-231.268131915168	6	9	2
80900	-226.471420811452	6	2	4
81000	-216.238753380363	5	1	0
81100	-214.296500202145	4	1	2
81200	-221.94931882352	6	2	3
81300	-222.880386497427	5	3	2
81400	-217.363654171458	4	2	5
81500	-216.855602893301	4	3	2
81600	-220.150387511581	7	2	1
81700	-215.429386350489	5	5	1
81800	-234.379559704723	8	5	1
81900	-222.812966747184	6	2	3
82000	-219.640794497606	7	2	0
82100	-219.174683484366	5	3	1
82200	-216.111863054351	5	3	1
82300	-223.810323427163	7	3	1
82400	-223.135526344346	6	3	1
82500	-233.871516316431	7	3	4
82600	-225.539629531199	5	1	3
82700	-219.555808208574	5	2	1
82800	-221.470398381629	4	2	1
82900	-219.691277025786	4	1	3
83000	-224.528803035747	4	5	1
83100	-217.051527860384	3	3	2
83200	-223.393906502743	3	6	3
83300	-224.090787228967	6	1	1
83400	-225.012876643221	5	4	1
83500	-210.268801555991	4	3	1
83600	-215.110894455976	3	4	1
83700	-214.75671161444	3	3	2
83800	-221.423886243895	5	2	1
83900	-216.957653742372	5	2	0
84000	-217.480318525325	2	4	4
84100	-216.343158415612	3	3	4
84200	-227.733920777249	2	7	4
84300	-225.00503718541	3	3	5
84400	-220.761287868926	4	2	4
84500	-235.743981414501	6	5	3
84600	-220.730832876939	3	3	2
84700	-221.053507899826	4	1	2
84800	-214.578145027778	4	4	1
84900	-222.125866172049	7	2	1
85000	-214.801832065948	4	2	0
85100	-225.382870503811	6	5	2
85200	-221.958554241223	7	4	0
85300	-230.200093452358	7	5	1
85400	-220.79887498927	6	2	2
85500	-218.714536723204	6	8	1
85600	-218.987030116887	5	4	3
85700	-226.33848194634	8	2	1
85800	-222.425192434331	5	6	1
85900	-214.778990597206	4	2	4
86000	-213.163800532713	5	3	2
86100	-219.341896347661	5	6	1
86200	-224.895795200057	8	2	1
86300	-210.27666391115	4	3	2
86400	-223.786328281111	8	3	3
86500	-223.239837083337	6	4	3
86600	-215.116460666624	4	2	1
86700	-220.109820748715	6	2	0
86800	-215.435730230928	5	2	1
86900	-215.101522855043	4	3	2
87000	-216.880737160759	6	3	2
87100	-224.732354083319	6	5	1
87200	-225.804786172182	6	1	0
87300	-220.104607404456	5	3	3
87400	-212.352137272224	4	2	1
87500	-227.0111571627	7	1	0
87600	-213.639911394829	5	3	2
87700	-211.15823286679	4	2	2
87800	-220.336959147131	5	1	3
87900	-220.16626348917	5	3	2
88000	-220.807093123882	6	2	1
88100	-224.399250428115	6	1	2
88200	-221.866755066548	4	4	3
88300	-226.706433773527	4	3	2
88400	-225.624913350719	5	8	2
88500	-221.087326170012	5	3	1
88600	-223.629582609347	5	6	2
88700	-217.646720529271	5	2	1
88800	-214.905758236168	5	1	2
88900	-210.94721278297	5	4	1
89000	-211.547973684117	4	4	2
89100	-216.606970513767	5	3	2
89200	-221.332060668666	5	6	1
89300	-220.160844972514	7	4	2
89400	-219.306354806579	4	2	1
89500	-226.829116210882	6	4	2
89600	-219.440674518179	5	4	2
89700	-220.030408626651	5	2	1
89800	-226.509474110243	7	2	1
89900	-222.128005906819	5	1	1
90000	-224.486524036699	4	2	1
90100	-231.255327764039	5	4	2
90200	-225.506206209139	6	1	0
90300	-223.907956189981	2	4	3
90400	-228.379059767706	5	6	3
90500	-220.670440822685	4	2	0
90600	-224.446496509903	6	1	1
90700	-220.13344477528	4	3	3
90800	-227.812009552197	5	2	3
90900	-225.401687333114	5	5	1
91000	-224.170630493954	5	4	0
91100	-224.22259770415	3	4	2
91200	-223.549388938229	5	4	1
91300	-230.683288406414	5	3	3
91400	-231.854764154375	6	4	3
91500	-218.072028959129	4	4	1
91600	-221.183288084333	3	1	3
91700	-221.036386829013	6	2	3
91800	-232.71486799963	5	4	4
91900	-222.055905616319	3	7	2
92000	-234.103563431587	7	2	2
92100	-219.311273381165	5	3	1
92200	-226.56470106606	5	2	1
92300	-213.197559587662	4	2	0
92400	-226.633538258181	6	5	2
92500	-222.737830693009	6	5	1
92600	-224.681468247316	6	6	3
92700	-218.126964002359	5	1	1
92800	-212.079372760636	5	1	1
92900	-219.21012252554	5	3	1
93000	-223.286936461959	7	4	2
93100	-237.185379939413	7	6	2
93200	-215.24069948669	4	5	2
93300	-219.325535432799	5	3	1
93400	-222.964160712352	7	2	2
93500	-232.779114851716	8	3	3
93600	-221.874252162878	7	2	1
93700	-221.959351665893	6	4	3
93800	-224.917838439339	4	3	1
93900	-231.056175955	3	4	2
94000	-221.936882731501	4	5	2
94100	-224.49612516963	4	1	0
94200	-223.663705961083	4	6	1
94300	-222.548866554268	3	3	2
94400	-223.643956134597	5	1	2
94500	-214.053015498872	3	1	1
94600	-221.882268522073	5	2	1
94700	-222.961330568447	5	2	2
94800	-227.82677496871	5	2	2
94900	-226.851096732406	6	5	0
95000	-225.397574933546	5	3	4
95100	-229.753605373863	5	2	0
95200	-223.082535700319	5	3	0
95300	-232.895535805563	4	5	3
95400	-222.699690859213	4	3	3
95500	-236.638801374695	7	4	2
95600	-229.267966356581	4	5	1
95700	-220.738992656445	3	2	1
95800	-221.022771097088	5	5	1
95900	-215.245321362659	3	2	2
96000	-225.664694035089	6	2	4
96100	-225.699523836865	6	2	3
96200	-216.228648792706	4	3	2
96300	-215.579407481792	5	4	1
96400	-228.100997834803	7	7	1
96500	-210.658346597838	4	3	1
96600	-223.137467874964	7	3	1
96700	-212.191089428181	4	2	1
96800	-222.036169080798	5	2	3
96900	-221.478212836076	4	7	1
97000	-226.22326194486	6	3	4
97100	-230.089326276491	7	4	3
97200	-223.492180152029	5	3	2
97300	-222.182666507631	6	4	2
97400	-218.447245970349	3	1	2
97500	-221.72183071208	6	2	2
97600	-232.245300595899	7	3	2
97700	-223.387692575609	4	1	2
97800	-214.681535909095	5	2	1
97900	-231.831769205455	7	5	1
98000	-225.635950157346	3	3	3
98100	-221.020684968985	4	3	1
98200	-221.212636075618	5	2	2
98300	-222.946983357803	6	2	1
98400	-229.280257010201	7	2	1
98500	-222.940573296671	2	3	4
98600	-218.698457556052	3	3	4
98700	-220.867870701241	3	2	3
98800	-217.774448089478	5	2	2
98900	-216.762955164161	4	6	2
99000	-221.896567033085	6	2	2
99100	-219.987553644133	6	3	2
99200	-230.970861517069	4	6	1
99300	-217.909718856709	4	3	2
99400	-218.351665118472	4	5	1
99500	-231.834323800732	7	2	1
99600	-224.578017465756	6	2	2
99700	-226.021233149059	6	3	2
99800	-221.460906471537	5	3	1
99900	-224.607074242189	6	3	1
1e+05	-237.225463554902	7	6	3
100100	-215.379960522768	3	2	0
100200	-218.984064853205	4	4	1
100300	-221.40975029988	4	3	1
100400	-219.190496300133	4	3	0
100500	-227.336586851479	5	5	3
100600	-222.777403714791	4	2	1
100700	-223.950185764392	3	4	1
100800	-226.389481494931	5	2	3
100900	-232.540517067756	7	3	3
101000	-233.098778050635	8	2	3
101100	-216.026109362543	5	2	2
101200	-229.446483124533	8	3	3
101300	-216.919458615244	5	2	1
101400	-218.056772587041	7	1	2
101500	-221.246020401012	5	2	3
101600	-214.182841639596	4	1	2
101700	-217.975654196344	4	3	2
101800	-221.995987453089	4	3	1
101900	-217.438379919367	5	2	2
102000	-228.4721965334	6	2	1
102100	-222.007887400842	3	1	0
102200	-223.769766049463	4	5	3
102300	-222.034770992352	5	4	2
102400	-228.472794735025	7	3	1
102500	-218.723731740285	5	3	2
102600	-219.743358717728	7	3	2
102700	-224.207605650934	7	5	0
102800	-216.618064978434	7	3	1
102900	-217.894462854842	6	3	1
103000	-226.144239884312	4	2	1
103100	-226.051383100216	6	2	0
103200	-222.497396467414	5	6	2
103300	-230.3163731157	5	5	3
103400	-219.085233782253	5	2	2
103500	-227.07125639552	7	4	1
103600	-214.691036775796	5	5	1
103700	-219.792843360354	6	3	0
103800	-227.854146564612	4	5	2
103900	-222.015304670535	5	1	2
104000	-224.448421765062	5	1	3
104100	-221.364452442325	3	2	0
104200	-217.085541248571	6	3	1
104300	-229.654100497662	8	3	2
104400	-224.253184619168	5	1	2
104500	-226.990964300234	7	2	1
104600	-227.353695852228	7	2	1
104700	-218.064767365374	4	3	2
104800	-217.747336136537	4	1	3
104900	-240.613967752704	7	2	4
105000	-221.279412370805	5	4	2
105100	-216.692010064612	4	2	1
105200	-222.686778043494	5	3	2
105300	-220.758145053691	5	3	2
105400	-220.039160786811	5	5	2
105500	-220.864971332475	7	7	2
105600	-218.987238174803	4	3	3
105700	-216.768425589981	3	1	5
105800	-214.697514143785	4	3	3
105900	-215.181609825036	4	2	2
106000	-220.446821284821	6	2	2
106100	-232.194595607348	5	3	0
106200	-221.844447429985	4	2	3
106300	-225.462297280583	6	3	2
106400	-221.884587182158	5	4	1
106500	-224.428167035717	5	4	2
106600	-213.376448200106	4	2	2
106700	-222.591527037984	7	2	2
106800	-231.957782376623	6	5	1
106900	-225.957747415549	5	3	4
107000	-224.988873508476	7	4	1
107100	-226.060486846264	6	3	1
107200	-218.386428988496	7	3	2
107300	-221.383046288613	5	3	4
107400	-213.758254647237	5	1	1
107500	-225.507033341475	6	3	2
107600	-233.721299517592	8	2	2
107700	-223.111439089868	6	5	1
107800	-217.459003186975	5	3	2
107900	-222.452756270403	6	6	1
108000	-215.907829519987	5	1	1
108100	-214.530062753889	5	1	1
108200	-222.835508615325	7	1	2
108300	-218.281665099655	6	2	1
108400	-220.119192951859	5	4	1
108500	-217.506185137238	4	2	3
108600	-228.229260432936	8	2	1
108700	-219.142127172849	6	2	3
108800	-224.415130704074	7	2	2
108900	-221.044058750911	5	5	1
109000	-223.78098589861	5	2	1
109100	-228.584418973484	7	2	2
109200	-224.245449666281	6	3	1
109300	-216.119503293978	5	1	2
109400	-222.241736241598	6	3	3
109500	-221.568862359024	6	2	1
109600	-213.994730814927	5	2	1
109700	-223.109735578102	4	2	1
109800	-228.856120113642	5	5	1
109900	-225.007516698326	6	4	0
110000	-220.074273764995	3	5	3
110100	-224.633387451665	4	2	1
110200	-214.949303443778	3	2	0
110300	-224.817703189891	6	2	1
110400	-220.605693611301	5	5	2
110500	-228.073803641504	7	1	1
110600	-220.561987421222	5	1	1
110700	-218.984392423298	6	2	0
110800	-226.208995958203	7	1	1
110900	-224.672665730151	4	9	2
111000	-220.487845123439	6	2	1
111100	-218.867605048289	5	3	2
111200	-214.721099267519	6	3	1
111300	-217.130485813698	4	5	2
111400	-221.891026380204	7	4	2
111500	-224.795807198291	6	2	2
111600	-220.890299716257	5	2	1
111700	-226.64594629359	4	1	1
111800	-218.491250398343	3	4	0
111900	-215.631503694746	3	3	1
112000	-221.364360240274	5	1	1
112100	-231.053764291638	7	2	0
112200	-217.341031179488	4	1	0
112300	-224.94170723162	5	3	5
112400	-224.192221511694	5	2	1
112500	-221.371754971339	4	3	4
112600	-228.997858072559	4	5	2
112700	-230.079531781436	7	3	3
112800	-220.501550502154	4	2	0
112900	-231.482572143012	7	2	2
113000	-223.084761802065	5	4	0
113100	-222.682120746952	5	2	3
113200	-232.731297423073	6	3	3
113300	-223.081474183924	6	3	2
113400	-218.721274479244	5	2	0
113500	-214.845470596275	4	1	1
113600	-218.129053931563	6	3	2
113700	-227.296185248558	6	1	3
113800	-219.008751954223	4	2	2
113900	-220.91458947713	4	4	1
114000	-217.391481829859	4	4	1
114100	-227.299567307473	5	5	1
114200	-219.373650716774	4	2	3
114300	-216.281529062454	5	1	1
114400	-229.146938398517	7	9	1
114500	-217.303207489895	6	3	0
114600	-218.507189195139	5	2	2
114700	-233.995231751601	10	4	1
114800	-227.463522648933	6	3	2
114900	-222.723391544912	6	2	3
115000	-225.33095459302	8	2	2
115100	-240.199481108459	9	5	1
115200	-217.461988190924	6	1	0
115300	-223.849187425756	4	1	2
115400	-218.272629882494	3	3	3
115500	-219.812673239113	4	2	1
115600	-223.591713028143	4	1	2
115700	-215.776298566919	3	4	0
115800	-219.525585874794	4	1	2
115900	-218.619910081606	3	2	3
116000	-220.076622162583	4	3	1
116100	-219.822869470747	4	4	2
116200	-223.22291131435	5	5	3
116300	-213.216090944658	4	2	1
116400	-227.816235738855	7	4	1
116500	-215.190842491619	5	1	3
116600	-225.891432153206	7	4	1
116700	-224.183896968717	6	3	2
116800	-214.209842771894	6	3	1
116900	-214.443097767607	5	3	2
117000	-215.573076912715	5	5	2
117100	-219.867764618761	6	3	1
117200	-223.625286937628	5	2	4
117300	-224.255357315547	5	2	2
117400	-219.530319799873	6	2	0
117500	-219.047371684743	4	2	2
117600	-223.565472093555	6	2	1
117700	-215.215105107372	5	2	2
117800	-223.49103671555	7	4	2
117900	-214.47974054941	4	3	3
118000	-225.939621305277	5	4	2
118100	-219.370257559405	6	2	3
118200	-220.429587773646	5	2	3
118300	-223.764194066433	6	4	0
118400	-214.59279497128	4	2	0
118500	-223.95290031438	6	2	4
118600	-233.298422226549	8	3	1
118700	-234.934801950965	9	3	1
118800	-216.302467674219	6	2	1
118900	-219.576279517813	7	3	1
119000	-222.79824226754	6	5	2
119100	-225.620003750764	6	4	1
119200	-214.633737045475	4	6	0
119300	-217.597717215122	4	2	2
119400	-226.311964246545	5	1	2
119500	-213.57236248385	6	3	0
119600	-215.304165615734	4	3	3
119700	-214.44676400358	4	3	2
119800	-221.73404579395	5	3	1
119900	-218.73719447926	6	5	1
120000	-223.689561373139	5	1	1
120100	-214.385357313149	5	4	1
120200	-220.548246470575	6	2	2
120300	-212.602013436675	4	3	1
120400	-220.79250692023	6	1	2
120500	-226.005026858061	6	2	4
120600	-218.042956295135	7	1	1
120700	-219.147664836457	6	5	1
120800	-216.492622281299	5	2	3
120900	-219.340877290763	4	1	2
121000	-222.031564010607	7	2	1
121100	-214.454713542775	5	5	1
121200	-222.456577680996	7	4	1
121300	-217.983367141541	5	3	0
121400	-220.289401340784	4	2	3
121500	-226.877409186438	7	3	1
121600	-232.492617052193	7	3	0
121700	-220.148796433149	4	1	1
121800	-217.295157465687	5	4	2
121900	-212.734083506272	4	4	0
122000	-225.339644208632	8	2	3
122100	-224.605452114645	7	6	4
122200	-220.106347998667	7	2	1
122300	-220.495638523347	6	4	2
122400	-232.712617905946	9	1	1
122500	-219.063375023506	6	3	1
122600	-222.781575022622	6	1	4
122700	-228.669069262911	7	2	1
122800	-220.374471247924	4	2	1
122900	-217.049640927768	4	3	1
123000	-225.750422275069	7	2	2
123100	-223.002022585642	3	2	3
123200	-224.412049488374	5	3	3
123300	-242.98902139026	9	4	4
123400	-220.816995256221	5	4	1
123500	-223.046476899968	6	3	1
123600	-223.09982075111	3	3	4
123700	-224.194734168761	4	3	3
123800	-217.981527847578	4	3	1
123900	-229.546508740846	3	6	3
124000	-221.286985744881	4	7	1
124100	-227.517905824848	6	1	2
124200	-219.308918676585	4	2	0
124300	-221.07718780958	5	4	2
124400	-220.203554674343	5	2	1
124500	-226.313926046302	6	4	0
124600	-225.033513605999	6	3	2
124700	-211.570473142991	5	2	0
124800	-235.004361347698	7	3	3
124900	-222.902953295604	5	3	0
125000	-221.21407661099	4	4	0
125100	-224.322219025119	5	1	1
125200	-225.922278837855	4	5	3
125300	-226.244255976385	4	3	3
125400	-219.042474241869	4	6	2
125500	-211.285708826923	4	2	1
125600	-219.655724701367	5	7	2
125700	-218.636364238204	4	4	2
125800	-221.697357933612	6	3	2
125900	-219.869994886397	5	2	4
126000	-219.613853729489	5	4	2
126100	-218.152265641916	5	2	1
126200	-229.967285525229	6	5	2
126300	-217.915222063691	5	5	3
126400	-217.679757511696	6	3	0
126500	-213.146490653506	4	3	1
126600	-230.40079192384	7	5	1
126700	-221.229220349979	8	3	1
126800	-218.938135863218	4	4	3
126900	-220.00383247037	5	6	0
127000	-219.029516908273	6	3	1
127100	-229.836450536221	6	3	2
127200	-216.950137648771	4	4	2
127300	-224.27137657839	5	5	1
127400	-222.589438713175	2	3	5
127500	-227.566972364494	2	3	2
127600	-219.907790928677	3	1	4
127700	-226.377611140713	4	5	5
127800	-229.237384287363	6	6	5
127900	-219.582470873964	4	5	1
128000	-214.8669084337	5	3	3
128100	-223.720313083442	5	3	3
128200	-216.499575987111	5	4	1
128300	-222.302859158272	4	3	2
128400	-219.898429130735	4	4	2
128500	-230.59403412135	6	3	4
128600	-217.571493546982	4	3	2
128700	-220.882919038178	5	4	0
128800	-214.570159382127	4	2	0
128900	-214.047486124802	5	3	2
129000	-226.861931326819	7	3	3
129100	-218.888693795187	5	3	2
129200	-214.628925251915	5	2	2
129300	-218.62594471573	6	3	1
129400	-229.257806635865	7	4	4
129500	-241.969321505098	8	5	1
129600	-227.708785176271	6	3	3
129700	-219.175512135775	6	2	2
129800	-218.179853867569	5	3	0
129900	-221.290832042765	5	3	3
130000	-231.005451911897	9	3	1
130100	-222.679428302866	6	1	2
130200	-214.555447196215	4	2	3
130300	-223.148185456782	7	5	1
130400	-211.688234323312	4	1	1
130500	-217.369894984935	5	2	2
130600	-210.57291733963	4	4	0
130700	-217.686870029085	6	2	0
130800	-229.055613570281	9	2	1
130900	-217.703670673361	7	3	1
131000	-221.818374737886	6	2	2
131100	-223.188771597256	8	3	2
131200	-221.393943149861	5	3	4
131300	-218.299478243269	6	4	2
131400	-218.971430546296	4	5	3
131500	-223.668613364168	2	4	5
131600	-227.347871736376	3	2	4
131700	-223.364058027473	2	2	4
131800	-221.067544143667	3	4	4
131900	-228.426294784748	5	3	2
132000	-225.04756293893	6	3	3
132100	-223.952413037004	4	3	2
132200	-233.07741793401	6	5	0
132300	-223.681621247318	6	4	2
132400	-210.610245430458	4	2	2
132500	-222.407646665383	5	2	3
132600	-226.552741345812	4	6	3
132700	-218.087959371134	5	2	1
132800	-220.177852315988	7	3	2
132900	-210.032832860569	4	3	1
133000	-221.041757965466	6	1	2
133100	-220.007016662338	4	3	0
133200	-234.777365096721	6	5	1
133300	-223.678203536347	7	3	0
133400	-212.71690244511	4	3	1
133500	-215.75387980386	6	3	0
133600	-223.315386302429	7	3	2
133700	-223.131856308955	5	1	2
133800	-226.824902469381	4	2	3
133900	-222.639776438848	6	5	1
134000	-220.725106547653	6	2	1
