SpeciationRateChanges
18.41511	21.8042	7.60558
16.24819	22.14833	14.03343
19.57517	22.25547
22.53841	15.31338
22.34666	16.67824	24.19729	6.90205	2.869981	12.3917
21.38764	16.71228	24.07033	22.82774	15.49036	6.970915
22.05993	24.12888	17.81381	16.33509	8.694596
22.06137	24.12888	17.034	9.651614
21.78145	24.12888	18.88686	11.83567	14.29309	1.361448
20.89178	24.03278	16.78782	15.53542
22.24487	24.07152	15.47636	2.016999	11.73247
24.07152	18.57433	22.06507	15.72815	5.612924
24.10849	22.11682	17.11824	10.15165	13.64202
24.17183	22.12356	18.63158	22.24261
23.97049	18.47139	21.06487
23.96628	17.8201	21.88044	21.95637
24.09468	13.3288	22.15896
24.19136	17.97144	22.15126	7.524671	21.39211
23.97144	21.49514	0.6878453	23.03423	20.03903	21.70286
23.97254	17.72288	22.14116	16.03639	0.2728762
23.97254	18.04997	22.04488	6.054762
23.97254	16.54727	21.11654	1.660259
23.97254	18.27836	21.1378
24.00187	18.12508	21.08879	14.40387
23.95346	18.4102	4.831351	22.33522	21.47433
23.94149	18.40589	5.470525	21.32617
23.94149	15.42272	20.56644	2.521346
23.94813	17.28415	22.42367	16.15396	11.29674	14.56934
24.0163	16.44358	21.80171	22.80761	3.942233
24.0163	16.15177	22.04654	8.501959	7.621857
23.98703	18.20163	21.96358	12.56331
23.98703	17.22296	22.11689	16.55181
23.98703	18.71884	21.53119
24.25695	14.44951	21.63369
24.0036	18.03635	21.66091
24.29424	18.96726	20.71358
23.9979	16.56705	21.63183
23.94853	18.7264	21.74115	5.055944
24.09905	18.26051	21.06291
24.04223	18.66617	20.685	6.89456
24.01741	18.30067	20.83466	11.03764	3.260247
24.05366	18.78089	21.67274
24.04479	10.95418	22.12905	5.380187	9.033274	2.208232
24.03761	17.48394	21.36885	0.3385849	12.20816	11.67991
24.04312	15.0324	22.41102	12.16308
23.98654	18.41902	22.13631	11.2291	16.0538
24.07029	22.20231	13.45602	17.90399	17.26942	14.69684
24.07029	19.02551	5.359248	22.19566	14.14885	15.97142	13.48209
24.07029	18.38413	2.721979	21.70625	3.35167	1.449441
24.04534	18.20064	21.65698	13.76666	15.00939
24.04534	21.73713	18.78345	8.915416	5.327321
24.04534	21.85838	17.27432	3.048993
23.96031	18.1118	22.17266	7.616372
24.20683	18.35083	22.40805
24.18294	18.07925	21.50781	0.7150473
23.96815	16.92547	22.09974
23.97541	22.25382	16.40664	13.69929
23.97541	21.01886	18.4644	23.40257
23.97541	18.26778	21.76618
24.01183	18.43469	21.58868
23.95306	16.43191	21.38999	5.404098
23.99225	18.25747	22.01695
24.11316	18.29937	21.57225	2.907811
18.47187	23.96659	5.531384	21.57896
18.38234	23.96659	21.76082
16.87224	23.83259	22.31668
10.98009	24.15403	22.24526
18.23422	24.04659	22.13213	9.273386
18.30758	24.08642	22.38648	7.181587	13.33797
23.94416	16.07746	21.22643
23.94416	20.88759	6.48581	19.29934	17.97173
23.952	0.6126747	22.26923
24.01961	21.73113	1.859237
22.30864	18.47083	5.610225
22.38382	16.67052	1.657738	2.387055
22.3772	18.74228
22.05625	15.36162
22.23383	15.44085	21.08036
21.73273	13.49903	17.9158
22.54451	17.90026	6.124554	10.84838
22.34347	17.2526	15.15073	11.69427	3.864308
22.1339	18.36686	15.86791	10.44366	20.20886
22.32405	18.21924
21.70617	19.25732	23.99312	12.52861	4.026457
21.36627	16.17988	23.93913	9.328915
18.11568	23.93913	11.49574	20.90003
17.18156	23.93913	21.49661	3.52031	14.25338
18.15874	23.93913	5.499255	21.02692
17.89738	23.93913	21.72195	8.657929	14.85779
23.93913	21.57153	18.27631	16.28745
24.09542	22.07724	16.09168
24.17682	20.64259	7.423184	6.372667	22.8055
23.95684	17.81509	13.00464	14.69846	21.53858
24.0335	17.20984	21.91732	7.676444	7.560862
24.01043	17.33501	21.36331	5.343279
24.0931	17.33761	21.76674	8.702196	7.691801	5.157573
23.95799	15.69885	21.09659	22.57133
24.02984	21.68364	17.35193	13.3071	2.125518
24.02659	21.88022	18.48201	2.338093
18.00115	23.95498	21.9355	7.918462	13.27548	13.46649
18.26475	23.95498	21.11228	2.481899	11.43401	9.644932
17.22662	23.95498	22.03851	9.384212	15.68985
17.55735	23.95498	21.32288	4.74149	3.27242	1.76584
16.57648	23.95498	20.78326	21.89717
17.13936	23.95498	19.48574	22.12094	7.682645
23.95498	18.07845	22.33947	7.987756
23.96028	18.58228	22.26334	12.8796	2.696787	3.649262	21.55949
23.96309	21.65257	19.08287	7.721514	9.799023
23.96309	18.7404	22.05774	22.20402	2.642801
23.94915	17.85528	21.29203	8.573265
23.94915	19.03003	21.37782	7.552404
23.94915	18.80432	22.33602
23.94915	18.03868	21.5079	15.467
23.94915	18.25195	21.86782	14.56205	12.28381
23.97404	16.49913	22.24604	7.227706
24.02286	19.47755	20.98719
24.03738	10.28321	21.17493	2.224958
24.13595	21.76061	18.3137	4.442015	15.95501
24.31699	21.92305	20.00787	11.67731	6.233313
23.96643	18.10128	13.06841	21.32629	17.67567	7.064964	8.579613
23.96643	19.07447	21.10454	22.11798	16.98572	5.531755	18.78592
23.96643	18.38873	21.90093	23.95391	21.6073
24.07058	17.19377	21.69553	4.398812
24.03449	18.20435	22.4665	4.438539
24.03449	22.19565	16.0047	11.97508
24.03449	21.70074	23.44059
24.00772	21.11026	9.343686	8.876496
24.02285	15.69947	21.77587
24.02285	18.84471	21.71078	18.18868
24.02285	17.83185	21.71597
24.02285	17.28727	21.69313	2.496706	16.69242
24.02285	22.54893	16.63214	8.429479
24.07789	22.08555	18.5742	4.84157
24.07972	18.58176	21.70616
23.94618	17.25376	22.26429	2.931487	2.288386
23.94618	17.8827	0.5266031	20.88874	6.58693	6.183034	16.5028
23.94618	14.1197	21.58133	14.04942
23.94618	16.79441	21.70011	6.567412	14.12764	4.234622
23.94618	17.91024	22.30525	2.493102	12.9956	12.29648
24.08047	18.31968	21.72103	5.902268	3.430277	11.66457
24.08047	18.242	22.29583	6.438775
23.92824	22.07034
23.99711	20.76807	0.1794119	21.93246
23.99711	17.4201	22.00654	0.9786003
23.99711	18.37567	21.65368	23.8046	1.773412	2.795679	7.984509	14.81524
23.99711	22.52903
23.96507	22.07126	18.33171	3.012725
23.9511	22.10244	18.1862
23.9576	21.15041	18.09214	7.960903	17.24289	6.908739
23.9576	23.36952	22.16469	16.86421	22.64857	15.88351	0.7019016	14.98484
23.9576	15.17982	22.07177	23.48946	14.73814
23.99987	9.928852	21.04872	9.789298
23.98522	20.65083	18.18757	12.77263	1.959921
23.98522	18.03178	22.54131	21.69439	3.274363
23.98522	13.95387	22.04274	22.86994	3.395166
23.98522	16.27549	21.53967	1.690733	16.04251	0.06181171	1.839131
24.04057	19.03147	21.09955	12.91997	15.11268
24.04432	18.37679	21.66064	7.152196	5.119533	3.38886
23.9543	18.88382	21.70776	23.03616	8.70895
24.07385	18.518	22.29118	21.09452	10.39089
23.95358	15.62013	21.73302
23.95358	22.08387	9.76031	3.231121	1.139875	17.98457	10.56664	23.47378
23.95358	16.7427	6.511925	22.97438
23.95358	16.88365	21.64399	4.559837
23.95358	13.92777	21.805
23.98947	18.46775	21.6509	11.01714	11.92565
23.94335	18.38664	22.40453	13.15785	21.39393
23.94335	18.36908	20.79905	17.50301
23.94335	16.73526	21.89407
23.96119	18.18886	21.75905	3.993472	4.137548
23.96119	18.21636	21.31903	6.005292	0.5834123
23.94997	19.90919	21.67881	3.401492	0.5890181	8.732546
24.00231	21.08986	18.46669	22.44476	12.65298	1.012924
24.00231	17.89588	21.72254	15.43823
24.13579	18.39336	22.37104	3.618276	0.02803384
24.03551	17.9251	20.82299	22.03176	10.81104	1.516349
24.04608	13.35528	21.74185	12.29956	23.04942	6.643764
23.92745	11.63455	21.09257	21.42213	11.28323
23.95052	11.25439	21.39219	8.665426
23.95052	17.12204	20.85116	17.07329
24.09787	17.52951	21.49089	10.79531	4.985905
23.92105	14.14314	22.39233	7.85205	2.230351
24.13918	16.29809	22.26096	4.548537	3.640883	14.16649
24.01781	18.46605	22.31485
24.01781	18.4557	3.272726	21.70873
24.06078	11.18074	21.92571
24.07176	20.84636	17.0683
23.95101	18.4401	22.23362	9.081487
24.02115	22.01107	18.46871	11.27946
24.02115	22.34412	17.01641
24.01298	19.00364	21.75546	0.3474939
23.97173	18.04914	22.03188
23.97173	18.35355	21.77388	17.75314	4.263666
24.03162	18.21369	21.45119	6.621679
24.04845	19.52755	21.2589	15.22881	10.66618
24.04845	21.14917	18.14596	13.85556	9.119201	4.777873
24.02837	16.56269	2.883104	21.3464
24.02837	1.982858	0.4089932	5.166158
23.96797	18.47812	21.75663	13.00507
23.96797	22.27891	16.99447
24.02954	22.23083	5.34388	18.38865	24.48663
24.02117	22.35035	18.4283	15.87585	8.816428	15.96611	3.118568
24.04536	22.28799	17.95216	7.452442	15.44443	16.03817
24.10786	18.58549	21.75153	21.20177	4.01834
24.05501	18.50377	0.9550575	22.39882	21.64604	17.72839
24.17723	17.30373	22.31161	11.36913	8.333549	11.28749
23.93927	17.59868	21.07849	4.340293
23.95936	22.16899	18.48705	1.6529
24.00291	22.5894	18.35198	8.331919
23.99803	22.12368	17.61301
24.08853	16.69743	22.22646
24.08853	11.72433	21.79932
24.03092	8.979673	21.73258
24.03092	18.65817	21.42521
24.03092	18.4139	22.18683	23.66401	1.065956	18.31135	22.10793
23.95411	17.29993	21.15317	16.95405
23.95411	18.26544	22.23207	3.643116	16.28124
23.95411	19.08488	21.89185	0.3521681
24.36027	19.29421	22.24103	18.97463	12.73763	10.41071	9.639758
23.96621	15.20677	21.77734	2.700399
24.13859	18.40429	21.78259	5.863474	23.4864	3.851085
23.98392	18.14459	21.76753	8.943155	0.5996364	23.65501	1.517983	21.97502
23.98392	19.32869	22.44516	5.251079	0.6850104	11.76335
23.98392	18.23191	21.39855	5.375373	23.31345
23.98392	17.79217	21.86878	21.04193	2.421314
24.01424	17.98372	21.0848
23.95278	22.29633	18.61274	9.200594
23.95278	22.07322	18.60134	14.57099	0.4499045
23.95278	21.21231	18.67734	3.065017
23.95278	18.0988	5.389704	21.72051
23.95278	18.46302	21.1437	17.4405
24.22777	17.48937	21.6614	12.92961
21.97398	19.36407
22.0807	18.31245	24.13263	13.50844	23.62046
18.5141	24.06058	22.34409
24.06058	20.80025	18.20952	2.559559
23.94402	10.87712	22.07809
23.93935	8.826096	21.69907	4.530197
23.93935	8.675131	21.2025	11.63829	2.6387
24.28759	15.57232	21.75185	13.80288	2.964892
24.04585	17.92001	22.0532	5.653072	23.62727	23.30887	13.21698
24.00105	18.20697	21.70038
24.00105	14.63903	21.92075	5.445925
24.06611	15.97352	20.53581	21.72969	23.15782	21.62475
24.01703	18.71593	21.0079	22.66818
24.01703	18.36893	22.28122	15.79026	2.608278
24.01703	18.14041	21.20224	8.709643	3.655688
24.2176	17.79069	20.86605	20.64092
24.04965	18.3929	21.67633
22.69599	18.33645	21.28594
17.28274	22.14148	7.220782	17.31416	10.72908	10.11372	20.722
21.71275	18.54313
22.23955	9.43892	9.171206
11.46555	22.35675
18.18073	12.69725	14.90633	13.48668	21.86101
17.88085	22.05131	24.08244	5.800124	15.09826	9.059315
18.36676	23.94284	21.1722
24.02677	22.11535	10.53707
24.02677	18.44674	21.71045	9.440935	4.724371	5.412327
23.98329	17.31062	21.69499	13.5956	5.427244	2.017425
23.94786	17.01553	22.06004	11.74211
23.94786	18.51853	21.34982	1.282822	1.832389
23.94786	18.90844	5.128056	22.16324	2.980981
23.94786	18.91313	22.13716	5.593987
23.94786	18.3553	21.19496	9.609902
23.94786	18.47618	8.161454	22.00398	6.34662	17.03484	12.70914
23.94786	18.69246	22.22514
23.98037	14.88397	22.77377	9.256528	5.218588
24.11279	15.0657	21.78065	0.9748493
24.13293	18.2161	21.6929	13.21168	6.056577
23.94362	17.95173	22.08966	15.58578
23.94362	18.02021	20.73796	16.41636	9.575384
23.94362	17.30525	22.32979
23.94362	18.99289	21.43952	4.064368	17.77477
24.02473	21.82839	18.42367	6.161967	20.94179	0.1172884
24.13935	18.35142	20.56696	17.84881
24.16926	17.78137	22.10134
23.99739	18.44239	20.99977	5.987949	0.6617965
24.08032	21.21938	12.575	22.14669	7.280676
23.94864	13.81314	21.44015	4.497108
24.1056	22.19616	18.34554	10.14966
24.0889	18.30062	20.8132	10.23832
23.97991	22.04032	12.37987	13.45129
23.97991	22.13008	23.7655
23.96834	21.79902	7.460995	6.393744	1.014286
23.96834	9.849501	21.01824	5.899478
24.28663	14.74433	21.15906
15.72577	21.3765	2.567841	7.000992	10.08164
18.07907	14.26808	21.90177
18.48536	22.10338	9.959286	22.9329	4.170386	2.455917
18.454	22.25978	14.65414
18.12791	23.99982	21.74188	3.342375
17.18811	23.94989	20.52106	11.48534	15.42675
17.44741	23.94989	21.08516	5.232229	9.84395
24.0536	21.69578	4.581245	17.46409
24.12125	21.66148	15.43135	10.17844
24.15135	18.46624	21.09982	6.753914
23.98468	18.21836	20.81512	15.80929	10.06449	13.13889
23.99064	16.40566	21.76913	9.412884
21.89899	18.35914	6.27362	7.365625	8.190014
22.36442	5.660303	18.35707
21.84513	12.49249	21.71392	1.673774
23.68003	18.41526	21.25039
15.78354	21.57747	13.2323	22.57049	13.96605	11.70874	3.179584
24.00965	21.18106	17.94691	5.224822	9.129192	6.703151	23.58408
24.11942	21.52633	18.33724	13.1618
24.06619	18.36022	21.90581	14.38757
24.01505	17.07668	21.1881	15.40004	14.34072	12.92253	2.942994
24.01505	15.51518	22.30774	0.5429528
23.97705	17.81487	23.82371	21.0709
23.9743	21.37263	17.89151	1.990723	2.947001	17.60714
23.97363	16.10556	21.71045	12.0769	14.50168	4.489437	3.359154
23.94058	18.62382	20.97155	22.96009	6.630289
23.94058	17.00726	21.98131	16.53508	5.532908
23.9769	18.02388	14.11807	22.03391	16.89253
23.98295	18.39096	21.84823	0.0361843
24.05962	19.55998	1.442291	22.08265	23.84886	17.98005
24.05962	20.99167	13.55625	17.04432	5.922729	5.377041
24.10102	22.04599	18.12261
24.24941	21.90082	18.07865	2.038538
24.08628	21.39598	16.95278
24.08628	22.12773	18.62416	15.37276
24.30975	15.13593	7.101276	13.79078	11.38881	0.01772817	22.37956
23.95073	17.3346	21.32966	22.85861
24.05858	18.47	21.82763	6.356501	21.72089	15.30085	6.725338
23.99262	18.42355	22.0384	13.20868	5.727923	20.90059	7.959351
23.94276	16.49188	22.07097	5.681611	1.613004	0.07939657
23.94276	17.2166	22.27973
23.94276	17.19798	22.15732	1.361359
23.94276	19.04647	21.76503	2.866733
24.28176	18.04556	21.38998
24.15834	18.68507	22.36849	0.4346402	2.202697
24.02554	17.46188	21.73532	2.781574	11.34747	0.5987484	10.45721
24.02554	18.99335	23.79199	21.79445	14.36679	23.2703
24.00283	18.12703	21.66431	23.08015	13.84616
24.04325	18.39777	22.01029	20.36344
24.20091	21.1321	17.64106	11.12782	12.03403
24.20091	21.82697	19.29133	9.279509	16.91543
23.95401	18.45752	8.76913	21.2142	0.6177699
23.96889	21.71337	19.42953	15.77327	2.532137
23.96889	22.58023	18.42479	16.4632	0.5615764
23.96889	19.0188	6.795008	22.64857	22.89537	5.569148
23.96889	18.39521	21.74579	1.984447	23.55942	13.7963	12.58919
24.01841	15.65833	22.07904	8.709327	23.16085	7.859254	5.978969
24.01841	18.65269	22.34141	10.53501
23.97136	17.36754	22.34141	7.101813	11.66034	23.13385	18.47638	0.4014103	10.88818	5.67154
23.97136	21.81338	13.35066	7.145676	13.17389
23.97339	22.38567	18.20156	13.72797
23.71102	19.17249	22.22502	19.10734
22.22951	11.26001
22.14416	9.119428
22.15428
21.74268	10.56784	2.630757
22.38448	9.882819	18.07913	13.07048
21.08666	18.45672	0.8257291	18.27299	0.3702635
21.41302	18.8335	22.98089	6.799953
22.87434	17.99086
21.85835	12.63232
22.09076	18.97302	24.40293
23.96551	22.18397	1.107107	15.52986	7.247303
23.99583	18.60156	21.41804	1.663521
24.10847	18.41341	22.06248	23.50066	13.11934	3.924508
23.89686	17.61267	22.06248
21.70642	14.92839	6.330411	11.52587
22.34413	17.65177	12.15336	9.923572	2.349333
22.36039	18.43954	21.03054	12.56842	14.27556	3.557602
22.28322	18.49788	12.63111	12.51106	14.48536
21.56676	8.547132	7.377537
24.39264	22.7158	21.6953
23.95403	21.84742	21.88888
23.95403	22.21012
23.95403	15.84513	21.60613	8.579637
24.04127	19.07434	22.34013	5.278577
24.04127	18.47085	20.84489	21.97892	14.3276	15.04658	11.69984
24.04127	17.5855	22.09281	22.82022	10.69654	13.29599
24.09643	17.70788	21.74527
24.15337	18.16636	20.9257	7.653478	1.974077
23.96847	17.83077	21.80703	2.471213	11.63729
23.98466	0.4620729	22.25184	16.79698
18.37017	21.77216	24.17023
24.16285	2.317191	18.39426	19.27651	22.18266	22.56937
23.9505	18.28677	18.45861	21.34553	7.496162
23.9505	16.91351	22.13459	7.762648
23.9358	17.15327	21.64981	23.52696
24.00409	17.82373	22.0989	5.320972	4.545837
23.98057	19.3263	22.0821	21.07907	17.73886	3.845435
23.96862	22.0821	19.21555
23.96862	20.90734	16.57955	5.652625
23.95767	12.55913	21.90875	17.00181	10.88135	0.9036657
23.95474	18.84387	10.65236
23.95474	17.80309	21.83704	1.972369	23.77544
23.95474	18.48441	21.68353
23.95474	18.09942	21.69575	14.44587	13.57262
23.95474	18.86826	21.31337	1.067492	7.703685	3.977894
23.96419	17.27211	21.40595	1.49423
23.96419	18.9099	21.70157	16.16751	7.036173
24.04418	16.232	21.91457	15.30568
24.04418	18.20888	21.70934	7.226333	11.40799
24.03211	17.45121	21.61788	13.71141	14.75086	10.12971	3.625936
24.02757	18.88871	21.18142	11.31014	6.648841
24.02757	18.38054	21.25952	12.04449	16.79403	17.09806
24.12066	17.81549	22.30913	2.624493	21.12903	21.55971	17.3166
23.97384	17.57355	20.86935
23.96255	18.27107	21.43055
23.96813	15.55737	22.40826	13.78578	3.46312	6.826955
23.94579	22.14325	15.42919	9.604646	23.06927
23.94579	22.36086	18.3373	8.115135	20.54092	16.88158	1.899446
23.99414	18.20896	20.72036	1.839935
17.84007	2.675046	22.06238	10.72238	24.78098	16.54146	24.60613	6.471035	11.07402
18.07572	22.39141	6.68105
16.85865	22.11209	4.533198	12.43145
22.12165	18.05876	14.06815
24.07318	18.30071	22.16282	7.448234	15.4468	0.8630219	11.18754	5.418611
23.97443	22.0737	18.62948
23.97443	18.40016	4.080172	22.28526
23.97443	18.41978	21.02992	12.55907	17.16962
23.97443	18.4209	22.04268
23.94681	19.278	21.77859	23.57931
23.94681	17.7488	20.64685	22.74492
23.94681	20.92704	18.40652
23.94681	22.44415	18.18025	1.246396	1.321738
23.94681	20.92443	12.98924	8.978144	11.54945
23.94934	21.86114	18.212	4.284929	2.984153
23.94754	22.01518	18.87418
23.94754	21.08972	18.34015	6.288676	21.83287
23.94754	18.17124	22.04223
24.03185	18.65876	21.14386
24.04118	18.32632	22.2147	6.102983	16.18982	19.05039
23.9571	16.77508	21.06008	2.632425
23.9571	18.31325	21.80061	6.843532	8.257233
23.93698	18.2594	21.63613	7.935369	5.791054
23.93698	18.30901	21.81668	9.53201
24.03975	19.5619	22.2521	12.70638
23.95155	22.16254	4.679391	18.89041	25.00603	15.2569
23.95155	10.1785	21.71603	23.58726
23.23305	20.77878	18.39127	5.008067	7.547784
24.06968	22.2352	15.20344	14.91565
24.06968	18.65303	21.2031	13.13671	15.11116	23.19943
24.06968	17.24648	21.40666	12.55318	6.323243	13.73163
24.26017	18.45888	22.0431	4.156335	13.26629
24.19901	18.07155	21.64095	12.49514	20.09492
23.9415	18.05249	21.64807	9.943328	11.00173	9.652792
24.02857	22.35815	18.44217
23.95285	22.35815	0.6355317	11.23514	6.480366
23.95285	21.93404	4.023301	18.35654	0.9469836
23.95285	16.44192	21.60078	11.18591	21.42248	15.56822
23.96395	20.56055	16.95673	2.412945	12.11217
23.96395	17.94044	22.06233	7.882557	4.452468
23.96395	17.57089	21.84421
23.96395	20.84428	19.2063	2.667231	9.855279
23.96395	22.28479	19.05726	17.82127
24.12178	16.94019	21.70417	9.420853	14.95406	23.82792
23.9035	17.69202	21.27113	3.57869	14.84035
24.03545	18.32547	21.74418	5.912101	5.407579
22.38806	18.17095	16.86543	9.183164
16.68525	22.25046
18.7138	22.36435	16.49502	15.28007
22.05437	18.01723	4.450688	6.499611
22.28803	17.02365
18.16207	22.36382
22.5456	7.060456	18.50773	12.16394	15.49689
23.4628	18.34129	14.03424	21.3635	2.26698
24.06588	17.46009	21.76952	1.237816	6.692564
23.9672	17.92405	21.72395	4.521355
23.9672	23.12485	21.749
23.9672	21.20441	18.15389	3.033658
23.9672	21.37832	18.1385	13.04272	3.427795	5.982728	6.742639
24.11797	18.06079	20.82504	21.55021
24.10568	17.94786	21.80411
23.96994	17.97729	21.41331	12.07712	7.982064
23.9296	17.25808	20.6875	10.02741
24.0149	15.76207	20.57856	6.563236	23.80407	22.74085
23.99836	18.56219	21.11529	3.307856	8.88074	14.71768
23.99836	15.56197	21.50596	7.316101	11.2726	11.27147	12.76029	3.381327
23.99836	19.2893	21.13873
23.99836	18.01037	21.68577	0.2952681
23.98232	18.89693	21.43776
23.98232	18.4475	21.58085	9.288502
18.08199	22.10216
18.20922	21.74472
17.15446	22.13194	24.12786	11.86385	6.630682
16.59137	20.83625	23.97584	8.770897
12.93202	23.97584	21.72906	6.729838
22.27277	16.94898
22.33422	15.69019	4.05676	7.783412	10.34933
21.69194	18.15281	14.50546	6.356459	5.676242
17.83411	22.44276	21.22259	2.756136	9.458685
22.08149	18.89835	11.22043	21.63897
23.98143	13.06395	21.38015	5.920092
24.02415	21.86475
24.00363	23.16869	18.0759	21.69041
24.08919	18.4121	21.72114	17.82869
23.94475	18.47219	21.69555	18.30105
24.00688	16.98828	21.68382	11.07583
24.00688	16.97241	21.20078	9.893501
23.92383	22.28267
24.10042	21.24081	15.64221	0.8311335
24.07043	21.45133	16.98455	10.43731	13.57968
23.07955	22.06531	17.34671	10.90984	5.422493	22.44259
22.05444	13.15164
21.71964	18.43137	2.979776	2.742344
22.33509	17.66395	10.28818
22.00744	18.12155	7.918275	8.038251
22.06553	18.58891	4.002753
22.1675	16.81763	23.93495	15.63525
18.28752	24.0821	21.96094	7.493189	0.06361438
18.20473	24.0821	22.34719
23.99898	21.68927
22.1988
22.35794	19.97343	21.62473
22.31552	3.2926
22.06681	18.63649
21.84063	18.14691	5.694565
22.31623	11.80463	5.095639	7.546659	10.69175	11.2757
22.35344	12.47225
22.06022	18.28917	8.465199
23.97058	11.99604	22.02961	3.767181
23.97058	21.37876
23.94364	22.4603
24.07662	22.11141
23.97311	21.52123
24.00405	21.49495
24.07847	21.36921
24.04198	22.04026
24.04198	20.8229	11.05725
24.03501	11.58702	21.63858
24.02696	22.72357	16.2172	4.370418	8.829829
24.02696	21.64054	18.37418	5.940139	23.52743
18.13276	21.73586	24.89245
22.10927	18.98889	1.231121	20.94723
18.39426	22.09038	0.954605	6.492328	24.12918
19.47497	21.43412	24.07038	1.308984	22.79801	24.98383	0.1918133	0.2284566
15.04911	22.06085	24.0378	10.3228
19.62843	22.28898	24.17107	15.13464	10.698	11.33408	5.290123
15.97734	21.68432	24.17107	8.041026	14.99979
18.44834	21.41911	23.85647	8.950312
18.47617	24.03522	21.80378	9.698598	3.079518	3.319207
16.32143	24.03522	21.75415
17.73902	24.03522	21.6791
18.40953	24.00889	21.52521	21.32041	15.62561
15.9303	24.00889	22.18257	23.44386
23.9566	22.60437	16.5427	13.16322	23.80685
23.9566	18.38523	21.89689	9.818816	10.90616	25.01388	7.476828
23.99431	18.63069	21.71311	7.257825	20.66409	17.15718	20.61914
22.15701	18.36743	5.104087	21.01422
17.68506	22.29075	13.14983	15.92517	15.35403	20.58486
19.18168	22.2887	16.52394
16.9189	22.0786	8.808128	7.523644
18.4546	22.11706	5.621154	3.612417
17.81156	22.65576	20.82006	21.73433	17.46308
19.04839	24.17225	22.34289	20.8954	9.692484
15.24142	23.92051	23.06013	23.82786	21.03028
23.92051	21.06609	1.959985	17.1074	14.92287	0.2438218
23.92518	21.1379	18.04317	15.52876	8.158705	6.003973
24.044	17.51051	22.14343	14.28028
24.06485	12.83276	4.469098	21.85659	15.02247
23.9601	21.39784	11.47077
23.9601	24.44152	11.99403	21.69307	5.109337
23.96755	21.63822	23.76397
23.96755	22.16593	18.42306	7.813996	23.18184	23.78027
23.96755	17.43921	21.92237	6.731909	10.36512
23.94666	18.47015	21.74019	1.171582	2.613075	3.190075
23.94666	17.69189	21.42467	13.30914	1.536672	11.75526
23.94666	18.14487	22.12567	17.20694	12.84943
23.93934	18.51228	22.2591	17.17393
23.93934	18.23363	21.87937	5.258237	14.72283	14.02366	0.5136124
23.99497	21.70537	18.40637	23.92652
23.96301	18.39804	6.650291	6.027065	21.35595	3.71663
23.97584	18.46308	22.15446	6.415862	15.88995	20.81577
23.97584	18.40321	21.69156
24.0645	17.01755	21.79116	19.34525
24.00951	17.76196	22.07408	10.84562
23.8587	21.67462
24.07618	21.7585	0.6161052
24.07618	22.36203	1.300736	14.10903
18.8226	21.33248	23.95465	1.174395	7.526423
18.60725	23.95465	21.6904	7.40275
24.23221	21.6904	3.765173
24.05085	22.26346	3.487669
24.15624	18.18982	5.33568	20.81758	20.64659
24.06633	18.10269	21.02957	8.389524
24.2047	17.35456	21.37525	8.145927
24.05164	14.94802	21.18187	10.89369	2.939913	9.680901
24.27715	14.6843	22.3992
24.31169	13.18843	22.30731	5.310154	9.520483	9.240616
23.92594	18.07251	21.14618	17.475
21.78813	18.04791	24.27889
22.35745	8.52413	4.272111
24.01671	16.42588	22.06435	3.883561	1.508522	0.4265493	6.923612
24.1106	17.69022	21.09656
23.99903	8.414381	23.909	21.57953
23.9227	15.6776	3.203965	22.28603	2.406952
22.55864	18.21608	5.18363	20.94952
22.0681	18.09208
21.82716	18.28216	4.833598
16.87553	22.31285	12.76345	2.492813	3.249104	11.9715
19.83993	22.20788	21.32812	17.46954
16.90519	22.24136
22.35048	16.43126	2.310852
21.63889	19.19404	23.69244	3.380009	23.00909
22.10507	14.46203	24.44129	3.923941
22.29731	16.87907
21.76437	18.32454	3.897618	14.79595	4.51058	2.173129	22.98674	10.35635
21.98204	17.28686	5.450361
18.24338	21.49576	15.11812	23.71096
16.08101	22.05777
18.34491	22.05777	24.19213
17.08232	21.3195	23.98889	15.72554
19.52012	23.98889	21.3708	1.00314
18.8508	23.94006	22.41075	22.72145
16.99099	23.95624	21.7359	7.34949
14.66566	23.95624	21.55054
18.15836	23.98987	22.13234	9.696689
18.47517	23.99288	21.19542	6.864556	22.04042
17.98213	24.07598	21.75922	12.60387	4.729775	16.774	23.61378
18.02683	24.00395	21.34232
18.49833	24.42226	21.10057	22.25747	7.528921
18.45254	24.00842	21.36257	0.8153373
16.74513	24.00842	22.075	14.26246
24.05266	21.69035	18.89912	2.718658	18.22992	1.616754
24.05266	15.59958	21.79189	15.01296	13.43668	8.872554
24.07258	18.45261	21.82858	15.00354
24.00107	18.47803	20.85425
23.97163	17.46096	20.51273	0.6286337	12.08719
23.92597	18.21676	22.03604	0.00860493	11.50215
22.19826	19.26824	16.05749	0.5840548	16.76923	23.9644
18.38171	22.26685	23.9644	13.16604	7.98754
21.76219	23.9644	15.17434	5.639165
22.07072	23.9644	18.2813
24.02324	18.64338	1.201697	22.06169	5.42177
23.98231	22.06169	19.13585	18.02962	16.93569	17.39998	4.142242
23.98231	22.06178	15.62898	14.40784	12.78812
23.98231	21.70014	18.33214
23.98231	21.3359	18.20091	9.961027	6.267408	1.170574
24.01755	21.72459	16.55893	7.952651	6.535557
24.01755	17.86673	21.0869
24.04557	16.80358	22.23733	14.93975
24.05071	21.87096	11.4091	6.040629
24.04744	21.76358	19.02196	18.84107
24.08513	18.41766	21.00458
18.44315	21.71502	3.619509	14.72309	23.95056	7.446187
17.29417	22.11597	23.95056
18.45232	22.09375	23.95056	0.8870919	2.272926
18.48683	21.91352	23.95056	7.192211	23.60132
22.11742	17.2515	11.63648	2.972801	9.42996
21.70843	18.7263	23.15153
22.0549	18.50758	9.115805
21.99091	17.54284	6.367763
22.42523	17.60944	4.053897
21.7683	18.6196	11.7481	4.103813
21.63324	18.5005	3.615732	5.513788
21.71319	18.34374	5.497154	4.863637
22.23277	19.01211	24.37998	16.97587
22.10321	24.07617	16.90857	9.876673	23.86797	7.666165
24.19688	18.41205	22.28359	21.16289
24.26896	20.83969	18.13292	12.2791
23.99206	21.09859	17.7271	12.66049	10.39103	22.55042
24.05077	19.31993	21.10701
24.05077	18.22535	21.66136
21.98171	17.68353	7.267633	21.96299	23.8959
21.73932	24.08952	18.77868
23.58922	23.93648	6.26417	21.99821	15.18994
21.54878	24.08635	11.24491	22.91123	11.09393	1.486177
21.98488	23.92447	17.8425	12.78417	8.472689	4.691918
21.12642	23.94941	18.27065	18.10332	7.744826
23.94941	16.92867	4.575388	20.86184	2.964583
23.94941	17.75669	22.074
23.95378	18.41106	22.38213	6.249659	16.42268	9.359385
23.95378	21.61208	18.40372	16.17669
23.95378	21.32126	16.47568
23.95378	21.08041	2.223929	9.597975
23.94333	22.19867
23.94333	21.87613
23.99376	21.81571
23.99376	21.83264	18.27661	13.93924
23.98451	21.89225	17.18646	14.17364	3.093933	13.81415
23.98451	15.86431	21.74179	0.6911034	13.68484
23.98451	18.25651	21.63329	12.25957
24.11218	17.97788	5.396412	21.14551	6.482496	0.4346526
24.0219	17.04664	21.62844	12.92405
23.95636	18.72259	22.07688	5.386256	3.747478
24.11882	19.29063	15.99941	20.69777
23.99847	22.09135	21.23732
23.96136	21.69605	4.331883	22.6283
24.02301	21.82141
24.07948	22.22739	10.36624
23.9894	21.97596	22.05662
23.95658	21.70479	9.531518	18.15199
23.95658	21.42239	18.39636	13.33813
23.99861	22.06573	17.32812	6.758851
23.99861	21.38866	18.8981	17.27728
23.99861	22.34427	16.76553	1.090313
23.97421	21.17458	18.96009	1.312586
23.94936	21.8736	18.52368	13.22765	21.23922
23.94936	19.29734	21.00644	14.91548
23.94936	18.95444	20.82235	18.65703
23.94936	18.3592	22.18559
23.94936	18.07362	22.23828
23.97766	18.31926	22.14882	7.588223
23.97766	18.46003	22.23113	21.70333
23.97766	18.38514	22.68161	20.8357	16.51303
17.70979	21.11493	17.07827	24.44492	22.47268	14.60238	12.31016
14.86099	22.20975	24.06673	8.967721
24.176	18.07991	21.75185	12.8395
23.92717	18.58367	21.75185	10.13791	5.733602	18.41209
24.017	17.93168	21.67939	13.38323
23.97392	18.56167	21.17307
23.97392	14.74373	21.40708	5.195246	6.639196
23.97392	16.75963	22.13424	0.4835672	1.292571	23.31847
23.9245	19.43993	21.9066	9.702095
22.23654	18.10844	24.28252	4.877296
22.09636	17.29968	2.428613	10.88631
22.19464	18.29761	8.079598	8.532293	8.116384
22.11984	18.5922	5.470111	8.394259	5.159149
21.78485	18.12373	1.952772	15.15876	15.76329
22.19522	19.22453	7.07703	23.99679	14.5075	15.52557	6.344589	10.5096
21.53517	18.62336	23.99679
21.8943	18.44448	23.99679	6.787705	5.552803	17.77081
22.06571	16.59141	23.99679	13.31073	10.43393	1.686205
22.09227	18.05813	24.00343
22.28195	7.467846	24.1805	23.88459	2.74123	2.518448
22.25813	13.68135	24.43305
17.54076	22.06756	3.819454
17.30968	21.32286	3.973282
22.19429	18.62706	0.2577755	15.20327	13.54549
22.17044	14.7997
8.326528	22.23165
13.83559	23.567	21.69482	1.555172
12.08949	22.06915	5.906493	21.69879
22.23756	4.268209
22.03677	17.11078	23.90427
22.42047
23.99091	22.07395
23.96359	21.66065
24.01377	22.09269	13.93875	12.17415	22.64319
24.21921	20.56282	17.17402	7.841827
24.22745	21.33405	15.6612	0.4965715	14.10677	13.78125
23.9518	21.53497	11.10256
24.01768	21.74044	7.665732	7.377937
24.07604	15.44737	20.65504	0.9494452
23.96184	15.22168	21.62909	8.005912	6.481605	9.163274
14.02575	21.03649	23.94782
18.59406	23.94782	23.89056	22.03869	22.83738	16.05623
22.08929	23.94782	18.48697	4.384537
21.79132	23.94782	16.45164	3.94072
22.08967	23.94782	17.05132	15.39689
23.94782	18.23251	0.8227307	21.13761
23.94782	15.08047	22.0856	19.53936	15.72862	16.09282
23.94782	22.23642	18.24044	21.24071	2.97298
23.93886	20.78393	17.34306	12.02863	16.56577
23.98312	22.18269	18.38512	1.593128	8.181393	8.005975
23.98312	17.15995	21.92704
23.98672	18.84463	22.33784	4.900146	23.50559	20.95717	6.142941
24.01478	16.31194	21.71132	3.123874	10.83168
23.97511	19.03461	21.43196	12.13236
23.97899	15.95102	21.75411	15.88904	9.700015
24.02052	16.70974	22.26494
18.46505	21.71162	3.364344	14.98201	2.139765
15.28933	21.71162	14.33265
22.10825
22.49931
21.81616
24.14935	21.7157
23.98528	21.53048	23.76925
23.96203	21.20604
24.2577	22.23924
24.11888	21.38271
22.66938	14.67274
22.74197	9.302581	21.70033	5.180363
10.47343	21.42948	24.06409	8.090661
8.750589	24.06409	22.09542
22.29037	18.26349	10.03251	5.93832
22.20507	17.46816	2.506542	20.73587
11.21849	24.10844	20.79993
22.06611	15.95012	20.60547	15.53241
22.23389	18.24092	12.08625	11.12648
22.23345	17.22625	16.93709	2.830259
21.7043	18.37928	5.491435	12.77287	8.531822
21.70118	18.28843
21.71951	17.77325	3.776269	15.39973
22.47594	17.04792	22.10844	9.988931	3.72493
23.99252	21.03635	9.574155	19.12553	15.26626
23.99252	17.59678	10.50002	21.82153	5.64492	7.654237
23.99252	18.0401	21.73587	4.494583	20.28053
23.92626	21.34052	18.902	3.285971
23.98357	18.08998	21.70079	1.236339
23.98563	18.17294	22.87911	21.69087
24.03556	15.78348	2.989334	21.71085
23.97179	14.5092	22.022	6.701542
24.06995	22.43759
24.1565	21.36614	11.62139	7.142732	4.596182
23.94195	22.14946	15.27296	2.025537	4.501495	4.641938
23.94195	9.492814	21.33979
23.94195	17.15396	20.82007
23.94604	18.14719	22.19595	5.188087	23.92712
23.94604	18.50887	21.39575	6.145561	10.24757	3.656128	1.187459
23.94604	18.39996	21.32376
23.94016	16.84307	21.66914	5.090767	0.1935398	11.23388
23.94016	18.15581	21.13832	1.521445
24.02818	22.0478	18.51491	6.641578	4.712569
24.14479	16.54088	21.43307
23.93502	19.17922	22.1882
23.93502	17.15185	22.25499	7.419539	0.9071326	7.641197	4.187112
24.56717	21.72983	15.99951	0.4778945	22.18505
24.01103	17.65484	22.0944	4.275988
24.18917	17.64183	6.496384	21.48788	5.954332
24.4808	18.41505	21.65025	3.367793
24.0041	18.8539	22.11371	4.198093	17.06652
23.97186	18.36846	22.15399	9.99384	2.422558
23.94523	18.41309	22.04186	2.829229
23.94523	16.8183	21.71875
23.94523	18.48773	22.11718	5.178747	2.550948
23.94523	16.49772	21.63547	6.63713
23.94523	2.888005	21.72793
23.95013	21.1708	16.5057
23.95013	21.71009	19.09438	0.721907	15.80219	23.93705
23.95013	22.17268	18.08844	2.576571
23.95013	22.02805	9.017968	19.42942	5.155662	2.050638	13.95454
23.95013	21.78516	18.40976	9.133383	14.13077
23.95013	21.7938	18.36482	17.17219	3.041522	7.219463
23.95013	18.03989	20.9924	22.81207
24.23536	18.40431	22.11721	12.81214
23.97177	18.44439	21.74896	16.35944	15.68817	2.796387
18.33314	21.69819	10.72122	11.43035	18.05763
18.37813	22.36625	11.05714	9.550059	15.32759	11.46315
16.26152	22.062	3.295864	21.88026
17.68775	5.05209	21.13442	22.09216
17.22057	22.29442	14.69941
22.25904	18.37408	6.106588
21.57105	19.16816	10.91708
22.27508	14.84883
19.03692	22.05759
18.58349	21.68735	23.92169	3.352426	15.64918
17.71953	24.07899	22.19677	3.136699
18.12629	23.98395	21.71075
16.30599	22.29339
18.32109	22.22121
17.48775	21.65463	17.80285	1.475928
21.88865	18.48557	23.91064	1.229025
21.68501
22.08241	24.07421
21.71172
22.21021	10.98392
24.15798	22.24911	9.164174
23.68035	11.82399	20.25068	0.1186928	21.09455
21.68765	19.01524
20.84894	17.94927	24.38912
22.06798	24.18541	15.28284
21.73213	24.05613	18.19218	2.983871	23.4535	12.57705
24.01177	17.60588	22.3117
23.94784	19.07494	21.09264	13.7993	16.5849
23.96892	19.02496	21.26039	2.697496	17.34332	10.84467
23.96892	18.19676	21.47715	7.194492	17.95728	16.41651
23.96892	11.86646	20.87427	6.845663	2.964341
23.96892	18.27177	21.74744	5.540508	9.233912
23.96892	17.32583	21.6421	4.395668
23.96892	18.39479	21.36188	1.457665	14.4789	7.967432	1.582065
23.96892	18.49676	21.70609	5.601141
24.02353	21.78203	23.99325
23.96458	21.17273	18.41253	10.24599
23.96458	21.64329	18.56655	11.98933
23.96917	17.80526	22.11783	0.6181285	7.338541	5.820277	13.39228
23.96917	14.91425	22.06324
23.98276	19.43528	23.564	22.29604	5.071186	22.0722	23.60581
23.98276	18.82706	21.63863	10.54247	5.593859
23.98366	21.93666	17.33076
23.95107	21.80598	17.3429	11.72641	4.06728
24.0247	18.35735	21.53182	18.0929
24.04044	17.21433	21.3297
23.99428	18.87068	21.35452	12.14923	3.855718
23.96869	17.50687	21.03084	11.52365	8.441366
24.12017	18.64283	21.96751	13.2989	0.8006629
24.06634	17.56995	21.58476	13.80446
24.06634	18.63087	21.73884
24.01563	17.92035	20.96837	12.37381	1.215537	5.385129
23.9726	15.44313	22.24997	5.116049
23.97982	16.99598	22.20578
23.97982	19.02367	23.10167	11.13482
23.97982	21.71352	18.43034	6.571309
24.13232	18.42884	21.65447	24.10224	23.48211
24.52763	18.98544	21.74452	15.92699	5.439522
17.89721	22.29315	10.50034
19.21361	22.68074	16.64
18.08544	24.07517	21.70793	22.37044
24.07517	21.95411	16.77727	3.07699
24.07517	15.60096	21.72752	12.26469
24.09254	18.26085	21.7065	7.479591
23.93097	18.27953	21.69116	15.2379
24.03785	18.25474	21.69116	7.419596
23.94516	18.26665	20.71939
23.95267	17.96125	21.69746	9.657855
23.95267	19.69232	18.45265	20.9431
24.09573	17.60109	22.26863	0.8485064	1.330708	13.3643
22.15508	17.974	5.767628
22.45112	15.95873	15.53351	24.07932	3.823593
18.47708	24.0516	22.21767	11.44054
24.0269	22.14308	18.67105	16.67706
24.24015	17.28715	21.69788	23.61695	9.364712	5.7146
19.01007	22.06029	0.1505767	7.252761
18.38583	21.88259	21.30387
18.49981	22.33629	6.456917	13.17887
17.9626	22.09573	13.08123	5.244107	10.44721
22.23543
21.78907	14.67205	3.805266	9.503804
18.82986	22.24613	14.56845
17.09849	22.05813	2.946022	7.516838	8.245278
15.32888	22.08144	2.524536
18.96617	22.07797	0.106953	18.02467
19.31291	21.68828	18.64762	3.085216
17.35705	22.09066	4.82934	4.096113
17.85583	21.8704
18.42927	22.06931	5.330252	0.4907292
16.68194	22.0706	10.31406	3.058276
16.1996	22.61764	20.96162	21.02919	24.28241
18.23536	21.75273	10.87942
19.08348	21.69304
16.13346	22.09535	10.47017	4.526503	1.880141
12.20641	21.7346	4.736052	8.213257
22.42064	0.3751273
17.79841	21.79697	9.40707	0.1532476	16.62325	0.196652
18.10888	21.68748	18.02761	6.553524
17.73385	21.32528	0.03595925	2.62509
18.12438	24.14	22.04565
18.29893	24.1314	21.10721	16.13573	15.33948
18.08718	23.99661	21.31176	8.220997	1.064362
16.45032	23.88762	21.93301	6.189033	7.815716
18.1109	23.9348	8.163325	22.06825
18.42141	24.04597	21.68246	7.346668
18.18851	23.99827	21.70231	0.3577598
17.57941	24.05896	22.26799	0.1222563	16.18978	11.85409
16.85766	24.71129	21.86344	10.93444	10.50659	24.16123
15.87167	24.04609	22.2546
17.06815	23.96271	22.11011	14.0745
17.64621	24.0758	21.79766	12.47765	11.39983	11.58613
16.65108	24.0232	21.68996	16.4209	6.20232	10.11109	5.493372
17.74039	24.0232	21.58251	12.33418	1.932334	11.11521
24.0232	20.87366	18.03462	14.36824	3.973282
22.04242	5.320949	9.455177
8.085583	22.42257
22.08362	2.81175	24.28687
18.06933	5.663546	22.55074
22.07995	14.27912	6.862815
21.90294	14.62155
22.03364	17.59421	5.605506	20.74554
22.05731	17.19572
18.40442	22.15711	11.83495	17.58613
17.56728	22.19243	4.211642	17.30443
18.44908	22.27908	11.01793	19.13543
18.48566	4.74145	21.81226	22.12399	17.62891
18.43239	5.863263	22.24701	24.48749
16.78688	22.37985	9.039254	21.24452
18.34083	22.23216	5.896912	1.442548
22.24635	4.925027	0.1211929
18.47825	21.74762	10.65323
17.26435	22.02424	11.21396	3.610362	7.124774	12.4087
18.4273	21.74857	8.543254
18.1604	21.75041
16.17122	21.65484	23.92562	23.57818
15.33109	22.33864
10.63734	24.05775	20.81641	0.6998068	7.036369
18.19728	24.04127	20.9139	6.389129	20.98065
13.87755	23.9332	22.14634
18.34842	24.11494	21.896	6.320496
18.19766	23.96401	20.79859	13.44098	5.630655	2.985488
18.3789	23.94462	22.14935
18.326	23.94462	21.81975	9.558929	7.71239	1.740898
18.31015	23.97602	21.04864
17.82815	23.97602	21.65154	7.487004
18.15942	23.97602	21.70584
24.01971	22.07389	10.51634	0.2698291	6.769428
24.37574	21.17892	18.33477	10.28107	22.31113	9.296884
23.97348	22.26162	18.93739	23.00386
23.92766	21.95895	16.99049	11.00273	21.6344
18.61231	22.36001
17.89766	21.71849	8.276387	1.497449	5.435932
16.98063	22.20308	3.139454	23.8997	24.85989	3.106311
17.64922	23.72896	21.91357
18.63498	24.13702	21.15233	22.57799
19.35259	21.45686	18.07108	6.872609	16.86968	21.68002
21.99918	10.53948
18.10532	22.38431	7.635398
22.06132	19.02954	12.72164	5.223802
21.69141	17.44354	12.11574	10.22944	2.797126
22.41477	18.40288	2.257644	21.06806	22.09724	6.693513
22.29209
22.53579	24.01044
22.3033	24.05211
23.88435	14.94864	21.75738	9.782205
24.00181	18.2901	21.4094
24.27194	18.60738	22.2199	18.09903	16.56581
24.17454	18.45023	21.17306	0.2836293	15.87801
24.17454	19.10798	21.83505
19.32836	22.38815	22.34865
22.13718	17.35007	5.658637
17.31317	5.423969	22.72129	7.779247	22.25244	2.727808
17.22348	22.12192	1.434901	8.52274	11.62402
23.89799	18.60397	21.7934	12.92072	9.437858
17.23913	1.905192	22.22987	5.238198
18.16936	22.28775	6.116784	11.40433	21.87121
20.14737	21.7	16.84846	1.043727	4.541457	2.92319
21.76087	17.285
22.40624	17.57616	1.778371
21.48933	18.41597	15.38005
18.19671	21.75884	6.297127
18.69678	21.31136	9.088414	21.08078
18.50502	21.71993	5.509768
17.52101	22.06451
14.76809	22.05627	20.96386	14.02991
21.68862	17.85808	1.586338	8.824925	1.883164	21.92353
18.35206	23.73948	21.20368	22.81963	22.98481	0.1091411	8.365133
18.48368	24.01065	21.7026	1.368931
23.97774	21.7026	10.43067	4.61705	23.71265	6.425425	2.566456
23.98653	21.37203	14.58816	1.172942
23.98653	21.72132	18.36668	2.160532	10.74982	1.874064
24.0946	22.26759	17.83504	7.128696
24.1228	21.78482	17.92954
23.95044	17.98079	21.74134
23.95044	16.68242	22.2391
24.03278	16.962	20.99538	8.620741
22.54607	18.16284	13.66214	7.351748	20.22639
22.27395	17.64852
22.34325	18.46125	17.49735
22.22973	18.04215	4.350629	21.14792
21.44403	18.42829	13.7501	2.327784	1.85655	10.14182
21.26404	18.36507	24.01094	0.3443776
21.01657	18.68193	24.01094	8.509717	2.494272	7.181812
20.19815	24.01094	17.99891	22.48073	1.359511	23.43375
24.01094	18.41484	20.98928	14.99045	8.255323	2.824355
24.00374	18.32876	21.09095	21.78005	14.17918
16.2108	22.09508	5.42828
18.3141	22.0707	9.047373	4.676224	10.34964
18.72804	21.72273	17.62662	1.178509
21.94077	6.736879	11.0538	1.84512
23.92487	17.76748	21.42666	16.87174
23.98456	16.72499	1.735646	22.67052	4.754031	1.871195
23.98456	18.30211	21.49535	12.4602
24.09231	18.66486	21.70285	16.65898	3.737291
24.12696	16.11857	22.22582
24.12696	18.12886	22.00901	15.06944
24.00141	17.59502	21.7831	11.83712
24.04741	15.97858
24.0425	19.27227	22.24992	15.39359	22.96443
24.05917	18.23493	20.99075	18.28902	1.632021	9.116539	10.5115
23.92848	17.15116	20.76285	2.516239
23.99129	22.04928	17.75953	10.04367	10.8201	14.95083
24.08486	18.98308	21.0694	22.40471	6.589754	14.95183
17.19265	21.44407	24.16767
18.16461	24.16767	22.37777
24.13921	21.70408	18.42052	8.192635	6.877835	11.76684
23.97819	21.31144	18.96217	22.61725
23.99169	18.49938	21.73169
23.93878	17.72782	22.3773	5.916731
23.93878	18.69349	21.89452	2.422663
23.93961	19.22633	2.788709	22.13057
23.93961	14.38307	22.03281	7.910319	4.369685	23.74633
23.93961	9.875597	20.60992
23.93961	22.46751
23.99865	22.05383	16.91106
24.00209	18.44568	22.45002
24.13445	17.10613	22.22592	24.13055	5.440142
16.93998	22.06391	23.71304	1.455669
16.17249	22.29985	3.404329
17.52797	22.04847	1.999631	21.59616	1.18459
18.46623	23.05792	22.05558	18.37504
22.66246	18.44792	21.23504	6.663114
23.96149	16.89905	21.52561
23.92484	18.42156	22.13173	2.76174	2.602767	8.149743
23.88285	18.39903	21.59012	9.040963	1.866832
17.10678	21.30592	24.2087	14.17202
17.72964	24.2087	0.2528028	11.23157	22.07156	4.273949
18.95589	24.05094	21.59085	14.11921	13.49549
18.368	24.1713	21.70276	12.71758	12.89207	17.33815
15.29152	24.05236	21.61806	5.167875
18.36918	24.02821	21.76285	6.411507
15.84584	24.02821	21.76782	4.517471	11.23558
18.42834	24.19918	21.64477	11.51419	5.187172	17.49161	7.666264
17.84884	23.99911	13.58693	22.15707	5.655503
16.69318	24.00523	11.99518	21.38496
14.78794	24.02015	21.80534	13.55177	2.522378
18.62236	23.99414	21.72895	3.037673
24.05178	22.0652	18.47266	4.922664
23.99106	21.6538	18.45821	2.330236	15.26548	14.83669
24.0229	15.00165	22.17388	20.80407	7.135763
24.04258	18.30441	21.20351	8.496967
24.04258	19.09442	20.67924
24.04258	17.68536	22.43432	1.376111	16.41749	16.06064	23.8282
24.04258	22.27995	18.49717	1.888183	0.8277165
23.99572	21.91726	18.01081	15.97073	11.85878	14.87785
23.97147	17.99653	5.878039	21.57041
23.98066	18.51537	10.00946	20.77124
24.07902	17.88056	22.06646	7.032374	3.161947	17.0636
24.11193	18.41469	22.51029	8.287491	3.342194
24.04517	18.36357	20.94425	4.82817
23.98415	19.21551	20.84693	0.8347464	15.97473
23.97551	18.37308	21.18466	22.73156	17.35275
24.19754	18.27834	22.06622	17.92199
19.66562	22.65597	22.19941
17.51767	22.43553	5.773855	15.33028
18.25141	21.74527	5.210709	17.70593	0.7241907
14.29566	22.04505
17.43297	21.79205	11.15968
18.22077	22.34915
19.23133	21.68334	4.892721	18.16338	13.62567
17.81665	21.68334	10.49391	10.22312
18.50404	21.38193	10.22234	23.42994	16.3539	16.38245
19.44435	23.99637	21.57775	3.0422
23.99637	21.75653	5.067446	18.28322	2.400167
24.062	17.77104	22.42968	8.885358	0.2896641	5.809336
24.06138	18.50415	20.83564
24.04111	16.67414	22.22691	5.324483	5.03284
24.00344	18.53988	22.10281	9.041753
23.96049	18.46218	21.69056	13.12027	8.243359
23.96049	16.57394	21.54775
24.02113	17.81185	21.71937	3.186408	12.82055	11.75389
20.97724	18.54906	2.324773	24.22746	16.88509
18.47562	22.33364	8.735102	16.54454
20.82333	19.17415	18.89273
21.56549	18.46046
22.21439	18.65125
21.55895	17.57046	23.95137	2.483184
21.83752	18.55336	23.98288	7.909272	22.69339	10.20361
17.52863	23.98288	21.08068
16.57407	23.98288	21.7035	15.0473
18.18264	22.04667	6.694124	16.56454
22.06428	12.38177	8.432994
22.23505	1.791204	23.61823
22.23505	16.32485	25.01363	4.918962	13.87518	0.824695
22.34658	18.32657	3.061034
17.72317	22.42584	23.80407	14.90558	9.460157	24.0342
17.71802	21.13784	24.08638	9.679282
11.73723	21.33725	24.08638	3.662503
14.71893	21.27702	4.687362	12.49073	13.94457
22.07766	24.01187	17.51301	11.94412	10.3146
24.01187	18.45072	20.76335	21.94969
17.27076	22.08946	23.94759
17.53256	21.4218	23.94759	15.07058	3.704407
16.68392	22.19482	10.88607	3.216105	10.21486
22.0882	18.92402	17.90919
21.68513	18.40397	8.663442
22.23113	17.67345	5.187622
22.33678	17.71549	24.17565	13.65495
22.3628	23.95931	18.25517
22.2536	23.94905	18.60321	1.106381
21.26549	23.94905	18.17397	2.177853	0.4244695	3.77144
23.94905	18.40347	0.5250956	23.51272	21.93086
23.94186	17.70853	0.6194196	21.40302
23.94186	16.80932	21.13075	2.160567	0.04752996	11.8186	23.15761	12.995	22.1588
24.16824	18.16324	0.3372531	20.92261	12.35557
24.0896	17.64537	21.81509	0.3053993	12.71256
24.02039	18.28276	21.01897	15.33093	5.235167	4.175929	12.34325
24.05392	17.02803	20.91082	5.775179	2.263077	22.4334	5.870003	11.21183
24.05392	18.44485	21.7806	3.066389	0.01161331
24.37399	18.05805	20.98977
22.32099	19.60227
22.5411	18.34255	2.959585
22.37667	19.09747	5.439614
21.75531	18.46583
22.27225	18.52219	4.988119
22.27225	12.3944
22.13338	15.28545	0.2510908
9.861475	22.23777	5.859681
6.214786	22.19306	22.73738	24.14662
23.95882	17.79922	20.90155
23.95882	19.0209	21.08057	22.20535	5.160043	12.59882
23.94004	11.61786	22.2911	22.99131
23.93947	22.36877	19.42092	15.37738	19.16521	11.79125
23.93947	17.16048	21.70122	9.165058	11.03984
23.93947	18.44713	5.86977	21.0989	5.818615
23.93947	18.41192	20.85415	6.003277
24.02216	18.32466	7.918103	22.04036
23.94456	18.76984	22.26488	9.977058	21.7774
24.01222	13.72437	20.87082	11.2074
24.00027	15.48407	21.98241	23.85224
24.00027	17.45752	21.16115	3.586584	21.30352
24.00027	17.91459	21.88935
24.00027	18.49826	18.43132	7.626616	20.847
24.15527	14.92726	8.611928	21.68492
24.00596	15.32269	21.72153	9.205224	11.01433	2.252053
24.00596	14.67442	22.06834
24.01336	21.98619	2.593138	21.55082
23.95832	21.85793	18.32432	8.17355	5.462622
23.97893	21.59235	16.72604	14.60545
23.97893	20.81087	18.23454	19.8407	4.157891
23.97893	20.85768	17.31118
23.97893	16.81932	22.30962	15.54085	14.18629
23.97893	17.02607	21.40177	4.721184	21.04745	23.00104	12.05821
23.94086	17.84711	20.81558	13.64352	2.935277	15.67962	0.2842918	3.934616
23.96653	18.31873	20.80179	9.121621	23.89739
23.96938	18.29937	22.11415	12.81755	3.34783	2.208434
23.96938	18.2586	12.7661	12.3684	21.71392
23.96938	19.61857	21.89242	0.1913517	18.42299
23.96938	17.24923	20.82279
23.95747	11.19807	21.44306
23.95747	14.07076	22.23412	21.43139
23.95747	18.37817	21.70605	5.941212	16.70496
24.10155	18.71968	22.33427
23.94861	22.17092	16.48285
23.91651	18.88747	21.72306	11.75462
23.96384	18.5242	21.69759	7.40159	6.92818
24.0078	18.27857	22.71427	6.95276
24.01895	18.46019	5.06698	22.26391
24.01895	22.26839	18.69694	16.54882	6.541287
23.95891	18.13916	21.16449
23.95527	18.48748	21.79535	8.459619	3.590303
23.94237	18.19716	22.28517	6.138727	8.244263
23.94237	18.22742	22.06889	7.596997	5.330746	21.44071
23.94237	18.28916	21.82384	6.908805	12.60103
23.94237	18.89464	21.69112	11.88064
24.08034	16.30418	21.70086
24.01014	18.12714	22.26636	9.980809	0.5673937	13.74397
23.98493	21.73826	15.66541	13.86453
23.98019	21.77056	17.96697	4.530383	4.47055	7.127249
24.03034	18.02084	22.20539	9.147126
24.19233	17.10396	21.937
17.08206	22.29338	10.94231	8.247754	4.383451	0.7544345
19.01201	21.36683	22.59013	15.763	3.540981	16.43125
18.06735	21.40968	23.95197
18.4752	23.95197	3.975327	22.07088
18.29708	23.94258	20.79977
23.95193	14.87498	21.47376	14.75267	10.29329	22.77022	22.65167
23.95193	18.55899	21.36259	17.67263	2.882851	5.489598
24.09254	21.45333	19.06354	5.493059	17.12001	2.880274
23.93899	22.11702	14.21349	23.76697	11.8169
23.98861	18.72859	22.71401	6.327358	8.049788	9.297529	3.313817	7.68629
24.07855	17.98251	21.68389	2.239186	3.58504
24.07855	21.68389	13.80528	19.12993	16.75656
24.49409	17.54752	5.282639	5.599966	22.12863	0.3632833
21.70967	18.58532	5.272326
21.87632	21.19117	18.24795
22.08679	18.43109	14.88524	13.41359	13.83621	15.1368
22.34944	17.73419
22.04534	12.41618	1.626962	23.56648
18.91195	22.33352	6.757491	22.20556	9.694261	21.98334	0.2152583	22.46122
18.99365	22.23089	2.385306	8.918264
17.43215	24.09137	21.73472	2.800374	13.90103
24.10804	21.18435
22.05952	14.44695	12.83462
22.35831	17.14953	5.076969
21.76432	18.79787
21.64785	18.08017	24.09637
15.78511	22.33837	11.94534	10.98106	1.72327
18.31007	22.55735	7.181993
18.8785	21.63165	22.28166	16.2854
17.9513	22.36302	8.328072	12.68389
18.3662	21.27789	4.3885	6.125181	9.27266
17.56117	22.11069	23.88085	21.4665	15.62704
18.3883	23.94342	22.33967	3.119791
19.0425	23.94342	20.83788	12.89894	15.42263	3.278315
18.44018	22.45698	4.717587	22.254
18.36056	24.46633	22.11872
22.61322	17.14984	12.15025	10.12405
23.8664	13.25747	21.11596
24.0521	22.43972	18.85905
24.07445	18.29965	22.08742
23.9658	18.27915	21.81952
23.9658	18.68056	21.59964	4.74942
23.93688	17.59239	21.76279
23.94053	17.17548	21.65614	7.925964	7.38321
24.01281	14.82589	22.24811	13.69824
18.26792	22.40784	6.356469	24.51457
17.82503	24.12998	10.64263	22.35547
18.57199	24.02957	22.6046	9.20549	16.19276
17.07228	23.94948	21.42822	7.099416
18.45845	23.94948	22.03276	10.20589	3.265536
17.12326	23.95784	22.29735
18.77423	23.95784	21.78963	2.835348	11.28035	22.59049
18.4667	23.99067	22.08671	13.59598	18.32317	10.67893	9.775465
18.77244	24.03568	22.04549
23.93344	5.998202	21.40544	17.3847
23.97861	4.908507	17.93712	20.90216	1.504372
23.97491	18.88429	21.11138	8.662674	2.686878
24.00212	22.48696	5.475752
24.12901	22.14736	16.32438	1.198671
22.11925
22.07389
22.31098	23.98728
21.7307	24.00113	5.881253
23.96041	22.18357	17.55281	21.63889	7.777619
23.96041	21.02309	18.2684
24.06202	21.70097	15.76315	12.71161
24.06202	20.78819	19.30229	5.095198
23.98973	18.94581	21.0985	0.2390039
23.98183	17.0001	21.55299
23.92109	15.76879	22.09465
24.26974	15.52948	21.89314	22.75544	6.760426
24.1059	12.54514	20.81619
18.25451	20.98043	5.134527	23.97922
17.97322	23.97922	20.9173
18.27606	23.97922	21.03531	4.58677
15.76346	23.97922	21.6815	8.521353	13.16567	0.4669418
23.97922	20.77713	18.66581	13.59692
23.97922	21.22684	18.36597	13.62881
23.97922	22.35525	18.87081	3.043617	22.05455
23.97922	21.49121	13.27984	12.88756	1.587993	2.325698
24.27614	22.30683	18.58602	16.03044	17.85717	12.25483	11.56135
23.94858	18.42185	7.677297	22.20525	12.21963
23.94858	17.24296	22.38168	23.2288	1.21112
23.95477	18.0297	21.21053	13.86156
24.09705	14.82189	21.59557	7.677068
23.79988	18.6709	21.75309	14.88787	14.60201	10.95839	23.11885	6.244788
18.91223	21.71909	13.12339	23.81613	0.1950574
22.36656	10.82256	24.01691
22.25571	24.01691	17.66741	10.58527	20.45348	3.020422
21.72633	23.96013	17.72524
23.94357	18.44652	21.18294	6.992795
23.94357	18.47824	22.07982
23.9948	18.20508	20.98391	7.304942	21.32742
23.96701	18.54671	21.98584	11.52774	3.777953	8.241837	9.514179	21.04031
23.96701	18.40557	22.12673	10.90336	13.98267	5.685663
23.95802	16.76887	22.02422	6.891949	21.13622
23.95802	18.09986	22.05916	9.48408	4.3929	10.39113	11.17634
23.9404	16.62532	22.24358	23.59491
23.99083	16.71182	22.25952	23.77088	11.21266
22.24116	10.15055	0.4311073
22.24241
22.32036	3.818909
22.00744
23.52598	21.13237
22.22351	1.382609	12.63986	24.40621
16.91142	24.19419	22.28995	0.3732645	9.108096
17.21312	22.01556	6.589435
19.48964	22.02126	24.05483	15.60539	13.19113
18.46764	21.06772	23.943	5.76843	22.64192
16.87659	23.95453	21.38953
16.36275	23.95453	21.25418	13.13206
15.05847	23.95453	23.7227
18.45455	23.97706	21.90473	1.501703
18.66295	24.05313	21.75784	9.443745	8.871145	18.43958
18.10147	24.05313	21.09122
18.94973	23.88135	22.10639	3.456876	3.126994
18.42612	21.78823	6.301866
22.25633	18.33652	14.18839	18.01529	2.219098
22.17966	18.95138	24.14166	14.27779	14.77804	21.16503
23.97184	16.40771	22.40288
23.97659	18.34346	21.24312	5.172032	6.042632
23.97659	19.03841	21.64628	17.60895	6.055878	2.06231
23.99168	17.72883	21.07952	2.658387
23.95413	19.15989	20.65911
23.95413	18.07932	22.16147	13.49755	13.73625
23.95413	18.5653	16.41754	21.80101	5.087598
