SpeciationRates
0.3314022	0.3693522	0.1226202	0.1204198
0.1873777	0.3125539	0.1211124	0.05941802
0.1313316	0.3970721	0.09650887
0.1860939	0.109956	0.3380554
0.2176943	0.1000122	0.3549611	0.021183	0.09868903	0.3213805	0.1318047
0.128918	0.1356432	0.3267906	0.08338721	0.1542551	0.1726692	0.135488
0.2033745	0.1159457	0.001871188	0.394543	0.2137107	0.2000226
0.1724202	0.1617044	0.01151634	0.3277341	0.0751646
0.108612	0.1621402	0.05151709	0.4494795	0.1609347	0.1303888	0.1760701
0.152688	0.1988398	0.02943594	0.4356556	0.1644261
0.2415107	0.09322328	0.02430399	0.3925934	0.07556051	0.1979844
0.2805399	0.001973425	0.3362782	0.09653502	0.2746551	0.07379152
0.1336887	0.05002746	0.1575278	0.3361182	0.2269684	0.1058135
0.09080272	0.01961995	0.1854968	0.2778574	0.1265104
0.1196495	0.01514858	0.4048731	0.1846322
0.1894126	0.01998739	0.3561992	0.11601	0.1586345
0.08636166	0.02363716	0.3411908	0.1590207
0.2453391	0.01452772	0.3703679	0.1724574	0.1811143	0.2747383
0.250372	0.01596767	0.2007209	0.2998316	0.1851369	0.3909228	0.1221563
0.08268261	0.0138106	0.4149986	0.1252327	0.1690125	0.1641831
0.2985077	0.03159527	0.3376241	0.1715431	0.07549481
0.2617166	0.004364456	0.4263232	0.1696789	0.1439844
0.1530724	0.004131195	0.4193822	0.1832416
0.1832628	0.009197998	0.4036338	0.2187381	0.1217048
0.1899173	0.01421559	0.2942487	0.0615067	0.1974578	0.2493128
0.3085517	0.02726544	0.3991523	0.07076778	0.161405
0.1508295	0.06027951	0.4154706	0.1942536	0.1375965
0.1238248	0.03210056	0.3055646	0.1618092	0.05495297	0.1982787	0.08425339
0.1761417	0.01474487	0.3442014	0.1765042	0.1890701	0.147802
0.1395906	0.009389821	0.3444822	0.1353849	0.2616161	0.08119105
0.1448252	0.02503225	0.3444822	0.1459547	0.2415357
0.09431265	0.00844135	0.340584	0.1886334	0.1482829
0.1879514	0.011732	0.384247	0.2326257
0.1481358	0.02816205	0.2924155	0.1157024
0.1138511	0.02766562	0.3423581	0.1728012
0.151697	0.02746152	0.4053857	0.1555292
0.1227443	0.05219183	0.3127578	0.1714801
0.2395116	0.01271833	0.3922167	0.1355544	0.199307
0.09304551	0.02976238	0.3613915	0.2142469
0.2378658	0.009668095	0.424167	0.1746535	0.1207996
0.2552694	0.004402744	0.3403081	0.2174519	0.2306408	0.276164
0.1741538	0.01900049	0.3428059	0.1454766
0.2334981	0.03170577	0.311961	0.1573791	0.1772431	0.208797	0.2421853
0.1591996	0.02398932	0.3303951	0.177919	0.1530746	0.1759823	0.16176
0.2382992	0.0007402516	0.3369897	0.1043972	0.2211649
0.1687371	0.01686138	0.3489306	0.1755182	0.1931583	0.1519737
0.1824996	0.0254588	0.1430601	0.06801352	0.3124511	0.1457327	0.2293992
0.345889	0.005253573	0.391049	0.1389624	0.1270728	0.1844783	0.2027341	0.1972506
0.2412273	0.003006707	0.3909024	0.2405807	0.1551763	0.1548854	0.1524113
0.2367064	0.02229274	0.3113078	0.1485138	0.007143837	0.09879583
0.2435199	0.03118186	0.1609777	0.3471466	0.2609998	0.1975833
0.3684559	0.04129778	0.1328855	0.3075451	0.1364176
0.1970048	0.01531225	0.3708468	0.1486718	0.1131001
0.07355012	0.002424439	0.3403413	0.1294945
0.2084977	0.01925036	0.3409889	0.1851459	0.1443444
0.1653312	0.004184274	0.3733025	0.1193362
0.1927436	0.007959019	0.1348705	0.2449525	0.1229487
0.1243762	0.002698951	0.210217	0.3161131	0.2152789
0.2400284	0.004417793	0.3523684	0.1289468
0.1505071	0.04242635	0.330031	0.2224127
0.2200954	0.01713989	0.3110819	0.141225	0.1251699
0.1150532	0.03216481	0.3548148	0.1143751
0.2144582	0.00408845	0.3750509	0.1929936	0.1077964
0.222888	0.4368307	0.03595541	0.09388287	0.1277291
0.1996657	0.39722	0.09642879	0.1256406
0.2006406	0.3042217	0.02201411	0.1611856
0.2134602	0.3872243	0.02776177	0.1500977
0.2897881	0.363785	0.001965938	0.1772472	0.1005645
0.2659378	0.3496565	0.009838442	0.1347009	0.1916473	0.1896687
0.2455338	0.02300494	0.3822908	0.240812
0.2135869	0.06751736	0.1769921	0.1343094	0.3394911	0.2429724
0.2111509	0.05246851	0.3312355	0.1773611
0.2912206	0.0256056	0.09391874	0.3025744
0.1726702	0.08284924	0.4437975	0.1145325
0.2927567	0.08002712	0.2491612	0.1403901	0.1223252
0.2170501	0.09687907	0.2972581
0.2281401	0.1117373	0.3820057
0.2450073	0.1086921	0.4918429	0.2551145
0.2318041	0.1060744	0.1169806	0.4121184
0.3039425	0.1326427	0.3432013	0.170509	0.2719049
0.2258758	0.08940449	0.3205096	0.247456	0.1825929	0.184512
0.1258683	0.08852339	0.3770487	0.1963853	0.1554028	0.3046295
0.1580907	0.07797868	0.3885146
0.3724519	0.1961251	0.3155104	0.02268762	0.2520616	0.1596051
0.1019196	0.1936424	0.4260827	0.06073217	0.2398249
0.2188083	0.384482	0.004644352	0.07474264	0.1843122
0.2583794	0.3505781	0.01363423	0.1999861	0.1377785	0.1780201
0.1590384	0.450541	0.008739368	0.1192056	0.1822413
0.1808073	0.3264925	0.03463302	0.1306657	0.2626886	0.1503295
0.2333232	0.02168128	0.1283568	0.4479783	0.08086131
0.1927997	0.02000895	0.1684204	0.3500773
0.2770773	0.02154328	0.2161676	0.3085099	0.2921801	0.1437093
0.1570854	0.02107457	0.2867424	0.3043217	0.1830779	0.2751175
0.1452335	0.005221486	0.2960279	0.2206441	0.21505	0.1321337
0.2886718	0.03054214	0.3835544	0.174637	0.1745251
0.2843775	0.007319662	0.3978544	0.1434007	0.2527201	0.129736	0.1639966
0.1233367	0.008868201	0.421417	0.2132508	0.1833131
0.3117476	0.004253536	0.1326919	0.3410111	0.1040598	0.1627539
0.1444368	0.03896397	0.1559608	0.3954624	0.2719124
0.2186805	0.3805267	0.00903268	0.1781603	0.1158352	0.112099	0.09022544
0.2136203	0.40238	0.02201801	0.1785299	0.1596673	0.1392309	0.1875425
0.1962292	0.3762882	0.01477255	0.1361839	0.1530879	0.1186075
0.2507103	0.4029599	0.04597531	0.2168003	0.1158838	0.1245769	0.2248114
0.2792173	0.4194929	0.01202122	0.2223217	0.1872827
0.348215	0.2010106	0.009296319	0.2563767	0.1867961	0.2629461
0.1941708	0.02311515	0.3105989	0.1427933	0.09003086
0.3017852	0.01055873	0.2994557	0.1738533	0.0859993	0.1842308	0.2788279	0.1672892
0.1962752	0.004286716	0.1301276	0.375661	0.1672979	0.143257
0.1527882	0.003391569	0.293796	0.281983	0.2836548	0.1303646
0.05893937	0.0005940781	0.3423854	0.1515758	0.1241661
0.1556259	0.03083025	0.4058143	0.1677163	0.1856678
0.1526049	0.02610293	0.3464846	0.1715746
0.1279093	0.007917297	0.3944172	0.1992334	0.08333793
0.1387662	0.005753982	0.3786947	0.1702944	0.2469251	0.0172869
0.1415137	0.02579946	0.3891116	0.1893063	0.1427672
0.1607929	0.02319543	0.3489281	0.1941843
0.1797591	0.08924707	0.3266656	0.1496122	0.1375497
0.2039842	0.020888	0.1269204	0.3425155	0.08892282	0.1055663
0.2022128	0.01141851	0.1512655	0.3485145	0.3308407	0.1569478
0.2563308	0.01356778	0.3722489	0.1998477	0.1321562	0.2262899	0.1673295	0.2223227
0.2000707	0.02448025	0.430362	0.1555245	0.1384572	0.1325687	0.1054934	0.1407866
0.1751626	0.02718891	0.3736345	0.1927599	0.1764868	0.3028899
0.2223515	0.03065282	0.329928	0.1645525	0.09943486
0.1231037	0.03706612	0.2948448	0.1162323	0.1402495
0.2782181	0.009446442	0.1654141	0.3233794	0.1969364
0.3650947	0.008482482	0.1288974	0.09437201
0.1898838	0.001914225	0.2148326	0.3218221	0.206618
0.2327277	0.01078954	0.3387173	0.1715764
0.07495755	0.02496462	0.3883993	0.2019227	0.1834756
0.1606672	0.01570681	0.4194599	0.1794491
0.1639201	0.02199709	0.3776311	0.129268	0.1543982	0.171643
0.1480615	0.01334722	0.163192	0.3250138	0.2099331
0.2568354	0.01355994	0.1535106	0.4230253	0.086895
0.1517508	0.01053146	0.3548505	0.142491
0.1759293	0.007607996	0.3390204	0.1186629	0.05960371	0.1663858
0.1764863	0.003061785	0.4242229	0.2238165	0.1760231	0.09631351	0.195997	0.1081777
0.2117764	0.003451202	0.3793214	0.2356396	0.1947226
0.1707674	0.004101082	0.3908666	0.1675964	0.1570577	0.2440367	0.2143641
0.3957196	0.006863629	0.3254919	0.1804777	0.08919898	0.1015382	0.1472186
0.3031603	0.01568279	0.4058721	0.1328702	0.1299556	0.2567103	0.1256771
0.2025537	0.01919033	0.37769	0.1974947	0.1550476
0.2958718	0.01081772	0.106275
0.1044255	0.007882498	0.1865259	0.2943062	0.1498561
0.1482086	0.002373309	0.3405141	0.1151976	0.206278
0.2258654	0.007888332	0.3649623	0.202666	0.1014041	0.1155646	0.1872557	0.2242023	0.1340595
0.2881284	0.0004333155	0.1467067
0.2453842	6.219092e-05	0.185091	0.4439357	0.2220799
0.1700443	4.538057e-05	0.2472569	0.3648566
0.2969364	6.936111e-05	0.2031859	0.304824	0.1490298	0.2584509	0.1310094
0.2456071	0.0004520396	0.2660718	0.2517837	0.4006714	0.0955283	0.2245015	0.1947069	0.03630899
0.1977166	0.0008396112	0.325738	0.1139761	0.2341878	0.2685349
0.2935007	0.003899223	0.3179879	0.1904734	0.04165408
0.3720218	0.0002837273	0.1815478	0.3841158	0.09522822	0.2329229
0.3104635	0.0008692616	0.4924234	0.10066	0.2531435	0.1881243
0.1584949	0.006369682	0.3274613	0.1145231	0.1763743	0.1684541
0.2801601	0.003752384	0.3458386	0.1991258	0.148296	0.1796547	0.2711044	0.2837229
0.3372628	0.01383395	0.3330903	0.2358429	0.08165732	0.1062167
0.1032153	0.02293511	0.4045694	0.1626143	0.2185235	0.1436781	0.2865894
0.1794697	0.02996606	0.3647695	0.1436161	0.1378853	0.11367
0.1830272	0.04575812	0.4853995	0.2352257	0.2595043	0.09045581
0.2502939	0.001279088	0.3301082	0.1510677
0.1803233	0.0163685	0.1054309	0.2624455	0.1188228	0.2113782	0.3787295	0.2316128	0.2537819
0.2412068	0.006791637	0.308755	0.1021956	0.1526486
0.178246	0.001963748	0.394032	0.137741	0.1631201
0.1110215	0.0001755241	0.3751828	0.1760495
0.1823839	0.000366391	0.3988373	0.1654721	0.2237305	0.09894105
0.2284012	0.004151983	0.3324298	0.1100666	0.09228448	0.2346085
0.1690244	0.005239752	0.3372179	0.2055879	0.08407978
0.1488807	0.01238882	0.3372179	0.1830488
0.2357717	0.006108826	0.3929486	0.1756158	0.1429247	0.1397371
0.137044	0.03511674	0.3924099	0.1696422	0.08083986	0.256575
0.3362559	0.03098721	0.2987193	0.2180804	0.146471	0.1919413	0.2369185
0.1120852	0.01235301	0.168601	0.4096978	0.1684897	0.04571109	0.07649459
0.1265566	0.004482001	0.366099	0.1976798	0.09686255
0.3219624	0.03331992	0.3522785	0.1369219	0.07660737	0.2137345
0.2616928	0.005714552	0.3810815	0.2317801	0.1605276	0.1638259	0.1859466
0.2506977	0.01785995	0.3911806	0.1441236	0.2724714	0.1090282	0.1906587
0.2076147	0.0107546	0.4156973	0.1859715	0.1793172	0.05236694
0.1632439	0.001371024	0.3701969	0.1739451	0.1256859
0.1751588	0.004008774	0.3643791	0.1685341	0.1516911
0.221458	0.01982989	0.3937197	0.2214885	0.1275346	0.1884625
0.3082969	0.08915236	0.29046	0.1822951	0.2503249	0.1876022
0.211833	0.01368509	0.3471396	0.1414627	0.1328841	0.2108281	0.1303542
0.1831824	0.07026113	0.3075334	0.1645724
0.1839299	0.02511313	0.4628164	0.1034135	0.1651776
0.1631534	0.01650081	0.3132455	0.1689902
0.09504311	0.006656205	0.1732833	0.3653162
0.2001333	0.01869439	0.3637481	0.1964041	0.2558202
0.1946052	0.004803339	0.1619814	0.3907257	0.1198865
0.1734706	0.006042395	0.161448	0.3105926
0.1918181	0.02754274	0.3476671	0.2107074	0.1624619
0.2401299	0.005944384	0.3588428	0.1637408
0.1913821	6.415725e-05	0.436661	0.2032112	0.2122813	0.1548344
0.225887	0.0002414779	0.3731281	0.160422	0.1339248
0.2163	0.0001462902	0.3413922	0.1716855	0.154156	0.1476511
0.2319773	4.970616e-05	0.1887033	0.3820646	0.2132376	0.1924056	0.2198879
0.1568037	4.409586e-06	0.4105806	0.1560037	0.1282962
0.1376513	0.0001293272	0.1930551	0.1410102	0.2310414
0.1509457	0.006902237	0.3401752	0.2716509	0.06522629
0.07102463	0.03193009	0.1457978	0.2852169
0.3403565	0.006852176	0.1104883	0.165702	0.4210124	0.004698854
0.2158834	0.000700926	0.1321884	0.3922442	0.2760512	0.1111975	0.07277842	0.211291
0.2351166	0.004212937	0.1579811	0.3528249	0.163345	0.1114017	0.1391799
0.1387218	0.02947315	0.3572291	0.1855491	0.2897049	0.209576
0.2115389	0.007549033	0.3715949	0.1376054	0.1191989	0.115648	0.1314727
0.2000199	0.000771545	0.3840256	0.1437763	0.2043569	0.2853535	0.1069446
0.07843757	0.05750603	0.3571804	0.1998957	0.1956107
0.2197367	0.008164242	0.1747482	0.3400385	0.1440626
0.2728703	0.03326672	0.1531309	0.3611681	0.0750259
0.1754791	0.02296331	0.134686	0.3887281
0.1728784	0.006251428	0.3213265	0.1745275
0.1381898	0.01263142	0.3288461	0.1201734
0.1767179	0.01541629	0.4116362	0.1735068
0.2367943	0.03119587	0.3805002	0.2084473
0.256599	0.008068251	0.3781194	0.1280826	0.2682521	0.1686874	0.164883	0.1950451
0.1519897	0.004291942	0.2921609	0.1748506	0.1257288
0.2632685	0.01887398	0.3749877	0.1243103	0.1671693	0.1478349
0.2955378	0.005195346	0.3815909	0.1568664	0.2454447
0.2248053	0.003339186	0.3386438	0.1327017	0.2356522	0.2080411	0.2620147	0.1517201
0.2961221	0.004602397	0.4221254	0.1406255	0.1721268
0.1873297	0.01118715	0.2868271	0.1299795	0.1427852	0.2121583	0.1645075
0.2438143	0.004314343	0.3388711	0.1986273	0.09230935	0.220918	0.2028353	0.1711118	0.1695227
0.2452119	0.001501989	0.3038074	0.1367496	0.1354272	0.2493465	0.1794156
0.3117322	0.001518937	0.3989932	0.1508898	0.1638632	0.1995023
0.1966406	0.04315526	0.3299309	0.199654	0.2991061	0.180027
0.1864962	0.02358867	0.4077173	0.1153662
0.2343728	0.05037854	0.139057	0.41612	0.2125234
0.2620385	0.009471729	0.1082181	0.3468656	0.1823304	0.151869
0.2223669	0.02373749	0.1968554	0.4218093	0.2325309
0.3217751	0.009167016	0.3655365	0.106343	0.1986355
0.1326406	0.01706326	0.4383775	0.1641861	0.2530746
0.1863763	0.02728692	0.3866748	0.1287506	0.1012372
0.2109834	0.1253856	0.2906652
0.1330518	0.1268034	0.3803032	0.0248874	0.1446525	0.1936627
0.1079998	0.4141552	0.01052838	0.1694505
0.1359419	0.01059973	0.1705331	0.4540969	0.1933852
0.2985005	0.0478926	0.3325613	0.1775163
0.1734006	0.03838786	0.4035494	0.1363151	0.2098992
0.07249438	0.002651882	0.2261459	0.1959775	0.3316419	0.1439913
0.1727342	0.02764536	0.3062258	0.1339649	0.2027571	0.1651954
0.1953381	0.03171907	0.3444061	0.1937445	0.1845335	0.1502264	0.2218615	0.1267656
0.1624367	0.01648504	0.3610807	0.13488
0.2978118	0.02252068	0.4012467	0.1646697	0.1278639
0.1039316	0.006652328	0.4205524	0.2033611	0.1205596	0.2751017	0.4004858
0.1335884	0.004347261	0.3682256	0.1475589	0.106574
0.06712313	0.006960579	0.403485	0.1558122	0.252315	0.1526512
0.3062325	0.001370984	0.4204833	0.2069601	0.2224228	0.3272696
0.1642847	0.01523288	0.4649508	0.1744569	0.3276554
0.1686792	0.008780017	0.3660293	0.2223066
0.08899101	0.08279647	0.3953176	0.1692696
0.1749207	0.2028219	0.084326	0.1764401	0.3446168	0.1552013	0.1518315	0.2166737
0.1174944	0.1110999	0.361007
0.2836767	0.09450644	0.3127277	0.192693
0.184698	0.386783	0.08881249
0.1314229	0.333703	0.1953216	0.2226524	0.1090891	0.1143982
0.2635484	0.3571607	0.1610857	0.01666702	0.1651207	0.1479422	0.1164323
0.1375655	0.3571607	0.02680048	0.167608
0.2012888	0.01830276	0.1547915	0.3996423
0.265175	0.01829863	0.36029	0.2021348	0.275281	0.2373051	0.1254848
0.1818172	0.04217135	0.3887901	0.1647519	0.1432579	0.09009408	0.2395762
0.1395465	0.03118743	0.3503448	0.1599422	0.1389438
0.1475047	0.006886141	0.3772706	0.177401	0.2260172	0.1753444
0.244734	0.01193842	0.3264002	0.08549678	0.2076473	0.2382068
0.1745164	0.007890379	0.3920785	0.1361584	0.1145757
0.3028485	0.0006863674	0.3734103	0.1757668	0.1827764
0.2321061	0.0001339843	0.3532226	0.1762585	0.1978351	0.2192908	0.0930851	0.07389887
0.1820102	3.57715e-05	0.3308943	0.1817477
0.3728008	0.0001149522	0.3099116	0.1602892	0.1529538	0.122687
0.09584179	0.0005470037	0.2897298	0.1839381	0.1325734
0.2619525	0.00352836	0.3072206	0.142224	0.2804307	0.2005213
0.1917245	0.007434889	0.4039602	0.13736	0.116443
0.1538579	0.02712895	0.4002221	0.1957922	0.1897033	0.3005956
0.1168793	0.02014838	0.3622664	0.1752967
0.2340447	0.01389022	0.4352276	0.2250953	0.2097656	0.1279799
0.1486349	0.004100859	0.1454793	0.4326156	0.06398834	0.3131909	0.3502991
0.2722568	0.01390488	0.3366843	0.1866852	0.1799962
0.1602513	0.04173648	0.3142762	0.1183467
0.2077138	0.004277765	0.4678044	0.1744975	0.1603826	0.147467
0.1777135	0.04654542	0.2311742	0.3627643	0.1604579	0.1425902
0.245392	0.009447249	0.3700817	0.1367404	0.2340791
0.3653785	0.01120002	0.1394358	0.3429462	0.09490714
0.1565299	0.0370655	0.3552512	0.1553708	0.1369481
0.1716395	0.002751592	0.2869162	0.2767682	0.3614401
0.3269828	0.01800287	0.1765128	0.1510483
0.1447426	0.01209544	0.2211796	0.3445139	0.3292897	0.1877643
0.2196187	0.0008629224	0.3793066	0.1813056	0.08929782
0.1380354	0.04025922	0.4507215	0.1827897
0.2797316	0.3319123	0.1107894	0.2186231	0.206188	0.2461708
0.2281564	0.2890874	0.1573798	0.1580051
0.1760579	0.404017	0.1093386	0.2222184	0.0361257	0.1608856	0.08790727
0.3448674	0.3406145	0.09154117	0.1625642
0.1571476	0.3476625	0.02558669	0.1396212	0.1383522
0.3372822	0.3898426	0.0178212	0.1912966	0.1954603	0.2062597
0.2885126	0.4243226	0.01437193	0.1897365	0.1126379	0.09409209
0.2229482	0.008879361	0.2015788	0.05728005	0.3544713
0.1775405	0.006659692	0.1975126	0.3384536	0.1473448
0.244581	0.003294874	0.3776617	0.1850869	0.06721838
0.1652373	0.01347957	0.5540603	0.1789437	0.15513	0.1361399	0.1469106
0.1607958	0.03996231	0.324298	0.1531525	0.1577281
0.1859843	0.1046179	0.3351313	0.03778234	0.09048353	0.1936306
0.2569084	0.09212041	0.103112	0.3298474
0.1476729	0.08626254	0.2993251	0.1757881	0.217488
0.1433769	0.1006611	0.4172018	0.2260473
0.3333499	0.4140119	0.1385525	0.1684239	0.08569168	0.1511858	0.2004714	0.2243189
0.1761978	0.01460785	0.1853938	0.3656944	0.2555486	0.1639416	0.04941562	0.228191
0.1681292	0.02710452	0.215315	0.3656944	0.0801933
0.3201339	0.01681809	0.4242983	0.1830874	0.1141151
0.3088526	0.02210243	0.3862634	0.1680472	0.05823395	0.1422244	0.2250075	0.2199674
0.1340382	0.005173943	0.3682081	0.1326023	0.1853755
0.2524371	0.0177125	0.332843	0.1588372	0.1498238
0.2664553	0.01204241	0.1715693	0.3517232	0.1397351	0.2096789	0.1314155
0.2985294	0.005703835	0.4278966	0.1842204	0.1898774	0.2797908	0.175173	0.1545586
0.3057775	0.002786307	0.4218601	0.1963337	0.2090232	0.1904146
0.336623	0.001233854	0.3807501	0.2083342	0.1884255	0.1563998
0.2372339	0.04976061	0.4047195	0.2831225	0.1420707	0.1240768
0.3280463	0.05076121	0.3448499	0.2213047	0.1854312
0.263427	0.01175328	0.3138667	0.1305676	0.156161	0.1770488	0.1646063
0.2260113	0.01635275	0.1508765	0.079548	0.4597901	0.1098734	0.122585
0.1661252	0.01834344	0.1523898	0.3875637
0.1793292	0.02374936	0.1160175	0.3346541	0.1378006
0.2124544	0.0249975	0.1314971	0.4079327
0.1522946	0.01450358	0.149582	0.37224	0.3012007
0.1173928	0.02694622	0.37224	0.09047627	0.04397127	0.173017	0.2837176	0.1613145
0.09037427	0.03206198	0.4117391	0.1370514	0.2050267
0.1996511	0.003746001	0.4186761	0.1509503	0.04938162	0.1007953	0.1158896	0.1058945
0.2605292	0.01244298	0.3145342	0.1642896	0.09238366	0.1962144	0.3011483	0.1320618
0.2545242	0.02197854	0.3701006	0.1774754	0.1544327	0.2556945	0.1702256
0.1859747	0.01912992	0.353333	0.1970757
0.1408619	0.02248507	0.3093613	0.1552518	0.1824184
0.2417547	0.01089019	0.3943541	0.1925575	0.08677715
0.1011358	0.01655106	0.3576519	0.103753
0.04795346	0.01141149	0.3398046	0.1052906	0.1927721	0.1388728
0.219403	0.003768235	0.2977164	0.1903751	0.1188727	0.1244981	0.1891694	0.2120465
0.1674218	0.02163652	0.3289657	0.1574009	0.1477172	0.1678654	0.1439743
0.2928836	0.003817857	0.3878794	0.1612538	0.2253651	0.0822089
0.1539924	0.01690148	0.2960115	0.1353454	0.3180195
0.2189091	0.02896626	0.1621199	0.3129371	0.2144846	0.1935152
0.2000016	0.02074376	0.147102	0.4251021	0.2076164	0.2398683
0.291883	0.01674107	0.4212788	0.2048355	0.2158374	0.2250931
0.3290584	0.0008358099	0.1528832	0.3792537	0.2415363	0.2570203
0.2293372	0.001685251	0.1457054	0.3396441	0.1564315	0.2116922
0.2450394	0.00237466	0.351704	0.1444038	0.1968875	0.1824275	0.02808565
0.2988399	0.001130456	0.3638853	0.1472627	0.165228	0.1493138	0.1403215	0.1779356
0.3348403	0.0125095	0.3616252	0.1475223	0.2216894	0.2493187	0.2291156	0.1346089
0.2226797	0.02373514	0.2860136	0.1451567	0.157099
0.172368	0.0198766	0.1688581	0.05051125	0.1455364	0.1670704	0.1322548	0.3063296	0.1980575	0.1848098	0.1040739
0.1559347	0.01164929	0.154827	0.3875909	0.1951504	0.04445673
0.1613952	0.0188902	0.1196357	0.3518559	0.1055861
0.2631013	0.07239639	0.3821126	0.1332364	0.2679002
0.1993579	0.08194367	0.3389029
0.105003	0.099471	0.3436113
0.3291701	0.09520537
0.2804494	0.09972387	0.2927617	0.1178493
0.1490043	0.08132372	0.1885638	0.3255895	0.1540933
0.1308526	0.1337577	0.4174241	0.1276013	0.1410205	0.2050602
0.1918664	0.1276799	0.4100189	0.07374818	0.1663706
0.149081	0.09110578	0.2919676
0.1301404	0.1068513	0.2892246
0.2154884	0.1012805	0.3200678	0.01225853
0.2446622	0.0512066	0.1395807	0.3150184	0.347244	0.1995461
0.1708125	0.04416596	0.3509826	0.2440359	0.1820329
0.1702819	0.02559015	0.3024649	0.09121579	0.1564165	0.1041671	0.1888906
0.1863188	0.0460158	0.3950851	0.2086806
0.361206	0.1276543	0.4149575	0.1140279	0.05560729
0.1674501	0.1351645	0.3173783	0.04759033	0.1607632	0.1874389
0.2523126	0.0517194	0.4518721	0.2323342	0.2278435	0.1166795	0.2240944
0.1056203	0.07799158	0.3265412	0.1489367	0.1975487	0.131692
0.2312314	0.1098033	0.3381292	0.2767185
0.336176	0.0733411	0.1496923	0.1011071
0.3514614	0.003332334	0.2689571	0.1129659
0.3324757	0.01762936	0.1614551
0.3073958	0.02114006	0.3793689	0.1747866	0.1937957
0.3680595	0.01061624	0.3808184	0.1608115	0.08956887
0.1463979	0.007598376	0.4255981	0.1766118	0.2077794	0.1878758	0.2028981	0.1617218
0.2038165	0.03840294	0.3531348	0.09959486	0.1175282	0.2255308	0.191896
0.162942	0.06868451	0.4475855	0.1445063
0.2339033	0.04727882	0.3497237	0.1723608	0.07943013	0.2045392
0.1910021	0.01221423	0.4111367	0.1222953	0.1815798	0.1458284
0.1723198	0.01566048	0.2974925	0.1243615	0.3056503
0.09833071	0.3690888	0.1735863	0.02153924
0.2251846	0.00919381	0.0952435	0.293203	0.4181402	0.2109519	0.1935418
0.2039161	0.01481024	0.2086439	0.4309768	0.1877315	0.08780009
0.180086	0.04568841	0.3640963	0.2252201	0.05755276
0.1186937	0.03467638	0.3825577	0.09298365	0.2333453
0.2454755	0.01868537	0.3162515	0.1735292	0.05867693	0.1099164
0.1295238	0.04090727	0.4190557	0.1163371	0.3531172	0.3000983	0.1053813
0.1941255	0.01025344	0.199792	0.3570172
0.1886143	0.01422335	0.1977647	0.4165296	0.1904465
0.1955647	0.04370234	0.1512079	0.1566123	0.4231926	0.2299934	0.157241
0.2324643	0.005125348	0.2609755	0.1714157
0.2673209	0.01231035	0.4268533	0.1690753	0.1245004	0.262245
0.2092872	0.001323776	0.4561579	0.1593326
0.2212857	0.01044894	0.3782957	0.1550136	0.141583	0.2327983
0.1289562	0.03074474	0.3172843	0.1523452	0.2056455	0.1918334	0.1827294
0.179042	0.04079574	0.4743739	0.1768297	0.2208667
0.1626648	0.0137171	0.4233648	0.2021776	0.2203666	0.209246
0.2378744	0.005734255	0.3658649	0.1951143	0.1888825
0.1836422	0.003145158	0.3922921	0.2397275	0.1675339	0.09142206
0.2011883	0.005100833	0.3922921	0.1560087	0.1519872	0.169255	0.118662	0.1334222
0.2098109	0.007618354	0.4028226	0.1856155	0.1645802	0.1493568
0.1262344	0.06279401	0.4188775	0.1911802	0.09978233	0.2521783	0.09062057
0.1205647	0.005918612	0.3355748	0.1190831	0.2362515	0.2361243	0.2011704	0.1247603
0.07704859	0.009371936	0.3521346	0.2107647
0.1778507	0.01327606	0.4134759	0.1656395
0.191297	0.001684244	0.3355318	0.2288217	0.2341765	0.2083413	0.1894987
0.1561746	0.04002198	0.1513958	0.3032285	0.1950441	0.2796445
0.2644091	0.01306491	0.1970369	0.3717718	0.1578037	0.2508006	0.1765608	0.2781956
0.2320044	0.02165268	0.315355	0.1894526	0.1788767
0.2142721	0.3723401	0.214615	0.137752	0.2178711	0.08365214	0.1786632	0.1137935	0.03309858	0.1226775
0.155026	0.4027545	0.07815072	0.1675775
0.2530873	0.4157212	0.1297213	0.1720703	0.2479188
0.1715503	0.09215028	0.4218803	0.2612638
0.1558696	0.03289537	0.2870692	0.1994296	0.1524023	0.1281919	0.2108345	0.09709665	0.1722136
0.09272407	0.01164954	0.1822287	0.3803134
0.3232324	0.02748726	0.2713675	0.1041507	0.1016907
0.2400342	0.05089483	0.4526825	0.178855	0.2258465	0.1968888
0.1032661	0.01748531	0.3929802	0.2001726
0.2288622	0.006019161	0.4397953	0.1326211	0.3223481
0.1530779	0.03723732	0.3026381	0.2424592	0.2216047
0.1189656	0.0312268	0.1768321	0.3270898
0.2349488	0.006472412	0.2192275	0.3459005	0.114036	0.1271796
0.2071362	0.002349515	0.1816846	0.3781089	0.2389615	0.353716
0.2447959	0.01644295	0.2087365	0.4262441	0.06397453	0.198324
0.1188516	0.04039329	0.2107217	0.3225041
0.290895	0.003221075	0.146754	0.4890315	0.1227597	0.166904
0.2278472	0.005902608	0.3128919	0.1397004
0.1806788	0.0187061	0.3899787	0.1960469
0.2351955	0.02490672	0.277256	0.1819862	0.07295525	0.07691858	0.2984899
0.1442347	0.006966566	0.3260272	0.164145	0.1601885
0.2732123	0.009598403	0.358239	0.2085865	0.1092712	0.06401279
0.1499387	0.02653475	0.3475663	0.1597418	0.0926324	0.094585
0.2159034	0.03343852	0.4258212	0.1417357	0.1684891
0.2013976	0.03862162	0.2928086	0.1710813	0.09610245
0.2810216	0.04096692	0.1612453	0.2730189	0.3661975	0.3006087	0.1811895
0.2449368	0.004378977	0.3291418	0.1572739	0.2502252
0.1659086	0.1165783	0.1646419	0.4218221	0.200613	0.1075119
0.2499204	0.01530522	0.1415523	0.326667	0.1225672
0.1631772	0.03385113	0.3920822	0.1344235	0.1963082	0.2291078	0.1890853
0.135529	0.005558044	0.3878185	0.1888053	0.1807492	0.2531534	0.1152291
0.3324483	0.03599032	0.3331047	0.1322668	0.1937471	0.1437578
0.07111045	0.04152665	0.3301488	0.1484563	0.04248693	0.3354154
0.2152942	0.0060501	0.3954255	0.2236595	0.2855859	0.3015094	0.2562549
0.1247432	0.001791077	0.1146102	0.302365
0.3167817	0.0004892196	0.1421507	0.2671156	0.3238024	0.1575473
0.2597101	0.005406315	0.1457643	0.1425233	0.3296066	0.2723433
0.3043332	0.006147821	0.4801109	0.1861601	0.1385685	0.1061839	0.3211098
0.2088023	0.01337306	0.2132311	0.3191151	0.08367519	0.1578759
0.1498765	0.009953668	0.4375755	0.1951196	0.09820212	0.2073563
0.1416481	0.004707611	0.3688725	0.1525194
0.1511973	0.01036338	0.2281879	0.3368309	0.09942333	0.1201459
0.05798096	0.001891659	0.1379132	0.2999189	0.2786318
0.2341433	0.001466304	0.362165	0.2139185	0.1364247	0.1044823	0.09507908
0.2388067	0.0762322	0.4096482	0.1882132	0.1392317	0.1260494
0.156194	0.06495393	0.3522963	0.1887828	0.1323773	0.2365301
0.1281092	0.0688339	0.4160261	0.1621659	0.1204061
0.1043296	0.3788979	0.09392355
0.154227	0.3647588	0.1049186	0.2362965	0.08551847
0.2101013	0.113387	0.341182	0.3052657	0.0916603
0.2710226	0.07453171	0.334565
0.1202995	0.3273389	0.07046293
0.185197	0.08460998	0.1187746	0.3937618	0.2103342	0.2149505
0.1179565	0.05517743	0.3231002	0.1539468	0.1432688	0.1981788
0.2167151	0.04891591	0.3233088	0.1953852	0.1488424	0.1691949
0.282679	0.04552628	0.3977092	0.175638	0.151753
0.2653763	0.008137278	0.1847017	0.1570381
0.2097468	0.0007041831	0.1691642	0.3544311	0.1216437
0.1722928	0.0005677847	0.1990464	0.4081028	0.167847	0.2435865	0.2987642	0.1006991
0.07980963	0.002792379	0.4353435	0.1972321	0.2379046
0.09480388	0.0006235653	0.3759638	0.1665839
0.1264269	0.001997776	0.4054344	0.1792059	0.1201597	0.03728749
0.3221795	0.02958153	0.4552385	0.1622672	0.2649915
0.2668132	0.02987737	0.3356223	0.2517714	0.2388657	0.139186	0.0986294
0.1880536	0.009120598	0.4235073	0.2002473	0.2745061	0.2107908	0.1395482
0.2554724	0.04526785	0.3981062	0.1571404	0.09311637	0.2510829	0.158037	0.1996513	0.2219063
0.2317564	0.007417366	0.4577063	0.1832799
0.1065101	0.01512906	0.3831667	0.1950072	0.2233381
0.2084486	0.03985012	0.3480641	0.15387
0.1327862	0.02949753	0.4476642	0.1737121	0.1750745
0.278692	0.2934678	0.1081237
0.06222031	0.3474899	0.1009668
0.27866	0.3652817	0.1384798	0.009864152	0.08694651	0.1465091
0.3156768	0.3781631	0.1854274	0.03677125	0.1574018
0.1889239	0.3393391	0.00708408	0.15087	0.193807
0.1850388	0.04027897	0.3719004
0.1914701	0.08013392	0.309554	0.2352779	0.2209139	0.1931659
0.172132	0.1075086	0.3063656	0.1227482	0.2549226	0.0579216
0.1862001	0.4023957	0.07509522	0.284588	0.2207686	0.1218006
0.2523492	0.1322425	0.4131243	0.1491406	0.2247116
0.2454794	0.05730454	0.3748537	0.1941052	0.1252667
0.347023	0.04450007	0.1547089
0.1799611	0.006040785	0.1539993	0.4100302	0.08429649
0.1041291	0.03676865	0.4471846	0.1298589	0.1773162
0.1729567	0.009710604	0.3798869	0.1510414	0.2351191
0.1745661	0.002651723	0.441759	0.1135903	0.1467117
0.2113295	0.01350399	0.441759	0.1876878	0.2263025
0.3312005	0.04788625	0.1639042
0.1613036	0.001421036	0.1790538	0.378699	0.09491399
0.2427155	0.007386999	0.1577842	0.3993983	0.2935217	0.1695035
0.2985715	0.07624238	0.1763458	0.4546781	0.2035316	0.1136679	0.153805
0.3425987	0.08086958	0.4460565
0.1950758	0.1325185	0.4082067	0.1066276	0.1428117
0.1157516	0.09367295	0.4454341	0.1569792
0.2653955	0.08932285	0.3347518	0.2160813	0.2445386
0.1789362	0.09609474	0.4347043	0.1520011
0.1393868	0.1720693	0.3374394	0.04933507	0.1270831
0.2026779	0.3524981	0.008485196	0.1417352	0.2094399	0.2691655
0.1651671	0.3601526	0.006515956	0.1627049
0.3803536	0.006883953	0.2143883
0.3107226	0.09631196
0.2399084	0.07285715	0.3172537	0.3346832
0.2972697	0.06954874	0.3133581
0.1808003	0.1251911	0.3109843
0.2535778	0.0770397	0.4087697	0.1160365
0.291898	0.08993578	0.2961491	0.1195096	0.2961465	0.2497682	0.2937083
0.1855583	0.0754545	0.2738411
0.2384286	0.08711038	0.322495	0.1394978
0.3037116	0.01081673	0.3166167	0.166385	0.1639866
0.3507727	0.001061207	0.1454756
0.3471259	0.002191327	0.2387473
0.3194601	0.01874193	0.1945047
0.3220091	0.02923007	0.1366086
0.4275159	0.03068299	0.2091108
0.4153458	0.001652623	0.1341391
0.3023752	0.01773715	0.09961228
0.1597326	0.001975134	0.1821299	0.417731
0.1363558	0.02498266	0.4418958	0.1605627
0.2984341	0.0008871126	0.20121	0.328947	0.2588662	0.1392597
0.2945613	0.04037241	0.141541	0.3679651	0.07606435	0.3102417
0.1688407	0.4823497	0.1351083	0.08659973
0.09236089	0.1159529	0.509477	0.1760197	0.2265304
0.1978034	0.3505948	0.1025587	0.2064523	0.07191593	0.02975896
0.2547945	0.3838677	0.134715	0.03097169	0.176001	0.1667242	0.2559451	0.2890902	0.2659897
0.2652888	0.3811813	0.1565223	0.01427427	0.2194624
0.2029173	0.3030523	0.1583932	0.004597826	0.2090774	0.208805	0.1203644	0.1139011
0.3189103	0.3946269	0.1793801	0.009083391	0.2272072	0.2824371
0.1924343	0.3691919	0.1799802	0.05267237	0.09979459
0.1676479	0.3367278	0.007641675	0.1793927	0.05925079	0.2227735	0.1697897
0.1214571	0.3757822	0.01988569	0.137051
0.1369601	0.3458373	0.03764758	0.137775
0.2402993	0.3794524	0.002099835	0.1908551	0.2402885	0.145311
0.2726214	0.3486904	0.002805851	0.1447218	0.1523736
0.2504425	0.001994798	0.1280088	0.3667743	0.2080369	0.3022506
0.1074058	0.009875259	0.3486463	0.2016203	0.1116681	0.1674415	0.1075224	0.1187182
0.2928255	0.03427271	0.4177653	0.2110547	0.07887882	0.1841197	0.2500638	0.1523371
0.2063662	0.1026155	0.3093129	0.08501525	0.1903442
0.2378807	0.3624531	0.0701499	0.05192413	0.1359429	0.1346738	0.2511804
0.1092649	0.3030661	0.08163936	0.1555969
0.1161708	0.3429213	0.07745911	0.07122298	0.2606146
0.2046862	0.4044916	0.1096733	0.1173371	0.2866874
0.1707111	0.4099722	0.1028646	0.2960402	0.2243198	0.155332
0.2097434	0.4142796	0.02291103	0.1646608	0.2733445	0.1804419
0.174424	0.4330573	0.02144654	0.2592726	0.1498519	0.2145114
0.259157	0.05009889	0.1703821	0.1122549	0.3345751	0.170919	0.1431688
0.2216751	0.01541571	0.167447	0.4081979	0.08812678	0.1369123	0.2828717
0.2686153	0.03910225	0.3739107	0.1506603	0.2318417
0.2280815	0.005426678	0.2066363	0.1086565	0.08599011	0.2806489
0.2542553	0.00323853	0.1705969	0.4525775
0.1973505	0.06373217	0.04110152	0.4140042	0.1769181	0.2490389
0.3698432	0.01779247	0.1782279	0.1338138
0.2269898	0.002233364	0.1084529	0.4308595	0.1525522	0.1954149	0.3599487
0.3057492	0.01053558	0.3449164	0.1678954	0.07427936	0.12102
0.1684699	0.009432144	0.316303	0.1689236	0.1987778	0.1402049	0.1425454
0.1585585	0.02063122	0.4344045	0.1894951	0.1808528	0.227378	0.2829249
0.2069626	0.009542069	0.3051679	0.1854629	0.09317845	0.05411492
0.1865938	0.004713586	0.3907256	0.1457216	0.3193712
0.3691053	0.02110528	0.4493644	0.1361563	0.06936059	0.07771965	0.07379189	0.1679568
0.1953684	0.004565988	0.1521659	0.4326906	0.1608432
0.2369808	0.01815036	0.426813	0.03989714	0.1843917	0.1861717	0.2542147
0.2455023	0.02964511	0.4475846	0.1491577	0.127027	0.1004182	0.2684798
0.1849987	0.02198481	0.3560526	0.1761774
0.1315229	0.01380167	0.328258	0.1438553	0.4102822
0.3379231	0.03911018	0.328258	0.1292592	0.1937123
0.3599491	0.02203057	0.1776687
0.1579143	0.01641991	0.1765491	0.3877477
0.2003604	0.01400437	0.168757	0.2382618	0.2459039
0.1614963	0.4144579	0.2144079	0.05884384	0.2230138	0.1473178
0.1896601	0.371555	0.004930993	0.1597642	0.1058042
0.2294514	0.001218745	0.1993034	0.3641627
0.2609904	0.01416443	0.1213227	0.3519654
0.1963684	0.004741137	0.4450262	0.08261954	0.2355734	0.2456654
0.2431254	0.0004194494	0.4055491	0.1822928	0.09008828
0.2455311	0.002624478	0.4019867	0.132442	0.09224277
0.1310255	0.01058123	0.4024278	0.2014489	0.08444981	0.1075279	0.1781297
0.1391677	0.002202634	0.3484333	0.1706079
0.3480841	0.002144069	0.3576639	0.1261741	0.2709715	0.2356786	0.03193148
0.1615239	0.01136449	0.3155842	0.19487	0.2042232
0.1777399	0.1203952	0.4012903	0.1195993
0.2333389	0.09967946	0.3439414	0.3150093
0.1554008	0.005700608	0.3826622	0.1222991	0.2858639	0.2720843	0.1612772	0.2014802
0.1317304	0.01465536	0.3403068	0.1604411
0.1021428	0.0198335	0.3195429	0.1601309	0.1889839
0.173934	0.04345258	0.3795812	0.2199286	0.1841043	0.2387473
0.3067137	0.09622684	0.3627566	0.0906802	0.264121
0.154036	0.1122134	0.3549276
0.2157177	0.1277173	0.3730034	0.1416646
0.2013563	0.3042478	0.07217227	0.1765425	0.0779195	0.2329096	0.2792494
0.140138	0.3547957	0.0733894	0.2813072	0.2049095
0.2068743	0.2938609	0.07819553
0.110277	0.1282083	0.3409821	0.1331624
0.2448314	0.1761628	0.3529998	0.1012059	0.1874235	0.1537547
0.2153985	0.1199794	0.279228	0.06467041	0.176813
0.1360331	0.06440965	0.3917685
0.2060797	0.1227293	0.3481101	0.2201704	0.1649368	0.1392469	0.1171054	0.05288181	0.09565949
0.1707898	0.07156402	0.3009157	0.2394013
0.1161011	0.4585604	0.1487893	0.2683428	0.1381567
0.2459069	0.3138383	0.08293593
0.1069573	0.3103862	0.1588861	0.03347698
0.1837257	0.4334872	0.141206	0.04572835	0.2107182
0.2063205	0.3513207	0.01046056	0.1490525	0.2559654
0.1434855	0.2882144	0.004873536	0.2215749	0.1384888
0.1944412	0.4458183	0.01926522	0.1640529	0.07939752
0.2831392	0.4589335	0.01113562	0.20566
0.1821117	0.3573244	0.004907098	0.122607	0.1242643
0.3203828	0.5122464	0.03546555	0.2886629	0.06138158	0.07673657
0.146298	0.3854765	0.01319208	0.1534847	0.2445595	0.1401921	0.189941	0.2028434
0.09704341	0.3787009	0.01510671	0.116552
0.2939782	0.4220961	0.002940992	0.2902543	0.07539339	0.1321063
0.1607775	0.4110627	0.004995836	0.1648711	0.07827987
0.201568	0.322848	0.006301322	0.1742284	0.1882621
0.1181224	0.02073528	0.2396591	0.4020772	0.1170452	0.272129	0.2111958
0.276528	0.001107644	0.4217307	0.1343367	0.2867203	0.1777862	0.2399577
0.1708825	0.003147223	0.4544247	0.1565818	0.1919872
0.09324277	0.002564713	0.4091158	0.205379
0.2132181	0.005359168	0.3059272	0.2433729	0.1920554	0.1625078
0.07975803	0.006505207	0.3623765	0.1344279	0.2777902	0.2093584
0.276178	0.1356154	0.3760462	0.205689	0.1851125	0.1793356	0.01992664
0.1314392	0.2847335	0.09637447	0.02429722	0.1249643	0.2747356
0.3332179	0.1730228	0.01267529	0.2795908	0.1347971
0.2363258	0.1428607	0.02045703	0.3311773
0.2723263	0.0127735	0.3891285	0.1058745	0.1334757	0.08928949
0.2260721	0.0134775	0.1075401	0.4308531	0.2734466	0.2457959	0.2614151	0.2075978
0.263542	0.0137775	0.1977573	0.5018251	0.2183814	0.2000072
0.1865551	0.01212197	0.1739287	0.3318621
0.3804378	0.009185285	0.1525562	0.3773682	0.1567061	0.2779057	0.2375155
0.2338638	0.000547864	0.1400647	0.3809238	0.04483226	0.1280498
0.2044327	0.001487599	0.4314001	0.1827312
0.2062589	0.009082744	0.3313722	0.1403575	0.174375
0.1779699	0.01786007	0.1600443	0.2769808	0.1419293
0.1446165	0.02062732	0.1780223	0.3947835	0.1722574
0.148763	0.01584905	0.3784117	0.1900887
0.2217764	0.4232361	0.1181558	0.1377954	0.2165221	0.03431318	0.1887102
0.2059355	0.3649479	0.1048445	0.05075959
0.2041097	0.4019267	0.1779767	0.005022185	0.1989919	0.1015576
0.2333165	0.4862602	0.1752096	0.02153965	0.1627903	0.234811
0.1376825	0.09229185	0.3421822	0.111945	0.1546921	0.2036447
0.1365675	0.1755378	0.4240756	0.1242451
0.1463004	0.08861032	0.3493723	0.2035832
0.2392224	0.09925017	0.3652257	0.04761675
0.2558436	0.07971552	0.3378819	0.1292958
0.3761139	0.1018359	0.3329332	0.09517063	0.1968546
0.2610916	0.09569044	0.4306794	0.2076694	0.07741858
0.2792561	0.1340797	0.3476136	0.07209816	0.1783886
0.1584018	0.1275117	0.344633	0.05673954	0.1745439
0.2271889	0.118819	0.07349965	0.3129695	0.1720053	0.2720909	0.1942256
0.3529489	0.02454001	0.4333874	0.1709549	0.2382772
0.1756587	0.002728301	0.1771197	0.3904932	0.1654091
0.227331	0.02114253	0.1790119	0.3936495	0.2682695	0.1604255	0.1325069
0.2153034	0.003659336	0.3936495	0.1730168
0.1360756	0.00669775	0.3960845	0.1488352
0.2062139	0.1692934	0.3378713	0.1359053	0.08999945	0.03458808
0.2242217	0.1014844	0.04075161	0.3871688
0.1901062	0.1874446	0.04692835	0.1899141	0.1076071	0.3524358
0.1531325	0.1568078	0.02645102	0.3446102	0.1648034	0.1658296	0.2672831
0.2611795	0.1696975	0.03451447	0.3126881	0.1744058	0.2356351	0.1846605
0.1070887	0.193017	0.0009842067	0.4813328	0.1498385	0.106599
0.3069797	0.003832241	0.3828698	0.05824354	0.222829	0.2004335
0.2070343	0.01020978	0.3544264	0.2602473
0.3919164	0.001960381	0.3570462	0.1585246	0.03109623	0.0754185	0.1808264
0.1603483	0.002004877	0.1410119	0.3360883	0.1890906
0.1647446	0.03078925	0.1410217	0.3502472
0.1654684	0.003113977	0.1807733	0.2338116	0.2962496
0.3296113	0.03353716	0.1218354
0.323617	0.03597288	0.1751016
0.3584139	0.01695668	0.1757364
0.2927335	0.01096174	0.1497582	0.3127927	0.1065874
0.2427197	0.01321076	0.175929	0.3606789	0.2142269	0.1493567	0.03912804
0.1908457	0.02924194	0.3750678	0.1991388	0.1314226	0.2101575
0.2570308	0.01759549	0.4021592	0.1957295	0.1241359
0.2445441	0.03568998	0.3869935	0.07928465	0.1389257	0.09575682	0.2172227
0.1468679	0.03993853	0.3694187	0.1582275	0.1851964
0.1774385	0.02296833	0.4314661	0.1650867	0.2215201	0.3019
0.2110481	0.005201276	0.4614097	0.1659902	0.1612974
0.3199235	0.01385782	0.0956894	0.1415355
0.1216093	0.01626528	0.1894911	0.3956132	0.1053853
0.3583241	0.007663783	0.2658002
0.2747197	0.004283854	0.1402896	0.3621714
0.3578454	0.005084017	0.1905196	0.1327081
0.20779	0.001202859	0.1441128	0.09424496	0.3500973
0.1267057	0.001935333	0.257454	0.440065	0.08689458
0.2415391	0.009075163	0.1335671	0.4012039	0.09298058
0.090557	0.008760744	0.1569246	0.4166003	0.2464199
0.2240388	0.003670944	0.1617076	0.3696443	0.2216156
0.1891316	0.004711932	0.1859407	0.4403319	0.201981
0.1683989	0.008448876	0.1544704	0.4666992	0.1848049	0.1648997
0.1314548	0.01673468	0.4278221	0.20583	0.2803705
0.2273287	0.003803391	0.4967387	0.2113199	0.1627235
0.2577757	0.03950596	0.3940536	0.194732
0.1293067	0.02354573	0.2952966	0.167567
0.1994284	0.003746892	0.3483824	0.1565622	0.1637228
0.105368	0.02609235	0.3975079	0.1605048	0.1077904
0.09652724	0.05365461	0.4006842	0.1607268	0.218486	0.03881609
0.1246683	0.39246	0.1897507	0.1239798	0.08361326	0.1079612	0.2456217	0.2253477
0.1886734	0.3540437	0.1298673	0.01632784	0.1459099
0.1899524	0.007415424	0.4043442	0.174893	0.04311422
0.1848786	0.009908954	0.4324158	0.1457307	0.1012968	0.1300822	0.1750488
0.2102116	0.009768013	0.4454119	0.1260699	0.2321534
0.1294687	0.0303716	0.3366996	0.1918561
0.2114672	0.03158699	0.4052356	0.1465948	0.1773947	0.18912
0.2179387	0.004031354	0.4162505	0.1321154	0.1624268	0.1384509	0.1960875
0.2619311	0.01836542	0.3669883	0.2276396	0.2466394
0.2121672	0.1107325	0.3699981	0.05106357	0.08770726
0.2550464	0.110786	0.3270215	0.1585379	0.06847237
0.3511239	0.07777681	0.4038555	0.3026482	0.1564744	0.2883217
0.3610543	0.1026505	0.3597757	0.09320052	0.1773103	0.1098955
0.1721072	0.1269591	0.3040964	0.09190822	0.1251786	0.06086206
0.1325306	0.1863029	0.3804226	0.2695023	0.03486737	0.2484998	0.2048012	0.1666527	0.1893784
0.1689178	0.2134345	0.4252872	0.005612
0.2422053	0.1384162	0.4177502	0.00150914	0.1317395	0.1273887	0.2657933
0.2134662	0.1607728	0.3682357	0.007602939	0.2053479	0.1564596	0.1679745
0.2064725	0.1980633	0.3790356	0.08319754
0.2499546	0.1780449	0.4020919	0.01547857	0.1164395	0.2025292	0.1965985
0.2574829	0.1595479	0.3114439	0.05436109
0.1324367	0.3443847	0.07411916	0.1181101
0.2061443	0.3576149	0.1290677	0.1552831
0.2502747	0.08380203	0.2766175	0.1168889	0.1519872	0.2031566
0.182089	0.09292429	0.3456614
0.2061304	0.383508	0.05841418
0.2263185	0.3574945	0.09691607	0.1626714	0.1838892
0.1910513	0.3432616	0.07334409	0.2967559	0.2104567
0.144198	0.07338878	0.3236293
0.1339301	0.132296	0.4191038	0.05985866
0.279088	0.09958739
0.3484387	0.001094913	0.1267701
0.3624871	0.01257337	0.2340238
0.2875582	0.003881244	0.181546	0.3790463	0.2648772	0.1824493
0.2510956	0.0006393456	0.2294172	0.3750874	0.1348885
0.2933345	0.0005605466	0.1293076	0.3812859	0.1958171	0.2297652	0.233823
0.1430206	0.005973243	0.1807808	0.4036044
0.0917254	0.06073065	0.1616924	0.3425956	0.2014615
0.3527365	0.01316502	0.3587277	0.1931846	0.1469326
0.09887072	0.07863459	0.367255	0.1509581	0.178074	0.1600075	0.2079047
0.2487326	0.367255	0.1847292	0.002238193
0.1579463	0.432465	0.02859537	0.3075503	0.2145607	0.1930464	0.2773662
0.1461273	0.141088	0.02190678	0.4091695	0.1036734
0.1111944	0.2175483	0.02404818	0.3365691	0.09355431
0.1779495	0.1013741	0.004795286	0.416688	0.1268643
0.172456	0.01537443	0.3972911	0.07557958	0.1288759
0.07906023	0.009544054	0.3511363	0.1408681	0.3257989	0.2343203	0.2240007
0.3026478	0.009239215	0.1628296	0.4016543	0.1726491	0.171314
0.1832546	0.02755176	0.1769127	0.3283276	0.1368924	0.07598322
0.07226156	0.01381756	0.1334389	0.37541	0.2312991	0.07123076	0.2983903
0.04744342	0.02858601	0.3171072	0.1832784
0.1661905	0.007321926	0.4651794	0.09256821	0.07908733	0.1988458	0.2007136	0.1227131
0.2091852	0.03017389	0.3813015	0.1106081	0.172587	0.1541714
0.07682446	0.04094585	0.2800288	0.09409325	0.150545
0.2135129	0.03062475	0.3652613	0.1525378	0.2145056	0.2229128
0.2207758	0.01472598	0.3895921	0.1687079
0.2640025	0.4475123	0.1069554	0.1154705	0.08443378	0.1594663
0.2004861	0.3755844	0.1113444	0.1746848
0.3570818	0.1062136
0.3262196	0.06232189
0.3672915	0.09539941
0.3153996	0.02326172	0.1537114
0.3116744	0.002231921	0.1555962	0.3325142
0.3445629	0.05396417	0.1564218
0.3268721	0.02224912	0.1124163
0.3964691	0.02995085	0.1103855
0.2322857	0.1164666	0.3168351
0.2418603	0.1306186	0.3874407	0.1875981	0.1522264
0.368426	0.4384815	0.1725262	0.0008800315	0.2410768
0.1424321	0.3903429	0.02161426	0.0750486
0.1850411	0.08533741	0.3325479	0.1646144	0.1095705
0.2276501	0.1055391	0.3672781	0.1536671	0.2278481
0.1482927	0.4615164	0.06512324	0.1606082
0.1472179	0.1011202	0.3291906	0.3098279	0.1016284
0.1245419	0.09245313	0.4561448	0.1838763	0.368985
0.1727663	0.09210314	0.3926178	0.240941	0.129623
0.2895317	0.1076001	0.350448	0.05702156	0.09590333	0.2953671
0.09607257	0.08909003	0.3594991
0.2029884	0.1187343	0.4367425	0.2118996	0.1466871
0.1872739	0.1144356	0.3796127	0.1646915	0.08305607	0.1887947
0.2697747	0.006166302	0.2191112	0.2103237	0.3962018	0.2739166
0.1617661	0.01303685	0.4427812	0.1893425	0.1890275	0.1943093	0.2205379
0.1433593	0.004775985	0.3555299	0.1951044	0.08572484	0.3497028
0.2632847	0.00686761	0.1663105	0.4546412	0.1661938
0.2670503	0.01463625	0.3925491	0.1295143	0.1209595
0.1275486	0.0007187424	0.3874138	0.1620108	0.1918671
0.2349069	0.02290246	0.3964947	0.1044267	0.1228242
0.2612674	0.02917366	0.3071963	0.1996021	0.1570692
0.3125006	0.02727176	0.1627318
0.2191162	0.001127243	0.2459884	0.3897431	0.2913718	0.1804594
0.2908659	0.002788192	0.1907109	0.356417	0.2606619	0.1723582	0.1376151
0.3005133	0.005898983	0.3525705	0.2203851
0.172678	0.009199529	0.3314212	0.1927244
0.2672416	0.007291481	0.3041758	0.1674976	0.1101925	0.3673772
0.2418726	0.007049169	0.4337193	0.1558113	0.2901531	0.1414338	0.2453711	0.1739631
0.184379	0.03817295	0.4270222	0.1523827
0.1956367	0.008924492	0.3490676	0.1760496	0.1128031	0.3096659	0.1379855
0.2668527	0.02137736	0.3559056	0.1699095	0.1608517
0.2550829	0.01417385	0.1121871	0.3910485	0.155396	0.229508
0.187448	0.06747027	0.4019534	0.2205118
0.2550511	0.06122642	0.38244	0.1526744
0.1417411	0.009580358	0.3915064	0.1558212	0.2084908	0.2570542	0.1345634	0.1596731
0.2145371	0.005638427	0.1764645	0.2929925	0.1496393	0.09102989
0.1853765	0.02136667	0.3278428	0.1747373	0.13475
0.2279832	0.03595842	0.3312843	0.06259313	0.1659989	0.236913
0.1777468	0.03406043	0.3336361	0.1304824	0.1062686
0.3087355	0.01857329	0.3572811	0.1206604	0.1412233	0.1861927
0.3412937	0.05673573	0.4116986	0.1913353	0.1458614	0.232906
0.2506698	0.03369969	0.4265457	0.1942274	0.1221234
0.1396956	0.001695029	0.4575542	0.2158023
0.1541489	0.02191035	0.3476719	0.1847198	0.1275988	0.337312
0.1961973	0.007647253	0.3334678	0.2035527	0.2123866
0.1202008	0.008716943	0.3618845	0.1834335
0.1966415	0.003299843	0.2247684	0.2907346
0.1694656	0.004297477	0.1736863	0.3975972	0.2352436	0.2055715	0.2241785
0.2325461	0.002938417	0.1607447	0.3739611	0.07270163
0.1947339	0.06058881	0.1646738	0.1169597	0.3829261	0.1865522	0.1915389	0.1157629
0.2277048	0.02336401	0.2045047	0.4053194	0.2283664	0.05327061
0.2988921	0.02328796	0.1787709	0.4232963	0.1224308	0.1923193	0.09117592
0.1290386	0.009050776	0.4326717	0.2084856	0.2201313
0.1917677	0.06359989	0.3435314	0.1444491	0.1128812
0.1939482	0.09352811	0.4615413	0.1469066	0.1468812	0.2049446	0.08175775
0.1799349	0.3947423	0.1093269	0.1448166	0.04644168	0.1601589
0.2145753	0.3198735	0.07080962	0.094049	0.2053362	0.2154549	0.2323997
0.161274	0.328416	0.1076683	0.1557827	0.2769818
0.2538133	0.3470655	0.09039523	0.1747331	0.1360758
0.1561957	0.3057979	0.07921851	0.07337742
0.1780236	0.1063261	0.344848	0.1530605
0.09355176	0.09796589	0.2963505	0.1955569
0.1745943	0.1068059	0.352818
0.1788257	0.3114367	0.0644453
0.1845586	0.44476	0.1751312	0.1070136	0.1427743	0.1133922
0.1450523	0.3838392	0.0473658	0.1507902	0.2156309
0.1061844	0.3927585	0.02134485	0.1714406
0.1147822	0.3392668	0.1205055
0.156475	0.3894171	0.08132199
0.2333219	0.3089665	0.1224529	0.3739314	0.09880434
0.2462201	0.1662857	0.2909745	0.02176662	0.07261302
0.3624816	0.1029706
0.3240814	0.128767	0.0379076
0.3407006	0.07113105
0.3524539	0.07802888	0.3897717
0.1569637	0.04172855	0.1266866	0.3570275
0.1945771	0.07620758	0.1913052	0.377001	0.2584301	0.2311207
0.204287	0.1032608	0.3833684
0.1600417	0.1441941	0.3768182	0.03289821
0.132718	0.1430891	0.01380616	0.3083243
0.08027735	0.1942498	0.0108161	0.4008287	0.08138001	0.2059178	0.1063248
0.1203969	0.03999743	0.3839084	0.14554
0.2330408	0.04165826	0.4130739	0.2227066	0.172545	0.09547744
0.111563	0.01671747	0.3930784	0.1819161	0.09563383	0.211986	0.1166492
0.2120951	0.001635599	0.3058279	0.1609603	0.2049586	0.1022525	0.1328406
0.2210332	0.0006009597	0.3601633	0.2151515	0.1230025	0.3218441
0.205603	0.008834306	0.3601633	0.252987	0.1948607	0.1029406
0.2181706	0.05197846	0.3366521	0.1786389	0.1347896
0.2049658	0.008766105	0.3870532	0.2122788	0.1060424	0.09295057	0.2924122	0.1626698
0.1830852	0.00296696	0.5195877	0.1807921	0.1811942
0.3664791	0.01383002	0.1468292	0.1807315
0.2470379	0.02941746	0.1431213	0.3608111	0.1114756
0.2670334	0.00391227	0.1631163	0.4059264	0.1231519
0.320116	0.04135791	0.4059264	0.1241777	0.1745175	0.1454833	0.1995415	0.1264495
0.1782567	0.003273079	0.4059264	0.1346868
0.2774466	0.005265954	0.3727286	0.2933662	0.07954287	0.2041992	0.2651143	0.1552263
0.2829717	0.008508707	0.3648764	0.160112	0.1840533	0.1238061
0.2357146	0.00419017	0.187555	0.3827934
0.2075306	0.008995265	0.1834039	0.4350488	0.07014811	0.1628316
0.1572313	0.01121358	0.3150144	0.1502973	0.1771569
0.1583558	0.01139423	0.3785621	0.1612443
0.1397664	0.002939447	0.444897	0.1699159	0.178299	0.1798583
0.22008	0.001019277	0.3559986	0.1697157	0.1908686	0.2324554
0.09487022	0.003186691	0.3865502	0.155078	0.03512776	0.06956155
0.2287171	0.03217904	0.3614511	0.1319443	0.1090016
0.1391985	0.0601248	0.3489809	0.1385845
0.1680341	0.02758446	0.3056641	0.1884653	0.1679331	0.1485755	0.2072893
0.2207572	0.01859953	0.3175062	0.154314	0.1404744
0.1779421	0.00438305	0.3361873	0.1681986
0.255526	0.005421117	0.3162989	0.1699932	0.1954927
0.2881663	0.001659024	0.08695292	0.4621191	0.1619367
0.09158992	0.05067185	0.360677	0.1595271	0.1691369	0.2425524
0.2309543	0.0793907	0.3438519	0.1309112	0.2270755	0.08312913
0.2442645	0.3356473	0.1378231	0.1356074
0.1726116	0.3971436	0.05748	0.2164932
0.2117226	0.4204284	0.03734617	0.1711439	0.2165471
0.2434415	0.003405781	0.1169111	0.3451565	0.1181229
0.3092023	0.0495371	0.4556632	0.1911219	0.1799278
0.1866855	0.02786972	0.3126315	0.1460691	0.0779028
0.1637385	0.03339098	0.3915754	0.174295	0.2127273
0.226293	0.006049103	0.3342354	0.1202785	0.106497
0.1797186	0.01976572	0.4429601	0.2109945
0.2045802	0.0229803	0.3851286	0.1890833	0.1632884
0.126116	0.0252576	0.3815039	0.2124588	0.1855984
0.19904	0.0635543	0.3089996	0.1400585	0.1686188	0.203889	0.1411559
0.1919966	0.117282	0.3330496	0.1229803
0.3068778	0.1624543	0.3341457	0.1911708	0.06704849	0.1734765
0.09974771	0.2665293	0.03153218	0.159311	0.2509034
0.1636075	0.02492215	0.1311536	0.4000971	0.2442312
0.1462649	0.08020399	0.4337693	0.09479735	0.2042371	0.118149	0.08112402
0.2248854	0.4056358	0.1107556	0.1280234	0.2301522
0.1768114	0.3916935	0.09437724	0.3106839
0.1604385	0.2894945	0.0949536	0.1533653	0.180581
0.2622937	0.2756185	0.07840157	0.1101774	0.1013052	0.1914661
0.3455783	0.1067289
0.2062247	0.1187264	0.4114407	0.2404783	0.2444653
0.09748434	0.3870167	0.09756316	0.2542056
0.2949438	0.391646	0.08480649	0.1910869	0.1072306	0.07918289
0.2862292	0.4035217	0.07316632	0.1995728
0.1666111	0.3441139	0.1058353	0.2409069	0.1814094
0.2390235	0.3500528	0.1475117	0.1330382	0.1228067
0.2260253	0.3314736	0.08004318	0.04602506	0.1621005
0.1176504	0.3488831	0.07873238
0.1966	0.4424191	0.1004274	0.1067667	0.2280787
0.1911874	0.2992847	0.1142124	0.1083011	0.3673292
0.1839149	0.3086852	0.08529149	0.2022177	0.2487334	0.07974841
0.234194	0.3200068	0.1100198	0.1213268
0.2033115	0.439497	0.09142314
0.1691765	0.3716499	0.0927759	0.2299141	0.1767717	0.1778102
0.2842408	0.3815666	0.1122649	0.266542	0.2562424
0.1973311	0.1064671	0.3284401
0.1143295	0.4432023	0.1207048	0.1321965	0.2900118	0.1042524	0.1933652
0.1930719	0.3684134	0.09513602	0.1875582	0.1471638
0.1517737	0.3748013	0.1089655	0.229883	0.1192443
0.1008589	0.3777864	0.04277958	0.1520257
0.1725615	0.3861267	0.003281527	0.2034622	0.09857983	0.1605085
0.2160148	0.4369798	0.0160295	0.1847699	0.1681012	0.243892
0.2417062	0.3829905	0.03943662	0.165109	0.0536218	0.1597213
0.2067376	0.3533377	0.007471856	0.07640257	0.2000347
0.2631684	0.4035084	0.001879914	0.1731748	0.131302
0.2156653	0.3662947	0.09182864	0.2219591	0.1248474
0.1779226	0.3701584	0.01748715	0.2076551	0.2421687	0.1441401	0.161727
0.1464177	0.3732391	0.01019343	0.1458529	0.1662825	0.075038	0.110317
0.2216652	0.3757269	0.05947194	0.09949951
0.2160244	0.2950916	0.0248162	0.1444045	0.1773412
0.1923231	0.4365107	0.02983642	0.1209084	0.218754	0.2377166	0.2172731
0.2517481	0.3702647	0.05315053	0.1796743	0.2293386	0.3437157	0.2816323	0.2349159
0.1731491	0.4242228	0.03625511	0.1710447	0.1194401	0.1233337	0.1227396
0.2543138	0.01691283	0.1637798	0.4812308	0.2909237	0.2497911
0.2489706	0.08544228	0.2501682	0.2801689
0.07977077	0.3285068	0.1285895
0.2170111	0.1094658	0.3195678	0.08642968
0.3262623	0.3072387	0.05187669	0.1515655
0.17522	0.08557516	0.3414233	0.1155924
0.125419	0.09960225	0.3733482
0.2370989	0.1200449	0.37787	0.1100865	0.3208909
0.1007948	0.07394203	0.3632386
0.2210618	0.4070519	0.07797906	0.1131418	0.1015741
0.2858862	0.3808425	0.09793705	0.1895012	0.2367369
0.134075	0.2866752	0.08877258	0.06680475	0.4134393
0.3415146	0.3746815	0.1106565	0.1247622	0.08589737	0.2300196
0.2782109	0.3453756	0.1077444	0.1430131	0.1188384
0.1114045	0.4056636	0.1046515	0.07082765	0.1537778
0.2868992	0.3031887	0.09508619	0.1004341	0.2376026
0.3020214	0.04613633	0.3534582	0.1476559
0.2892386	0.3386987	0.1327414	0.0853059
0.1550784	0.3441796	0.05650111	0.1616275	0.2272581	0.1361924	0.1403231
0.3165175	0.3947969	0.09869525	0.08184625
0.1135577	0.4304073	0.1150067
0.157402	0.4061163	0.1774593	0.00511907	0.1107946
0.1547513	0.3446854	0.1017788
0.2063979	0.3551391	0.003579355	0.2215638	0.2119918	0.1920781
0.1547491	0.4560902	0.04208347	0.195487	0.1820882	0.1624917
0.1662023	0.3568016	0.008312583	0.1624008
0.1813983	0.3568016	0.01514048	0.115824	0.079213
0.1891855	0.4047934	0.001296752	0.1818546	0.2238442	0.0846597	0.1391915
0.1734644	0.3495152	0.01001143	0.1499652
0.207837	0.379763	0.01614542	0.2027989	0.1622492	0.1033019	0.2163396
0.1506619	0.3908386	0.001755974	0.1629285
0.2168578	0.3034943	0.01248683	0.167485	0.1616676
0.149102	0.4218619	0.006178167	0.1886983
0.2190794	0.01373245	0.1471655	0.2923056	0.2415075	0.1553107
0.2218988	0.003818538	0.2457621	0.5284491	0.1536702	0.1570042	0.2346416
0.1544109	0.02986631	0.1843016	0.3376527	0.1217931
0.2266575	0.002151457	0.1745685	0.4310751	0.1530251	0.1800688
0.1939853	0.3856891	0.09789321
0.1991497	0.3812782	0.1030804	0.2086044	0.1917623	0.2358766
0.2320226	0.3226055	0.1002318	0.2243217	0.08328032	0.04079328	0.2436188
0.1979569	0.443628	0.1232679	0.1860773
0.126344	0.3982433	0.0009881341	0.1895215	0.1031613
0.2776987	0.3788077	0.1328396	0.2323516	0.1047824	0.1826979	0.1164959
0.1947344	0.1330864	0.286481
0.2124106	0.3059235	0.0901486	0.1572654
0.1771864	0.1289503	0.359255	0.1735173	0.1756363
0.1916444	0.09986097	0.4245601	0.205286	0.1583194	0.158684
0.2592265	0.07733769	0.3440046	0.2684294	0.3008426	0.2143665	0.1588427
0.2859197	0.1589056
0.2753078	0.221428	0.02111322
0.284847	0.1554259	0.01102334
0.1728157	0.01116585	0.3400786	0.1561518	0.2588542
0.1756083	0.006003373	0.3332267	0.1588212
0.2243168	0.003023314	0.4016156	0.1551975	0.159325	0.1619186
0.1072626	0.0007965921	0.3946915	0.2025834	0.186944	0.1252422
0.1798042	0.01224409	0.3946915	0.1723684
0.2268058	0.3003715	0.08458902	0.1114552
0.207096	0.1110841	0.3149514	0.07531546
0.2789232	0.365608	0.163101	0.1301522	0.04024577	0.06206711	0.2431767
0.2309368	0.3478508	0.08249441	0.2588847	0.1687802	0.183572
0.2177032	0.08316362	0.3655799	0.1581378	0.1584594	0.1896415
0.2349876	0.4107091	0.2104714	0.0814862	0.05351277
0.2669181	0.3418157	0.1190286	0.17634	0.1668421	0.1932067
0.1930135	0.3683298	0.08487288	0.38495	0.2592502	0.1779532	0.2882831
0.09047298	0.104383	0.3658856
0.1495987	0.08635821	0.3018441	0.1811617
0.1784053	0.1187414	0.3112866	0.1976194
0.2004034	0.4147005	0.09042409	0.09010663
0.2628421	0.387419	0.1237053	0.1372022	0.2214227
0.2631298	0.4763501	0.07299658	0.08928982
0.210588	0.3428855	0.127881
0.172619	0.4259655	0.1204072	0.2652256	0.09513044
0.2438274	0.1948911	0.3744967	0.1635482	0.2821456	0.1783572	0.1384566
0.213987	0.3844139	0.08558065	0.2000242	0.2239927	0.1682499	0.1805378	0.1940688
0.176071	0.4435959	0.01187069	0.2227305	0.1748356
0.2750437	0.007314169	0.1192537	0.3417716	0.1715041	0.1604512	0.1743517	0.1170744
0.1396109	0.005158189	0.202794	0.3760613	0.1524639
0.2108938	0.009162461	0.1454876	0.3475058	0.2500562	0.1370997	0.2757605
0.2291569	0.000653767	0.1817681	0.2949346	0.236378
0.1311886	0.007055723	0.1329879	0.3746362
0.05993614	0.01190767	0.3746362	0.1822088
0.1755766	0.006456159	0.398734	0.1271604
0.1716458	0.03067929	0.349887	0.1874008	0.2170684
0.1932222	0.07703417	0.396492	0.09116068	0.1272526	0.3809201
0.1224244	0.06296165	0.4369097
0.2358241	0.1215745	0.3136018	0.1339451
0.2266086	0.07063307	0.3832341	0.1662044	0.2572604
0.1784782	0.1392441	0.3326828	0.1273396	0.1755227	0.1718729	0.2340603
0.1733738	0.143215	0.3369942	0.03735421	0.1768699
0.2732406	0.179139	0.4697415	0.02535255	0.1514697	0.1301747	0.1985423
0.1614524	0.3021572	0.004610361	0.2981701	0.1720234	0.07173445	0.2138705
0.236597	0.01115591	0.4448015	0.1994889	0.1706082	0.1595254	0.1645599
0.09107146	0.06728872	0.4274905	0.2712562	0.1094715	0.1791628
0.107431	0.3157966	0.09786889	0.18776
0.2784205	0.3458525	0.1012456	0.1122366	0.1663066	0.04768885
0.2367233	0.4244579	0.1275542	0.2861436	0.1499242
0.1748071	0.1018462	0.1884452	0.3729412	0.3645362
0.2035755	0.01395502	0.440848	0.1404762	0.205786
0.2696206	0.039332	0.3374089	0.06104058	0.1769484	0.149877	0.1579073
0.174804	0.02637986	0.4056737	0.1830129	0.05249821
0.1124049	0.0257827	0.3016326	0.1719415	0.1427429	0.1137583
0.2368473	0.04130039	0.4014628	0.124758
0.2051861	0.004017816	0.4333128	0.2033189	0.2276777
0.1745909	0.01516203	0.3958476	0.1840759	0.2195567
0.09411257	0.007912751	0.2420765
0.08888575	0.01898087	0.3629304	0.1388294	0.2161948	0.1909153
0.2425857	0.04848868	0.1881701	0.2314589	0.3452822	0.2146615	0.1971539	0.1081764
0.2625686	0.0631447	0.3239688	0.2318016	0.1701737
0.2129373	0.02654214	0.1085693	0.3772158	0.203316	0.1258317	0.2353969
0.2178123	0.0369942	0.552192	0.2248138	0.1115888	0.07231419	0.1647749
0.1387819	0.4152876	0.1666	0.06665381
0.2234918	0.276999	0.01034563	0.1518292
0.2817692	0.03270391	0.198885	0.3854363	0.03330221	0.3894948	0.1133264
0.1423514	0.03926812	0.1772456	0.3744696	0.1717482
0.1702633	0.01570025	0.4277902	0.1612296
0.3046274	0.009996197	0.3757632	0.2292293	0.1685725
0.1024183	0.02393377	0.369684	0.1502721	0.1974235
0.1246227	0.007185445	0.3548814	0.1591771	0.1866823
0.2475346	0.006195224	0.3555382	0.1261175	0.07506793	0.1918087	0.2779575
0.09672589	0.009144617	0.3119129	0.1717096
0.2940116	0.006975528	0.1640266
0.2206192	0.01119745	0.07994013	0.3766179
0.1301409	0.01480301	0.3472932	0.1961049
0.2944874	0.007376116	0.3689679	0.1205235	0.1638864	0.09133705
0.1416222	0.2972902	0.1203293	0.06275391	0.1219973
0.207183	0.3682133	0.1146225	0.2118672
0.231988	0.3825018	0.1119222	0.1226194	0.2425305	0.1860653
0.209811	0.3057064	0.1009967	0.1711809	0.1963604
0.1950454	0.1230295	0.3635248	0.1571437	0.1751115
0.1428367	0.04171647	0.3884044	0.183694
0.1506875	0.02341556	0.3625566	0.1600971	0.2117758	0.1755427	0.1725749
0.04895122	0.03829064	0.3625566	0.2032621	0.1707274	0.2548017
0.2203127	0.3595399	0.1666887	0.03814504	0.2077363
0.2730082	0.3933607	0.009680851	0.2881771	0.2396127	0.1371368	0.1188099
0.2320667	0.3540402	0.03481837	0.227085	0.1781175	0.1217198
0.2148018	0.4212487	0.007064736	0.09927913	0.1584211	0.1142397	0.2304561
0.2797303	0.3392881	0.0106158	0.2102541	0.1933235
0.2753517	0.3181301	0.01579158	0.138008	0.0772917
0.1818353	0.3445218	0.008564413	0.1788227	0.2269464	0.2300138
0.3068372	0.3930022	0.08490517	0.1845113	0.1984752	0.2081822	0.08474238	0.2243339
0.3000813	0.4020733	0.07626016	0.08989274	0.1292508	0.1214951
0.2408335	0.3857584	0.00384053	0.2211929	0.1571631
0.2535307	0.3579464	0.02431228	0.1688099	0.1828318	0.09491471
0.1234265	0.3581309	0.02615741	0.1484805	0.1470172
0.2367208	0.03111925	0.1535172	0.3649027	0.1255678
0.2884479	0.02276098	0.1566023	0.4228217	0.1762237	0.1803004	0.1712057
0.2314132	0.01566148	0.3706354	0.1602051	0.1945021	0.1173683
0.317718	0.09022462	0.3771851	0.1836763	0.1190935
0.261086	0.01081951	0.4159155	0.2225708
0.2107496	0.03610608	0.3931116	0.09242768	0.1101505	0.2341392	0.1858861	0.1730352
0.1994376	0.0169296	0.1390844	0.3151127	0.2571977	0.2093218
0.146124	0.01153341	0.2406106	0.366645	0.07825949	0.2384441	0.1682567
0.1683563	0.03983521	0.4116632	0.1187996	0.1044707
0.187359	0.01577484	0.3993761	0.1360788	0.1526394
0.2513745	0.006868731	0.391649	0.1970776	0.08919693	0.2243709	0.2123215
0.1931385	0.01110887	0.3423819	0.181907	0.1631898	0.1032511
0.253523	0.002260225	0.3768911	0.2164276	0.1056411
0.2192517	0.005884735	0.3922062	0.2530474	0.1947131	0.1754057
0.1434403	0.01839002	0.3620775	0.1260672	0.107147	0.1853646
0.1323426	0.009375082	0.3853273	0.1100465	0.1473163
0.1284049	0.3925348	0.07628997	0.09964397
0.2843317	0.312787	0.0669927	0.07156644	0.1311793
0.2060682	0.344151	0.09977308	0.1106136	0.1613322	0.2417752
0.2021693	0.360158	0.1326722
0.2093819	0.3554733	0.08267537	0.1416217
0.1224973	0.3622944	0.07764519
0.3170436	0.4487025	0.1201665	0.1666542	0.2984004	0.09687834
0.190597	0.3533179	0.08670677	0.1721984	0.2059487
0.2409017	0.4381714	0.1490012	0.06470789	0.08852084	0.2323289	0.2254011
0.231705	0.4051252	0.05037803	0.1513429	0.129013
0.2376949	0.02119136	0.1143993	0.1574695	0.3534129	0.2011815
0.158395	0.01182885	0.2722504	0.1096959	0.1988377	0.2353822	0.2885769
0.2209562	0.009638709	0.2903881	0.2019639
0.2119801	0.007568152	0.3768566	0.1538999	0.05597891	0.1691837
0.2045574	0.02697971	0.3637368	0.0926243	0.2223877
0.2122096	0.02532444	0.4570743	0.1335955	0.1145235	0.2265236
0.0952485	0.01315872	0.4047908	0.1440182
0.2526958	0.07362318	0.3978611	0.1516881	0.08808021	0.1717191	0.248269
0.2207775	0.155622	0.3976148	0.1840453	0.05358717	0.2530148
0.08063268	0.3866628	0.05720281	0.1970162	0.1169729
0.1216511	0.1441058	0.356037	0.289661
0.0733507	0.1233261	0.4163675
0.1644928	0.1185486	0.3298687
0.2343329	0.1557057	0.2902925	0.07219924	0.1515043
0.1712418	0.223961	0.4041115	0.0264045	0.05228524	0.1479012	0.1434766
0.1821219	0.3858779	0.01482838	0.1343229
0.2224645	0.3999326	0.04255276	0.1793217	0.1900557
0.2818298	0.3628135	0.13787	0.1825321	0.130087
0.3106271	0.07412219	0.3313955	0.2351609
0.2457225	0.1365106	0.2745727	0.1268545
0.2031284	0.1214746	0.3473721	0.2360453	0.2415718	0.306487	0.1533148
0.181373	0.1193145	0.3885683	0.04797397
0.1440753	0.3536821	0.1416122	0.07451477	0.06633738	0.2794944	0.06275877
0.1344595	0.4022305	0.1337325	0.008757327	0.1945973
0.2299691	0.40738	0.1471034	0.04387152	0.2109579
0.2396464	0.351201	0.1196944	0.3181147	0.1873754	0.04218719
0.2857276	0.1398927	0.0294966	0.3378432	0.1305824	0.1578631
0.143823	0.03312148	0.4538776	0.2723422	0.1565409
0.1815594	0.3001703	0.174598	0.054044
0.121477	0.3368874	0.1978355	0.04256375	0.1347045	0.1449281
0.234565	0.3758706	0.09063626	0.2168992	0.1051036	0.04834091
0.09707122	0.09064463	0.353653	0.2158447
0.1564804	0.1080238	0.4022585	0.1735394
0.1823831	0.08569729	0.350947	0.1506646
0.2790522	0.1311724	0.3508547	0.0976784	0.1218442
0.1830303	0.1279323	0.06919854	0.3222281
0.2162557	0.1391823	0.003909728	0.3863973	0.1570193
0.05960526	0.1632138	0.007380036	0.3144732	0.130486	0.1530532	0.06471225
0.003019301	0.01404618	0.3604327	0.09387421	0.1724879	0.1067757
0.001852709	0.00940798	0.419058	0.2099394	0.1815463
0.006708196	0.02698874	0.351756	0.1995949	0.1015078	0.1917822	0.1805298	0.1774871	0.1505532	0.08407121
0.0008862499	0.02825375	0.3937671	0.1643663	0.204042	0.09225488
0.02050033	0.02308912	0.3805078	0.1403096	0.2705292	0.09709535
0.1682204	0.01177599	0.4586196	0.2121542	0.1682155	0.1567536	0.1863085	0.1445112
0.3411556	0.02135376	0.3438175	0.1801689	0.1957363	0.2881231	0.1591016	0.1606131	0.1140637
0.1521364	0.006722545	0.3477337	0.1349634	0.1363516	0.116021
0.2133882	0.07713049	0.4771968	0.1359767
0.222831	0.1025455	0.2717719
0.3339186	0.07563325	0.3177018	0.1440464
0.2843685	0.08761586	0.3051421	0.1795522
0.06337827	0.1530992	0.3726633
0.2014591	0.07588642	0.2868011	0.2196064
0.1392028	0.1112409	0.3314874
0.2927708	0.06625312	0.3595611	0.1742609
0.1617647	0.3100511	0.07528351	0.2596238
0.189359	0.3473867	0.1999488	0.1299754	0.06716244
0.1434051	0.009638743	0.4080239	0.1915961
0.1787814	0.007127616	0.4760267	0.2307985	0.2084753	0.2438124	0.2043905
0.1745543	0.003492209	0.3442573	0.1420777	0.2022675
0.1534913	0.05393701	0.1081366	0.323706	0.1275225	0.1544959	0.04100134
0.2461945	0.03640365	0.4361509	0.1455148	0.2626268	0.1620882
0.1617612	0.03634451	0.3918608	0.07704207	0.1727224	0.2315669
0.2509986	0.01490244	0.4211716	0.2364916	0.1534367
0.2587928	0.04463529	0.3532998	0.1011038	0.163657
0.1935161	0.004253227	0.3213102	0.2168308	0.1733157	0.2034794
0.3397184	0.002877996	0.387986	0.1550739	0.1764972
0.1345441	0.02502746	0.3287028	0.08889808	0.2434325
0.1842295	0.003063024	0.3758531	0.1782759	0.1073905	0.1820199
0.136346	0.01208407	0.3847331	0.2411238
0.2199612	0.01644584	0.319965	0.120373	0.1078657	0.2104941
0.1914894	0.008057773	0.3479899	0.142986	0.08152535
0.2003079	0.009332673	0.2942703	0.1777552	0.1130945	0.218814	0.2965966
0.3019442	0.01347599	0.4040181	0.1442943
0.1790372	0.03722949	0.1734182	0.3394099	0.2748315
0.3371393	0.03805721	0.1812432	0.3530813	0.1717783	0.2682931
0.2042851	0.007244988	0.121415	0.2987365	0.1824354
0.3200186	0.05297324	0.194486	0.3160989	0.360114	0.1574317
0.1077233	0.01672809	0.1652833	0.3912794
0.301942	0.01234509	0.3538837	0.2058738	0.1659287	0.2212025
0.2819333	0.01960068	0.5315267	0.1496052	0.06560441	0.3168344	0.1822124	0.1801951
0.3085284	0.01537706	0.3537734	0.1805299	0.05023182	0.1641012	0.09456594	0.3078702	0.1987167
0.1289999	0.01686323	0.4392658	0.1836528	0.06990976	0.2252533
0.2630441	0.005800505	0.3570569	0.1601441	0.1458993	0.2340649	0.1777512
0.2083415	0.05158236	0.3570569	0.04927494	0.251654	0.2453435
0.172875	0.0185973	0.4168314	0.1340318	0.2253223	0.2735758
0.09207742	0.01816406	0.3625866	0.2012778
0.166077	0.01451403	0.3656909	0.1666857
0.236909	0.06020811	0.3074678	0.1306883	0.3116031
0.2327692	0.0184193	0.3484706	0.1645638	0.07214845	0.0628659
0.2046847	0.05618316	0.3262496	0.1543242
0.1936778	0.03485098	0.1675173	0.298042
0.1995921	0.03670686	0.3544058	0.1208859	0.1272239
0.1878482	0.02302393	0.3551698	0.186339	0.1345081	0.07807913
0.1847682	0.02077628	0.3148032	0.1220524	0.04450935
0.224102	0.01873949	0.3995244	0.06927838	0.1839844
0.3015125	0.007721928	0.1459069	0.3404304	0.2547591	0.1286966
0.1327062	0.04776385	0.3986246	0.2113845
0.3458996	0.01479373	0.3108488	0.1900688	0.08619635	0.1927523
0.2925335	0.01546115	0.3151235	0.236298	0.1853483	0.2178401
0.2673592	0.02162505	0.4109461	0.131784	0.08796728	0.2314355	0.2184678
0.257263	0.02703366	0.3448051	0.1805106	0.05769018	0.09764122
0.2606668	0.01393703	0.4646823	0.1802295	0.218519
0.1431218	0.03115343	0.3610738	0.1081892
0.1550378	0.008062806	0.423636	0.220344	0.1152254	0.1924193	0.1359376
0.1914713	0.007729998	0.2193765	0.3344719	0.2003687
0.05811932	0.009011797	0.1769358	0.3615719	0.1200071	0.3489048	0.2015892
0.161221	0.005855804	0.3172672	0.1352231	0.1941597
0.1957857	0.05732607	0.357486	0.1186456
0.2189838	0.3403066	0.1072885	0.1786937	0.1845413	0.1522897	0.1527166
0.1187813	0.3737527	0.1632307	0.08117079	0.2613282	0.05453884	0.1261341
0.08412369	0.4339779	0.1229201	0.01552491
0.1994261	0.3777529	0.01178254	0.07767168	0.1792353
0.1181514	0.3606784	0.007701421	0.1830474
0.1727545	0.01213858	0.3803559	0.2451423	0.2066382	0.1368137	0.1822344	0.09238521
0.2156421	0.003001232	0.3247648	0.1818325	0.1858558	0.3011751	0.2512039
0.2025344	0.01410981	0.166633	0.3503828	0.1047207	0.2226566	0.2023212
0.1865711	0.004689608	0.1668955	0.3189366	0.2272549	0.08633582
0.2244105	0.0008737296	0.3438795	0.1726505	0.1023678	0.1180404	0.1565777	0.3587786	0.1131789
0.2150469	0.001414493	0.4225979	0.1443343	0.1167218	0.2130585
0.2974803	0.004320173	0.1374861	0.272155	0.3647514	0.2268378
0.1943132	0.02300655	0.3405358	0.07047677	0.09140177	0.1653968	0.2599265
0.2095216	0.07666993	0.4477896	0.1118874
0.1440699	0.07476281	0.179027	0.3783091
0.264568	0.09244414	0.404311	0.2081636	0.1611084	0.1838041	0.1471253
0.2739364	0.04861159	0.3191979
0.2850267	0.1371989	0.3415554	0.1252835	0.07147928
0.246379	0.3017537	0.1045159	0.1319549	0.1535835	0.1669606	0.1954884	0.1822998	0.05506377
0.1475747	0.367816	0.0936171	0.03177878	0.1364266
0.298161	0.3315408	0.02558594	0.1489633	0.1448546	0.1767923
0.3309062	0.05821904	0.1453723
0.270701	0.07477954	0.4237589	0.07244217
0.2507203	0.1084476	0.3844827	0.1143729
0.2231424	0.1004529	0.3747045
0.06945221	0.1227201	0.3558285	0.06453692
0.2266258	0.4018182	0.06237151	0.1450817	0.2945602	0.1750778
0.1625061	0.359589	0.08888789	0.07110183
0.1702473	0.4233033	0.1673338	0.05725774	0.2064746
0.1673114	0.3480381	0.08041763	0.1855668	0.1486533
0.2042238	0.4268249	0.1166388	0.1900867	0.149018	0.08224553
0.1668856	0.3127715	0.1349485	0.07010098	0.1311932	0.1349977
0.1527818	0.3682799	0.003643901	0.2005117	0.07966207
0.1440603	0.4926575	0.06695901	0.1656224	0.2762897	0.1410373	0.2096674
0.1272748	0.3126545	0.09435464	0.1156911	0.148212
0.1818684	0.3341674	0.02531732	0.1725756
0.1150848	0.1008414	0.3027083	0.125219	0.2159587
0.2262966	0.05191241	0.3973368	0.1735715
0.1745252	0.07433591	0.2532923	0.3900954
0.1540961	0.02143278	0.3420596	0.1854432
0.1342147	0.006214307	0.4061632	0.1729396
0.1989922	0.007661766	0.4421252	0.1719458	0.1668482
0.2454632	0.04825567	0.3618196	0.1845609
0.1436326	0.01325208	0.4044317	0.2002655	0.08273435	0.2604603
0.1936202	0.01381318	0.3150055	0.1760309	0.1965109
0.2283893	0.3437841	0.1174042	0.1305657	0.02384606
0.126095	0.3169523	0.03364589	0.1463526	0.09786442
0.2257037	0.3509557	0.0114525	0.1492291	0.1399334	0.1761055
0.3224009	0.3820775	0.009602647	0.198435	0.1749972
0.1290871	0.3413544	0.02155149	0.1491479	0.121014	0.08442432
0.1832238	0.3499198	0.01982607	0.190905
0.3003813	0.3682083	0.0006465411	0.2281738	0.1578705	0.2629383	0.08135327
0.1732504	0.4325225	0.007538647	0.1378306	0.09634551	0.3058192	0.2063824	0.2674048
0.2095787	0.4169382	0.004160454	0.1588152
0.2347689	0.00706285	0.07952946	0.1636414	0.3376517
0.2777168	0.03267719	0.1037565	0.47604	0.199322	0.172894
0.306658	0.005378635	0.3249215	0.2118879	0.1430565	0.201505
0.1819948	0.02231487	0.1647851	0.2840864
0.2195111	0.02461959	0.120432	0.3344322	0.228873
0.3696718	0.08267529
0.3313554	0.1359031
0.3037531	0.1839925	0.01626779
0.2936161	0.1826739	0.003258637	0.3536236
0.3340383	0.01527846	0.2312181	0.4379232	0.2998532	0.1664617
0.1886163	0.004438067	0.1535516	0.4272437
0.2573235	0.004285057	0.1530956	0.4206828	0.08644133
0.2762605	0.02929639	0.156022	0.3304751	0.2412912
0.07497694	0.03152297	0.3940076	0.2150276	0.1322716
0.2097088	0.02437187	0.2862016	0.2442553
0.1857425	0.05571148	0.4463999	0.1383415
0.1856139	0.04096076	0.3567481	0.1729825	0.1914777	0.1241696
0.1160154	0.01310788	0.3607487	0.1997065
0.2773261	0.3429716	0.1302031	0.1055161	0.02235615
0.08433407	0.4254153	0.01381338	0.1560563
0.1568115	0.4037754	0.01580182	0.1946847	0.1519008
0.119885	0.3516914	0.02862612	0.1707358	0.1813626	0.1449645	0.2298299
0.2162668	0.04006723	0.2032861	0.3434344	0.2172122
0.2537045	0.0008919417	0.2019737	0.3794969	0.2180279
0.09681271	0.0002118776	0.1560028	0.381963	0.1239447	0.1616851
0.242309	0.03978765	0.1692148	0.3757997	0.2211369	0.2951412	0.216926
0.08788886	0.01592129	0.09884306	0.4336133	0.1729448	0.1613486	0.2887094	0.124166
0.3396363	0.01287272	0.4897729	0.1327923	0.2103044	0.06093403
0.1936165	0.008804509	0.3083076	0.2128246	0.1967187	0.1619017
0.1777963	0.02568433	0.3400186	0.2121774	0.1474725
0.2602066	0.01330565	0.3450375	0.1260117	0.1779075
0.1046686	0.04047297	0.383936	0.1100039	0.2087872	0.1746847	0.08811485	0.2243742	0.2304772
0.1284368	0.3643649	0.1578165	0.141512	0.072819	0.2402565
0.2202408	0.1710033	0.3485412	0.04956498
0.2037351	0.1337508	0.01273477	0.4012899	0.1474227	0.3535522	0.1822043
0.1803002	0.1455064	0.006321031	0.3572645
0.1963106	0.05337015	0.3485771	0.1662599	0.1614782
0.1045008	0.01968914	0.3415517	0.149225
0.1361736	0.0124153	0.4503256	0.2112185	0.09318552	0.157742
0.1857512	0.005813511	0.35348	0.1401706	0.1870308	0.1079345	0.286264	0.3102651	0.1409865
0.1902132	0.005209651	0.3502984	0.171032	0.1352938	0.14462	0.1991631
0.1749165	0.007650707	0.3213322	0.1512315	0.1250463	0.2448564
0.2226574	0.001995893	0.3154724	0.1738706	0.1837837	0.2198112	0.2167042	0.1805639
0.2193118	0.01044718	0.2765875	0.1106306	0.266845
0.1769236	0.002258921	0.3290621	0.09465334	0.2425265	0.2438349
0.1447496	0.1329814	0.2894646	0.1562799
0.3428478	0.08700349
0.38979	0.09752774	0.3393094
0.3550673	0.1115922
0.3817944	0.08276621	0.1735518
0.2804748	0.1078344	0.2730918	0.2820555	0.0832672
0.1187058	0.3493932	0.02852238	0.2032286	0.2426513	0.1932918
0.1130083	0.3573081	0.1278975	0.1702412
0.1653999	0.4411626	0.1810569	0.03547046	0.144038	0.0322252
0.2096543	0.3966862	0.201707	0.0291438	0.06742165	0.084664
0.2455451	0.3174564	0.003764962	0.1666655
0.281529	0.433527	0.03596495	0.1296692	0.1941881
0.1461165	0.3607212	0.003252793	0.2532694
0.1442212	0.4053417	0.04003565	0.1506144	0.1984325
0.2444259	0.4053417	0.009969117	0.1168718	0.1771037	0.1728069	0.1766367
0.1583127	0.3657958	0.006510691	0.1863115
0.2833109	0.3254495	0.05879112	0.1544968	0.1766326	0.1519773
0.1865726	0.3638369	0.1717341	0.05298553
0.2670299	0.1134481	0.4094161	0.1710097	0.1957774	0.1262345
0.1475459	0.1036826	0.373484	0.01411767	0.1799168	0.2124827	0.2345125
0.1632083	0.01171874	0.3303276	0.1310144
0.1730374	0.027161	0.376621	0.1826459	0.2648941	0.05081183
0.125954	0.01323543	0.330249	0.1818426	0.1576612	0.143967	0.2630832
0.2577308	0.001133826	0.4069011	0.2405474	0.3211134
0.2972051	0.0008776111	0.3770071	0.1631061
0.2457796	0.0005827488	0.3927314	0.1612127	0.1962611	0.0662163
0.1725007	0.002965381	0.391726	0.1257051	0.2543972	0.1719291
