SurvivalProbabilities
0.3265714
0.3341979	0.3905675
0.35561	0.3367994
0.2738606
0.3163769
0.4081352
0.3177804	0.3044991
0.3056458	0.2849129
0.27848
0.3362736	0.2704438
0.3123968
0.3485929
0.3566858	0.3828844	0.368372

0.4164338	0.4215829
0.3688942	0.395217	0.3638003
0.2792235	0.3290773
0.3202523
0.2973216	0.3293557	0.3709205
0.3431782
0.3418079
0.4125338

0.4360913	0.3802528

0.3685804	0.3279069
0.3455556	0.3242056	0.3281564
0.3748738
0.4038547	0.3216198
0.3445844	0.3660621
0.377249	0.3666759

0.3634882	0.3886917
0.3225853	0.3412149

0.3191603

0.3216172

0.3842567	0.4002867
0.370248	0.3742095	0.3871827
0.4074762	0.3854081	0.3449102
0.3619233	0.3008053
0.3223102
0.2996586	0.3930729	0.3878835
0.3817705
0.3758464
0.3482024	0.3176931	0.3312369
0.4482373	0.3668484
0.3561388	0.3051061	0.3198488
0.3722679	0.3558997
0.3316962
0.3502015

0.3391389	0.3996174

0.4047544	0.3797622	0.3471776
0.4018233
0.3519329	0.3299268
0.3877141
0.2809358	0.4869418
0.317684
0.3485698
0.3695194
0.3835858	0.3820639	0.3450213
0.3703775	0.3559405	0.3834036	0.451612
0.2848316	0.3251013	0.3609155
0.3358154
0.3743228	0.3713138
0.3686409	0.3488725
0.3903812
0.3362103	0.3272166	0.376792	0.3640464
0.3183517	0.3730513	0.3810642

0.2910618
0.3223194	0.2624536
0.2999175	0.3147471
0.292829	0.3101838	0.327408	0.3263654
0.3686562
0.3406356	0.3700511
0.3638975	0.3224101

0.3586431	0.4005505	0.3338139
0.3669195
0.3873814	0.3804054
0.3489685
0.3939129	0.3179803

0.365841	0.3794892
0.3348129	0.3738314	0.3934303
0.280407	0.353331
0.4184454	0.3574867	0.3136064	0.2874916	0.2766735
0.3558244
0.3425511	0.3586075
0.3320866	0.3384484
0.3689891	0.3542722	0.382496	0.358279
0.3019728
0.3784265	0.5000927
0.326565
0.3463347
0.3318033
0.3260425
0.397917	0.3740029
0.3098667	0.3379607	0.3429013
0.3417716	0.4450613	0.3980135	0.3607

0.3705834	0.3521956	0.394103
0.3363128	0.3778219	0.2952352


0.2856458	0.4415015


0.2782248
0.4156653	0.382113	0.3946132
0.3678544
0.3974005	0.2955698	0.3344619

0.3782549	0.317187	0.3776094	0.3687663
0.4425688	0.3151241
0.315663

0.3810629
0.3692252	0.3503862
0.3401258	0.3894458	0.317557
0.3837625	0.3103973	0.3791154	0.4341867
0.3163975	0.3299048	0.2807224
0.3605908	0.3309454	0.3060256

0.3261788
0.4148461	0.4090692
0.3770655
0.3523307
0.3682397

0.3429153
0.3423716	0.3508525	0.3353946
0.3338341	0.3278768
0.3458026	0.3719334
0.3564464	0.3377743
0.3427634
0.375123	0.3408268	0.3182702
0.3049374	0.3658808	0.3202112
0.3590354	0.3665983	0.3508128
0.3854608
0.3790673	0.2591719	0.2944306	0.3656986
0.4222493	0.3977729	0.3483135
0.3753551
0.2898354	0.3099954
0.3264484
0.3192031	0.415382	0.385133
0.318317	0.4056994	0.3560387
0.3375744	0.3250241
0.347788	0.4094754	0.4038692
0.3258756
0.3726413	0.3376449
0.3577903	0.3657091	0.3118145	0.3168174
0.3001995	0.3637684
0.2931409

0.3432087	0.3729023	0.3149739
0.3447163	0.3609073
0.3082856
0.3410009	0.3038503	0.3713163
0.3724149
0.3819742	0.394652
0.4025491
0.4019894	0.3432215	0.3705773
0.3729842
0.3864585
0.3378019
0.3611999	0.4007986



0.4296557	0.3893454
0.31751	0.3309029
0.3509682	0.3733802	0.2827744	0.389741
0.3402793	0.3655254	0.3399384
0.3813833	0.3736747
0.3678415	0.2967502
0.2714903	0.3329299
0.4353978	0.379334	0.3937218
0.417156

0.3602187	0.3227719
0.2774845
0.2749878
0.3941811
0.3685703
0.3250615
0.3345427	0.3342943	0.3702388	0.3569342
0.3691081
0.3667663
0.3573531
0.3410875	0.3467087	0.3524821
0.3558196
0.3553973	0.3168769
0.3251943

0.3812507	0.2759489	0.4004162
0.3719346	0.3565595	0.3740817
0.3964064	0.3471848
0.3361562
0.4136594
0.3204118	0.3350468
0.3857603	0.3410667

0.375227	0.3970856	0.3696528
0.3672094
0.2976213	0.3338268	0.3104535
0.3383301	0.3334282	0.2919725
0.3519078	0.2849037	0.3798839	0.3516942
0.2901813	0.3829473

0.3572763
0.379854	0.4367951
0.3178013	0.3565622	0.3330017
0.3180324	0.3695967	0.3469441
0.3750572	0.3885412

0.311202	0.3335226
0.3239445	0.30537
0.3384781	0.3122394
0.2835929	0.4354673
0.3503514
0.2918321
0.2989615	0.3253263
0.3511239	0.3812387
0.3691827

0.3772904	0.3795653
0.3522063	0.333344

0.3561087
0.3443697
0.3542531	0.3803336	0.33181
0.2997345	0.3885239	0.3454836	0.3164131
0.3280272	0.3525083	0.4043755
0.3620792	0.3532656

0.3643333	0.3811541
0.3433471	0.3584071
0.3274304
0.3432622	0.3389851
0.3400013	0.3630147
0.3173829	0.4450874	0.4206156
0.3395869	0.3461796
0.369728	0.363153

0.31191	0.3251919
0.3070067
0.2960013	0.2795572	0.4141033	0.3692951
0.33539	0.2901829
0.3169953
0.382714	0.4363121
0.3278397
0.3664409	0.2967908	0.4604758
0.3484421	0.3727037
0.3668909
0.331037	0.3624644
0.3173935

0.3428092
0.3743081	0.2792247
0.3455632
0.3211951	0.3817267
0.3340253	0.3792427
0.2970371
0.2917603	0.3212262	0.4202184	0.3158227
0.3433049	0.3267925
0.2608156	0.4176176	0.427341
0.3281568
0.3733211	0.42697
0.3944566
0.3733517	0.2790917	0.3446426
0.3742701
0.3430545
0.30043
0.3413681	0.3267003	0.326217
0.3654882	0.3516608	0.3695388
0.3371533
0.4139043	0.3456641	0.3437844
0.3400961	0.2485812	0.3247264	0.3557546
0.3856904	0.3790037	0.3994073	0.3349006
0.3941451	0.3896785
0.3096502	0.3206381
0.3527016	0.3467327	0.3431838
0.4121459	0.3535655	0.3451732	0.4337679
0.3502372	0.3561357
0.4102859	0.3889404	0.3975172
0.3363978
0.351182	0.3994368	0.3951833
0.3983106

0.279419	0.348654

0.3137037	0.3532499
0.3608762
0.298514	0.3651396
0.2763007	0.325214
0.3533759	0.3723261
0.3882178	0.3505447
0.3171802	0.370349

0.3429181	0.4350616	0.3865671
0.3578802	0.3561198	0.3357032
0.3422765	0.3579964
0.3332211	0.3309072	0.3545173
0.3020166	0.3840652	0.3341235
0.3342926	0.3451765	0.3168392
0.3100711	0.3758451
0.3248397	0.3237228
0.3459701	0.401503
0.276968	0.3426628
0.4257477

0.304551
0.3405259	0.3450722
0.3098737
0.3033381	0.3560029
0.3237658	0.3960553
0.3438308
0.3393939
0.4543402	0.3540166	0.3197225
0.3960689	0.3599232	0.3817342	0.3404663
0.3184984	0.3681125	0.3431911	0.3310973
0.3683676
0.38731


0.360864

0.3079434	0.3445505
0.3686137	0.3157577	0.3140419
0.3725815
0.3653071	0.3439118	0.3152607
0.3639673	0.392209
0.3486426
0.3317563	0.3600364
0.352591	0.3281333	0.3391268

0.3870036
0.3461008	0.3750915	0.3670063
0.2982861
0.4127838	0.3583694
0.3171578

0.4320304	0.3179012	0.3774537
0.3234303	0.3549612	0.3555064
0.4036478	0.3466841
0.2766818	0.3486562	0.3802036	0.3910808
0.3604211	0.3365381
0.3466699
0.360367
0.3438538	0.3972969
0.359665

0.3056783	0.4121107	0.2919193
0.2857951	0.323384
0.3412915	0.3153158
0.3589518
0.3589649	0.402485
0.3497579	0.3600096	0.3276147
0.3616827
0.2683197	0.3259798	0.3335314
0.3602841
0.3536056	0.289825	0.315622
0.3583638	0.3595475	0.3152575	0.3651816	0.3093207
0.3134887	0.4216296	0.3754302	0.3335587
0.3060212	0.3569496	0.4510487	0.2629148
0.3192336	0.4156449
0.3504517	0.3283666
0.3492182	0.3948198
0.3902795	0.4281632
0.3347775	0.374292
0.3311224	0.3021184
0.3521191
0.3425089	0.3745671	0.3732412
0.3735277
0.3613316
0.3046187
0.3289485	0.3848287
0.3593136	0.3413909
0.3720274	0.354862
0.3314054
0.3357312
0.4089931	0.3311995
0.4303101
0.3916961	0.3568178
0.423599
0.354727	0.3340467
0.3577215	0.4450667	0.3467678	0.3968304
0.362537	0.3414502
0.2999999
0.3152019
0.3981071
0.3243623	0.3495346
0.3102454
0.4043987

0.3329545	0.4113623


0.3504492
0.3255211	0.3264797
0.3214079	0.3788337	0.3497455
0.351538
0.3174616
0.367733
0.3893392	0.46636	0.4018549
0.3287454	0.3711675	0.3944229
0.3846482

0.3656159	0.3679698
0.2830791	0.3457651	0.3265151

0.3473483	0.3305052
0.3639074	0.3877291
0.3297334	0.4041096	0.2963715	0.3472523
0.3540921
0.3600585	0.3563302	0.3785593	0.3789002

0.3550241
0.3650705	0.4267443	0.3757291
0.3544902	0.4443722
0.3214694	0.3641106

0.3822829
0.3781741	0.3788163	0.3989249

0.2920832
0.2870142	0.357176
0.3266808	0.2637931
0.2867569	0.3807889	0.3449236	0.353099
0.3850008
0.3998564	0.3530618	0.3750319	0.3271512
0.3614942
0.3581734
0.3741861

0.2982945	0.3686632	0.3796982
0.3275463
0.3403038	0.2622373	0.342586	0.3515062
0.3336772
0.3172873	0.342277	0.3389838
0.3231904

0.3236876


0.3369715
0.3553297

0.372607
0.3717727
0.3233538	0.3777287
0.3959193
0.302461	0.3078389	0.3303424
0.3758258
0.3236931
0.2939792
0.345454
0.4601226	0.3484893
0.3808336	0.3042865
0.3426419
0.3255713	0.3925314	0.409299


0.3145479	0.3780926
0.3699006	0.3178082	0.3504542
0.3089001	0.3650074	0.3808873	0.3182571
0.34169	0.2989912
0.3677352	0.2909595	0.2820477	0.3805926
0.2886933	0.3545429	0.3061699
0.345456	0.3108079
0.3479677	0.3477043
0.3041504	0.4383357
0.3221763	0.3180235	0.3858911

0.3367583	0.3033857
0.3415102	0.325041	0.4464152
0.4059299	0.3354804	0.4111944	0.3282904
0.3479562	0.3542452	0.3331209	0.2983742
0.3612726	0.2912726	0.349447
0.3385277	0.3062634

0.3936579
0.3265501	0.38025	0.3508011
0.3729651	0.3594884	0.3598114
0.3484327	0.345923
0.321304
0.3311034
0.3550677	0.3432386
0.3154764	0.3108098
0.3282459	0.3335001	0.3768493	0.349923
0.3545267
0.3185283	0.3816321	0.3428929
0.3061763
0.3280077	0.446689	0.2934229	0.4134949	0.3109705
0.359326	0.2612337	0.3058972
0.320589
0.3765793	0.3080523
0.4007609
0.3929731
0.3581904	0.3192719
0.3056459
0.2952698	0.3360989	0.275269	0.3593053
0.3059315	0.3895598	0.3696233	0.3439854
0.2735196	0.3665777
0.3435451	0.4072124	0.2940891	0.3517968
0.3211252	0.3499645
0.3718244	0.3018117	0.3324809
0.3136618	0.3515186	0.376224
0.3746757	0.3747449	0.3346248
0.3427759
0.3078682	0.3873908	0.35588
0.3396734	0.2890821	0.3215312	0.3095374
0.3962756	0.3024138	0.3608331	0.3309265	0.378807
0.3331583	0.3052087
0.3130205	0.3344672	0.3426096	0.331655
0.344453	0.3194474	0.3609952
0.3780972
0.3747163	0.3081727	0.4033316
0.4131152	0.3657089	0.3492392
0.321845	0.3291967	0.3497303	0.4071274
0.3260089	0.2762269

0.375722
0.3720477
0.3426026
0.3575355	0.3267827
0.3987145	0.3675929	0.3778829
0.3122727
0.3054302
0.2999391	0.3365686

0.3174103	0.4139246
0.3488734
0.3598212	0.4077491	0.344958
0.3003429	0.3212528	0.4482736	0.3226058
0.2542409	0.3188343
0.3591639	0.3765006
0.3486005	0.3361718
0.3491659
0.3524737	0.388528	0.3116665
0.3385448
0.3640112
0.3683165	0.3248128
0.3140311
0.3434445	0.39031
0.3307619	0.3741407	0.355807
0.3530614
0.3500019	0.3984781
0.3675628	0.3559352
0.2590387	0.299196
0.3009644	0.4066154	0.3805335	0.4042062	0.3451573
0.3315589	0.3160102	0.3669987	0.4086787	0.307269
0.4145388	0.3229869	0.4142796	0.3795534
0.328533
0.3688646	0.4161728
0.3485839
0.3247611	0.3391176
0.364216
0.3196932	0.3749202
0.3884929
0.3328633	0.386899
0.3498895	0.3890852
0.3436563	0.3401638
0.3373517	0.3861694

0.3623548	0.4468809	0.357444	0.3527939
0.2972396	0.389591	0.3460444
0.2951308	0.3501336	0.4351623	0.3737111
0.3585345	0.3218192	0.4405021
0.3226949
0.3611748	0.399022
0.3231003	0.2724604	0.4267506
0.2988352	0.355844	0.3170482	0.3554487
0.3288595	0.2997354
0.3377568
0.3262021
0.3388133	0.3791519
0.2510369	0.3268356
0.3601338	0.4624337	0.3331716	0.4287707
0.3493418	0.3086393
0.3934113	0.3160842
0.2999901	0.2909634	0.3261155	0.3314335	0.3396439
0.3680198	0.3467268
0.3201184
0.3511951	0.2901229	0.3154854
0.3795901
0.4240015
0.3433035	0.3044473
0.3667236	0.3838075
0.3762228
0.3849268
0.3172231
0.3110161
0.3302559	0.3075465
0.3588275	0.3444234	0.3744075
0.3275226	0.3358466
0.3926358	0.3766935
0.3048148	0.3700051	0.3454626
0.3077822
0.3003076	0.3549356	0.3988693
0.3194592
0.3613299	0.3581218
0.4005898	0.3379227	0.3207453	0.3592048
0.3695818
0.3461515
0.3076067	0.3462967	0.4087158	0.3259908
0.3395911
0.326628
0.3509505	0.4174087
0.3424501
0.3855542	0.3626105	0.3837352

0.3443137	0.3889958
0.3486496
0.2911058	0.3258972
0.3573915

0.3152219
0.3352896	0.3396865
0.327085	0.2876886
0.3743634
0.4201555
0.4028937	0.3971189

0.3270293	0.3798981
0.3472981	0.3044397	0.2950979
0.3865214
0.3309048	0.3688922
0.3525644
0.3417587	0.2922699
0.3265448	0.3217263
0.3533899	0.3518037
0.3076471	0.3945452	0.3532908
0.4261368	0.2905731
0.3289327	0.3752987	0.3611042
0.3643412	0.3742461	0.3526519

0.3707009	0.3279967
0.386064	0.3852659
0.3485932
0.3355818
0.37098
0.3022161	0.3144582
0.3414833	0.4313257	0.3538649
0.3871031	0.3258535
0.342625

0.4190748	0.358452
0.2933398	0.3191605	0.3506708	0.3629331
0.3047223	0.3484027
0.2934097	0.4471686
0.4096693
0.3297873	0.3575109	0.3391879
0.345593
0.3164438	0.340122	0.3398608
0.3219157	0.343596
0.3069594	0.3484616	0.3299856	0.3859424	0.3403166
0.4492115	0.3720959
0.3679479

0.3757974	0.3908215
0.3477797	0.3708811
0.3307779	0.3691028
0.3464179
0.3079979	0.3935707
0.404653	0.4247241	0.3427752
0.3486618	0.3560268	0.4221042	0.428085	0.2960475
0.3221168	0.3281179	0.2788307	0.3504601	0.3393787
0.4082882	0.2899434
0.3329686
0.3759973
0.3704446	0.2805444
0.40288	0.3552155
0.3188259	0.3788874
0.3493307	0.3420425
0.3839324	0.3861198
0.3302118	0.372464	0.3915991	0.3922991	0.3245216
0.3009178	0.3451179	0.287487
0.3988506	0.3128725	0.3005582	0.3456868	0.3185895
0.3582012	0.3588561
0.295819	0.352356	0.3227496	0.3874377	0.3955015	0.302135
0.3308225	0.3656873	0.3528013	0.3249304

0.3665437

0.287374	0.3278675
0.3120503	0.3858466
0.3645	0.404434
0.3228487	0.3353322
0.3411469
0.3148575	0.3559818	0.3981	0.2512525
0.3377727
0.3657582
0.3447066

0.3775248	0.3354404
0.2727935	0.3415121
0.29403	0.3491464
0.3776409	0.3715503
0.3197916

0.3762181	0.3342656	0.299035
0.2967351
0.3870139	0.2965165	0.3164251	0.3727051
0.3291936
0.4219424
0.3907805	0.3171398
0.304042	0.3688823

0.3353781	0.3284698
0.3331932	0.4049215
0.3339223
0.3193979	0.2678277
0.4170104	0.3292579
0.3282963	0.3667005	0.334879
0.3398898	0.3146571	0.3088874
0.3541758
0.3134605	0.3715298
0.4176418	0.367186
0.3272115	0.3752422
0.3431367	0.3230721	0.3393422	0.3826978
0.3084016	0.3271297
0.3794818	0.3546958	0.3146754
0.3720355	0.4432237	0.4201496
0.3235683	0.3267865
0.2930935	0.2931046	0.3606246
0.3442428	0.3400545	0.3342458
0.2650147	0.381337	0.3234779	0.3750015	0.3582709
0.3494132	0.3576789	0.3349815
0.3737962	0.3036386
0.4485298	0.3833343	0.3800583
0.3554928	0.3078202
0.3492703	0.38768	0.3243518
0.4159573	0.3601914	0.3001135
0.4106475	0.3135307
0.3209459	0.327312	0.3471213
0.3682622	0.3641076	0.3680797
0.3831601
0.2775972	0.3741525
0.3840713

0.3709067	0.3734712
0.2898131	0.3749481
0.3398179	0.3441082
0.2837283


0.3118612	0.3701053	0.3979461

0.4082147	0.303815
0.3785149	0.3814073	0.3020377
0.3712971
0.3080244	0.3653013
0.2953934	0.3342195	0.3667148	0.3175348	0.3278167
0.4045046	0.3073683	0.3702072
0.2939841	0.3653821	0.3400328	0.3783167	0.3298798
0.2621237	0.3302055	0.3814281	0.3351003
0.3511139
0.3427347	0.325818	0.4267328	0.3560444
0.4171577	0.2892386	0.350212
0.4029498	0.3825551	0.3053194	0.4276316
0.3762569	0.2734147	0.3458996
0.3602312	0.3256538	0.3598719	0.431148
0.4265433	0.3236551	0.375896	0.3832974
0.4135966	0.3241852	0.3886267	0.3768115
0.3299737	0.3979826
0.3653173	0.2945354
0.3177498	0.3814887	0.3729315
0.3717382
0.3639877	0.31789	0.3258045

0.3666189	0.3186389

0.3135431	0.4040535
0.3612278
0.3421745	0.2781502
0.3487019
0.3398047
0.2796858

0.3978232	0.4042877
0.2889181
0.3360739
0.3399477	0.3481664	0.3265806
0.3228545	0.346007	0.4348577
0.3193095	0.4007192
0.359692	0.3954012	0.3568795	0.3673006
0.3785195	0.3616708

0.2987256	0.3407805
0.4181206
0.3192417	0.4064051
0.3127264
0.3108565	0.3801424
0.4093976	0.3965859	0.3838078
0.3579508
0.2950992	0.3703389
0.3214512
0.3846429

0.3628565
0.350902	0.3049182
0.4060185	0.3724092	0.3665677	0.3743858

0.3280153	0.3765363
0.373318	0.4046478	0.301764
0.3619111	0.2565659
0.3674176	0.317102	0.4001093	0.4204263	0.3549584
0.3881781	0.3070618
0.3139816
0.2892031
0.4101311
0.3694543	0.3426213	0.3496413

0.2861233
0.3158166
0.3629125
0.3540077
0.3740419	0.3463692	0.4140012	0.3972961
0.4171224	0.3236498	0.3916163
0.3241829
0.3750809
0.325184	0.3066803	0.3577089
0.4089167
0.320219	0.3245242
0.2906444	0.4008879	0.3994261
0.3880208
0.3780308
0.4145763
0.3524506
0.3119149	0.3762956
0.3607013

0.3352678	0.349601	0.3034578	0.3268567
0.330392	0.331986	0.3038947	0.4356763
0.3668827	0.403928	0.3760475	0.370737
0.343545	0.3317236	0.3352769	0.3467517	0.3156368
0.3395762	0.3031019	0.3642142	0.3214678
0.2582309	0.3658945	0.3608186
0.286017	0.2841757
0.294516	0.3267309
0.3800884
0.3484307

0.4163393	0.3358157

0.3882673
0.303342	0.348255
0.3438988
0.3918245	0.4017063	0.3482363
0.3197459
0.351679
0.3637718	0.3544968	0.3597052	0.3279263
0.2967476	0.313927
0.2868321
0.3896993
0.3261045	0.2638975
0.3423169	0.3847948	0.3436648
0.317971	0.3700032	0.3488397
0.2818787

0.3069083
0.3144238	0.3319293
0.3338693	0.3366457
0.3796032

0.399718	0.4124286	0.3141253
0.3408249

0.3180016	0.3752178
0.3996282	0.3588573
0.316891	0.337041	0.3373879
0.3184464	0.3927247
0.3855727
0.3340987	0.3489012
0.3773352	0.3380745	0.3602348
0.3791042	0.363528
0.4156742	0.2991163
0.3402788
0.318885	0.3338323
0.302869
0.3833116	0.3744741
0.3568424
0.3305807	0.4003576
0.3406799	0.3859185
0.3575837
0.366888	0.3172188
0.4099902
0.3435717	0.3990464
0.2926008	0.3501925
0.2959656
0.3406161
0.3359732
0.3129524
0.3388851	0.3903036

0.4275091	0.4166212	0.3654416
0.3443532	0.3424005	0.4222059

0.3462893
0.3226035	0.367954	0.2925218
0.3822929	0.3939962	0.3022728
0.3487642

0.3843569	0.3275137
0.3850532
0.4111305	0.3476741	0.2845286
0.3952314	0.3088617	0.3495328
0.3518613
0.3236935	0.3525595	0.3923487
0.3104211	0.3518887	0.3584718
0.3582834	0.3430708	0.3664397	0.3555912
0.3424069	0.3132208
0.3674429	0.392713
0.357151
0.4767302

0.3728176	0.3611664
0.3039213
0.3145458	0.3706027	0.372444
0.3229819
0.3015717
0.3705089
0.3608776	0.329374
0.3725178	0.3860108
0.40169	0.3275593
0.4297761
0.3254661	0.3428335
0.3404775	0.4087916	0.32182
0.3226196
0.3383399	0.3741153	0.3365626
0.3662633
0.3637222	0.3006829
0.3276714	0.3541385

0.312018
0.3006958	0.3725553
0.3812668	0.3271246
0.3656615
0.3298519
0.3575064	0.4221564
0.4016361	0.3117003

0.3787248	0.319229	0.3374859	0.3351662


0.3479463	0.3266614	0.3795855
0.4025263	0.3343744	0.4106236
0.3593495	0.2956619
0.375676
0.4356008
0.3735532
0.300154	0.3265448
0.3864263	0.3364424	0.3936677	0.331828
0.3091809	0.3213311	0.3449643
0.3488621	0.3683504
0.3346535
0.4261373
0.3574256
0.335832
0.2840677
0.4036352	0.4206303	0.3238314
0.3942545
0.3034107	0.396488	0.4010766	0.3117266
0.3536066	0.3385846	0.2977956
0.3552508	0.4309505
0.3318073	0.3462977
0.3008059	0.3688791
0.3572536	0.34598
0.3362649	0.3733387
0.3561886	0.3316801
0.4041305
0.4178568
0.3220802	0.2983218	0.3193396
0.3969736
0.3100894	0.3893181
0.3697512
0.3088232
0.3371405	0.3372327	0.4193191	0.3772018
0.3261879	0.3841056	0.3564443	0.3444626
0.4786666	0.2862032	0.3609277
0.3484029	0.3514268
0.3382156	0.4103852
0.3704318	0.4172958
0.3487341	0.3373486
0.3860015
0.3634201	0.3365129
0.326078
0.3734712
0.4265709	0.327044
0.334578	0.4358679
0.3530655
0.2982916
0.3581202	0.3495841	0.3296698

0.3024782
0.3457066

0.3511606	0.3757027	0.425063
0.3460695
0.413545
0.4545906	0.2913744	0.342713
0.337533	0.311312	0.3240312
0.3132594	0.316707	0.2985738
0.3763351	0.326361
0.3448554	0.3490108	0.3924059
0.309804
0.3777949	0.3284434
0.3597879	0.2907755	0.3653869
0.3873825	0.3459986
0.436839	0.3380162
0.3463504
0.3102854	0.3621381
0.3926196

0.3421216	0.3099606	0.3283556
0.3392545	0.3209513
0.2640268
0.4279097	0.3602271
0.3279043	0.3696416

0.352808
0.3662079
0.3249809

0.3547436	0.3198867
0.3224852	0.3471157	0.2787107
0.3844712	0.3161052
0.3258915
0.3191024

0.3870431	0.3552799
0.287314	0.2901907
0.3782792	0.4178024	0.2912951

0.3904676
0.3489403	0.3224274
0.2775955	0.3135072
0.3906831
0.2742223
0.3842515	0.3766972
0.3535745	0.3170764	0.35989
0.4416751	0.3147717	0.3647198	0.3651935
0.355223	0.3823557
0.3569482
0.3634314	0.4148653
0.3393875	0.3774388
0.286602	0.3603174
0.3631128	0.3477458
0.3764288	0.3354219	0.3690937
0.3335957	0.3291452	0.3438982	0.3547959	0.3682345
0.349299	0.3653593	0.34506
0.3544619	0.3709339
0.3954137	0.3990168

0.3556139	0.3181588	0.3967313
0.4242435	0.363151
0.3261242
0.3728218	0.3294916
0.3002565	0.3832516
0.4460244	0.3575689
0.3607324
0.367004	0.3302016	0.3295708	0.411729
0.3071071
0.3881301
0.3683012	0.3203874
0.3655377	0.3678501	0.3569241	0.3825376
0.355741
0.3911621	0.3388838
0.4373406	0.3585274
0.3726598
0.4231547	0.2732936
0.3161294
0.3879874
0.3560569
0.3951497	0.3796774
0.3362484
0.3551326
0.345682	0.3608736	0.3834303
0.3390801
0.4004236	0.3447324	0.4064693
0.3109114	0.3583465
0.357976
0.278595
0.3171878	0.3798583
0.390306
0.3521217	0.3122939
0.3788062	0.3371711	0.3931539
0.397037
0.3561127
0.371697
0.4313224

0.3350639	0.3740435	0.3010071
0.3574817

0.3535101
0.3920479	0.3661409
0.3402344
0.3609737

0.3316756
0.3292138	0.341467
0.3489262
0.2546514	0.2991409
0.3750635
0.3525415	0.3146028
0.2810758	0.345186
0.3545989	0.3342621
0.3122174
0.3234738

0.3502567
0.3917892


0.3924411	0.3760144	0.3444948	0.4064407	0.3673719
0.3502665
0.3595962	0.3699047	0.3419997	0.3501633
0.3386185	0.3135483
0.3665271	0.4384699	0.3360068

0.289751	0.4056852

0.3790953	0.3386828	0.347998
0.3521645	0.3965327	0.3518051
0.3641832	0.3518314

0.3197089
0.3545776	0.3232855
0.421021	0.3336528	0.3754267
0.3884468	0.3383925
0.3351009
0.2942361
0.3363719
0.2727595	0.3179539	0.4223246
0.3122159
0.3042257

0.3005197	0.3628285
0.3853569
0.3936537	0.4172335
0.3625969	0.3867059	0.36462
0.3528116	0.3528578
0.3521736

0.3807586	0.410559
0.3221952	0.3284242	0.2989667
0.2973587
0.3383249	0.3848807

0.3507451	0.3734369
0.3097675	0.3732692	0.3407285
0.3122768
0.2898185	0.3604119
0.3373582	0.3014467	0.3537758
0.4019791
0.319694
0.308756	0.3707772	0.3509676
0.37028
0.3305904	0.3356864
0.3823682
0.2757999	0.3068228
0.3917763	0.399575
0.3956218
0.3626399	0.3939934	0.3865739	0.3067362
0.3209365	0.3858679

0.3530837	0.4227566
0.3149998
0.3525605	0.3094753
0.2924829	0.366179
0.3104641	0.3363718	0.3362098
0.3764336	0.4010684
0.3304181	0.3477699	0.3894841
0.323075	0.307027	0.304767


0.3131697	0.3278763	0.3972572	0.31511
0.3478337
0.3922988
0.3516094
0.3277209
0.3988907	0.3651189
0.3431944

0.2966363	0.2690335
0.3209747	0.2951636

0.3181684	0.3345709	0.350782
0.3439497	0.3699552
0.3575199
0.3500541
0.4704819
0.4106266
0.2900503	0.3973971
0.345946
0.4024024	0.3649243
0.3559891	0.3723183	0.3251389	0.3889123
0.3673027
0.3784085
0.3410914	0.3581643	0.2957839
0.4153064	0.307512
0.3114545
0.3045572
0.3135566

0.3004886	0.3603636	0.3890744
0.3126151

0.368061
0.3239252	0.3049999

0.3866272	0.3837193	0.3332468
0.3451552	0.2890615	0.3222259	0.3666404
0.3721368
0.3294347	0.347617
0.3572063
0.3167646
0.3660257	0.3062054	0.3183689	0.29738
0.3880298
0.332787
0.3933936
0.3015225	0.2951127
0.3143801	0.3230385	0.362341
0.4108882	0.3816307	0.3697596
0.3584736	0.4018614	0.2750903	0.3402717
0.3278332
0.3145064
0.3580574	0.461978	0.3622327	0.3772732
0.3935572	0.3129309	0.3342329
0.3974897
0.3055806	0.288894	0.2929272
0.4135589
0.3357248	0.3442899

0.36237	0.3544414
0.3672316

0.365979	0.3352853

0.3250426	0.366834	0.2815196


0.3186678
0.3382385	0.3558201	0.3307745
0.3860642	0.3038057	0.3603995
0.3993341	0.3762861
0.3144595
0.3572013	0.3464044
0.3107592	0.4040524
0.3412135	0.3658981
0.3648276	0.2971384	0.3431122	0.376398
0.3505842	0.4131767
0.3037366
0.3626805	0.371539
0.3068378	0.3621742	0.3579528

0.3693937
0.3446269
0.3074323
0.3378099	0.4074909	0.3919198

0.3684756
0.3091013	0.2878363
0.3407823	0.3072631
0.4231986
0.2878644	0.3476	0.3803421	0.3287247	0.3321837
0.3555946	0.331861
0.3110755	0.3086936	0.3216229	0.3601273
0.3893302	0.4069204	0.4036808	0.3423464	0.2978958
0.390687	0.3388073	0.2825259	0.3424066	0.362684
0.3526139
0.3338464	0.3841319	0.3653241
0.419096	0.3836948	0.3219642
0.3203804
0.3655372	0.3047954
0.2716782	0.3395712
0.338099	0.3568086	0.3912802	0.3278886
0.3055456	0.3292838


0.3542901	0.2809571
0.3399783	0.309375	0.240661
0.3694153	0.3014148
0.3512872	0.2928004
0.4028824
0.3273068	0.3710242	0.2922088	0.3057822
0.2640231
0.3804908	0.3338314	0.401273
0.3095919	0.3574198

0.3430469	0.3441698	0.3092017
0.351172
0.2740672	0.374513
0.339637	0.3104114	0.3311236
0.3445525
0.3359699
0.2949097	0.3597875


0.335141
0.2823752
0.39989	0.3487418
0.3292597	0.3574801
0.3523135	0.4180414	0.3692679	0.2987236
0.2751251	0.3277707
0.3504982	0.3655611	0.3824236
0.3101591	0.3321206	0.3464106	0.341187	0.3490054
0.3446094	0.3674745	0.3439217	0.3591666
0.416304	0.4127342	0.3620434	0.4182961
0.3523629	0.3734837	0.3651229	0.3319094
0.3442744	0.2652159
0.3590956	0.388361	0.3657853
0.3089481	0.3750977

0.3830695	0.3790943
0.3427544	0.3343932
0.3436884	0.3586282	0.3409718
0.2832055	0.3534492	0.4095852
0.3385645
0.3467517	0.3237962
0.3502818
0.321767	0.39479

0.3429457

0.3813417

0.4008228	0.3457178
0.3358952	0.3004696
0.2512871	0.3372635	0.3345315
0.3263543
0.3599777
